5.1138800825840473e8	6.046677129359796e8	6.0	44.0	0.0	0.08163265306122448	0.21630094043887146	
4.9796608298194927e8	6.06559358952214e8	3.0	47.0	0.0	0.08163265306122448	0.17272727272727273	
4.971181687143807e8	6.10517303719425e8	2.0	48.0	0.0	0.08163265306122448	0.20245398773006135	
4.988828989161874e8	6.191980642293061e8	7.0	43.0	0.0	0.08163265306122448	0.2537764350453172	
5.226545407554085e8	5.948170704778557e8	17.0	33.0	0.0	0.08163265306122448	0.1910828025477707	
4.9743776663098043e8	6.02863007861699e8	11.0	39.0	0.0	0.08163265306122448	0.2123076923076923	
4.9691499236670816e8	6.518609226742867e8	0.0	50.0	0.0	0.08163265306122448	0.16023738872403562	
5.2330162865073824e8	6.348372797311487e8	6.0	44.0	0.0	0.08163265306122448	0.24074074074074073	
4.988548167371316e8	6.29618515061535e8	0.0	50.0	0.0	0.08163265306122448	0.21686746987951808	
5.0647589532644445e8	6.396381110336585e8	1.0	49.0	0.0	0.08163265306122448	0.11676646706586827	
5.832797371362691e8	5.536785973886601e8	30.0	20.0	0.0	0.08163265306122448	0.234375	
5.0187374076271766e8	6.362861796491855e8	0.0	50.0	0.0	0.08163265306122448	0.1753846153846154	
5.009201248326656e8	6.496666354007907e8	0.0	50.0	0.0	0.08163265306122448	0.17220543806646527	
4.911717779279288e8	6.258660237399371e8	0.0	50.0	0.0	0.08163265306122448	0.12883435582822086	
5.011030392048515e8	6.106296828319497e8	3.0	47.0	0.0	0.08163265306122448	0.16037735849056603	
4.930075292046006e8	6.248679191057615e8	3.0	47.0	0.0	0.08163265306122448	0.17647058823529413	
4.915924483092299e8	6.040416506405872e8	8.0	42.0	0.0	0.08163265306122448	0.1956521739130435	
5.146596479522302e8	6.556407139667671e8	0.0	50.0	0.0	0.08163265306122448	0.19504643962848298	
5.302846674173156e8	5.881748294584205e8	15.0	35.0	0.0	0.08163265306122448	0.21495327102803738	
5.203941403524801e8	6.052811774233749e8	6.0	44.0	0.0	0.08163265306122448	0.14501510574018128	
4.8093615491474354e8	6.228379146256254e8	0.0	50.0	0.0	0.08163265306122448	0.1716867469879518	
5.028327059440875e8	6.297396154457511e8	5.0	45.0	0.0	0.08163265306122448	0.1892744479495268	
4.941204913613045e8	6.231582631347224e8	1.0	49.0	0.0	0.08163265306122448	0.22865853658536586	
5.1107308446978074e8	6.543705474427605e8	0.0	50.0	0.0	0.08163265306122448	0.147239263803681	
4.8352859577788746e8	6.358532036439118e8	0.0	50.0	0.0	0.08163265306122448	0.15838509316770186	
5.2780241623159015e8	6.425656759088602e8	0.0	50.0	0.0	0.08163265306122448	0.11782477341389729	
4.9364433972101957e8	6.004345529357574e8	12.0	38.0	0.0	0.08163265306122448	0.19936708860759494	
4.942905723664954e8	6.135478276016922e8	0.0	50.0	0.0	0.08163265306122448	0.14678899082568808	
4.889981966301311e8	6.022230036320736e8	7.0	43.0	0.0	0.08163265306122448	0.19090909090909092	
4.9968541325307596e8	6.000954425688035e8	12.0	38.0	0.0	0.08163265306122448	0.20496894409937888	
4.982923571251913e8	5.993489445474384e8	5.0	45.0	0.0	0.08163265306122448	0.1875	
5.152622337927404e8	5.925140200697331e8	14.0	36.0	0.0	0.08163265306122448	0.20307692307692307	
4.9438289676431286e8	6.336909660427487e8	0.0	50.0	0.0	0.08163265306122448	0.18404907975460122	
4.952894175879343e8	6.473716407903862e8	0.0	50.0	0.0	0.08163265306122448	0.15501519756838905	
5.083008010545623e8	6.493728631880122e8	1.0	49.0	0.0	0.08163265306122448	0.11042944785276074	
5.0181322544462585e8	6.124046441028124e8	0.0	50.0	0.0	0.08163265306122448	0.22153846153846155	
5.030477634473615e8	6.070909385042596e8	3.0	47.0	0.0	0.08163265306122448	0.225	
5.020138630009614e8	6.299952554787185e8	4.0	46.0	0.0	0.08163265306122448	0.16770186335403728	
5.0239445113622767e8	6.180558305674343e8	2.0	48.0	0.0	0.08163265306122448	0.18292682926829268	
5.074269671260594e8	6.46109278212401e8	0.0	50.0	0.0	0.08163265306122448	0.18292682926829268	
5.1582488080805343e8	6.025801089375352e8	11.0	39.0	0.0	0.08163265306122448	0.2084592145015106	
4.994869873210367e8	6.314956858442364e8	0.0	50.0	0.0	0.08163265306122448	0.19207317073170732	
5.195074924026288e8	6.050941256090965e8	8.0	42.0	0.0	0.08163265306122448	0.23885350318471338	
4.861031041736922e8	6.356050680613365e8	0.0	50.0	0.0	0.08163265306122448	0.1458966565349544	
5.0504823654413784e8	6.291607849751685e8	2.0	48.0	0.0	0.08163265306122448	0.24375	
5.010952643880271e8	6.432470008963406e8	1.0	49.0	0.0	0.08163265306122448	0.18633540372670807	
4.88311910386693e8	6.235978594917698e8	3.0	47.0	0.0	0.08163265306122448	0.1716867469879518	
5.602756956339955e8	5.984176317794636e8	18.0	32.0	0.0	0.08163265306122448	0.17804154302670624	
5.07318207318587e8	6.143698364447893e8	7.0	43.0	0.0	0.08163265306122448	0.1656441717791411	
4.8079906962934947e8	6.238949377103109e8	5.0	45.0	0.0	0.08163265306122448	0.16216216216216217	
5.07887119379086e8	6.629637222410088e8	2.0	48.0	0.0	0.08163265306122448	0.20496894409937888	
5.057619075784699e8	6.105227217786627e8	7.0	43.0	0.0	0.08163265306122448	0.18808777429467086	
5.01554504540069e8	6.186490115822567e8	3.0	47.0	0.0	0.08163265306122448	0.18575851393188855	
4.8150560415279406e8	6.195248304704547e8	4.0	46.0	0.0	0.08163265306122448	0.21428571428571427	
4.9743950557365406e8	6.018576414644536e8	8.0	42.0	0.0	0.08163265306122448	0.147239263803681	
5.1695246117547065e8	5.919537309241401e8	8.0	42.0	0.0	0.08163265306122448	0.2515527950310559	
5.0616424664276814e8	5.876177749433256e8	15.0	35.0	0.0	0.08163265306122448	0.2563291139240506	
5.0590481600568986e8	6.357842826024989e8	0.0	50.0	0.0	0.08163265306122448	0.1268882175226586	
5.013219581804083e8	6.200028460040035e8	0.0	50.0	0.0	0.08163265306122448	0.22018348623853212	
4.844564878107035e8	6.390319017307825e8	3.0	47.0	0.0	0.08163265306122448	0.19384615384615383	
5.0784999801825976e8	6.331213491775569e8	0.0	50.0	0.0	0.08163265306122448	0.14545454545454545	
5.015446127272994e8	6.196013050525274e8	1.0	49.0	0.0	0.08163265306122448	0.1792452830188679	
4.892096796541141e8	5.808447509453499e8	13.0	37.0	0.0	0.08163265306122448	0.21686746987951808	
5.2190622145743906e8	5.702680398786068e8	22.0	28.0	0.0	0.08163265306122448	0.25796178343949044	
4.8784942964214295e8	6.070838650888046e8	6.0	44.0	0.0	0.08163265306122448	0.14195583596214512	
4.946295685125997e8	6.1373687213128e8	7.0	43.0	0.0	0.08163265306122448	0.17757009345794392	
5.075537621774971e8	6.105371546130977e8	9.0	41.0	0.0	0.08163265306122448	0.24375	
5.2972328971086425e8	6.16877734987314e8	6.0	44.0	0.0	0.08163265306122448	0.11854103343465046	
5.064755071564363e8	6.106197683980353e8	7.0	43.0	0.0	0.08163265306122448	0.23659305993690852	
5.311775908563511e8	6.071062479919521e8	12.0	38.0	0.0	0.08163265306122448	0.13003095975232198	
5.0156650134197545e8	6.488518898816435e8	0.0	50.0	0.0	0.08163265306122448	0.1875	
5.119737065850522e8	5.986333589661144e8	10.0	40.0	0.0	0.08163265306122448	0.17378048780487804	
5.1183044610089535e8	6.119529764693966e8	0.0	50.0	0.0	0.08163265306122448	0.16216216216216217	
5.0440071284507114e8	5.987363892438694e8	3.0	47.0	0.0	0.08163265306122448	0.205607476635514	
5.110534773067267e8	6.311398225772192e8	0.0	50.0	0.0	0.08163265306122448	0.17964071856287425	
5.0843415770412856e8	6.616125419251685e8	0.0	50.0	0.0	0.08163265306122448	0.13761467889908258	
4.9662304178501904e8	6.039969841121724e8	4.0	46.0	0.0	0.08163265306122448	0.16615384615384615	
5.06010537784507e8	6.330911205199264e8	0.0	50.0	0.0	0.08163265306122448	0.17484662576687116	
5.0419034198740476e8	6.066339735652142e8	4.0	46.0	0.0	0.08163265306122448	0.18633540372670807	
4.9868255895731795e8	6.321961091794484e8	0.0	50.0	0.0	0.08163265306122448	0.1656441717791411	
4.8292224140861857e8	5.577117133621175e8	19.0	31.0	0.0	0.08163265306122448	0.2037037037037037	
4.8254763322685874e8	6.290863828884103e8	5.0	45.0	0.0	0.08163265306122448	0.2857142857142857	
5.073473647775111e8	6.568972130325824e8	0.0	50.0	0.0	0.08163265306122448	0.20689655172413793	
5.1492983430063593e8	5.899618805261881e8	19.0	31.0	0.0	0.08163265306122448	0.17325227963525835	
4.99446291815269e8	6.482464116838229e8	0.0	50.0	0.0	0.08163265306122448	0.2236024844720497	
5.090531508933557e8	5.821286405187838e8	14.0	36.0	0.0	0.08163265306122448	0.17484662576687116	
4.968275750948849e8	6.419976721579816e8	0.0	50.0	0.0	0.08163265306122448	0.10410094637223975	
5.209629610645533e8	5.899652951085701e8	13.0	37.0	0.0	0.08163265306122448	0.22018348623853212	
4.9059570457832026e8	6.076675228133373e8	6.0	44.0	0.0	0.08163265306122448	0.22865853658536586	
4.985614438363938e8	6.626863806234467e8	0.0	50.0	0.0	0.08163265306122448	0.18292682926829268	
5.0715611910913664e8	5.525261329171097e8	23.0	27.0	0.0	0.08163265306122448	0.22291021671826625	
4.9927337944264007e8	6.144747663901916e8	4.0	46.0	0.0	0.08163265306122448	0.2006079027355623	
5.0978497817500955e8	6.180113073915431e8	8.0	42.0	0.0	0.08163265306122448	0.16981132075471697	
5.104631549600011e8	6.323050449271791e8	3.0	47.0	0.0	0.08163265306122448	0.1476923076923077	
4.914524555590688e8	6.004562795850086e8	3.0	47.0	0.0	0.08163265306122448	0.2169811320754717	
5.1128983580839384e8	5.952192138061359e8	5.0	45.0	0.0	0.08163265306122448	0.20496894409937888	
5.235870638120899e8	6.086757463370392e8	6.0	44.0	0.0	0.08163265306122448	0.24375	
5.21305700702987e8	5.803421335551804e8	14.0	36.0	0.0	0.08163265306122448	0.2616822429906542	
4.994282348415785e8	6.332086419393002e8	2.0	48.0	0.0	0.08163265306122448	0.196875	
4.9350507694039917e8	6.389054365658528e8	4.0	46.0	0.0	0.08163265306122448	0.18181818181818182	
5.1002902343217945e8	6.004745577795726e8	5.0	45.0	0.0	0.08163265306122448	0.17543859649122806	
5.039172201291079e8	6.276480055046653e8	1.0	49.0	0.0	0.08163265306122448	0.15789473684210525	
4.9813610946707e8	6.611426036219242e8	0.0	50.0	0.0	0.08163265306122448	0.15692307692307692	
4.8244637804460764e8	6.121379336265488e8	3.0	47.0	0.0	0.08163265306122448	0.21818181818181817	
5.29294006400692e8	6.119074102058907e8	5.0	45.0	0.0	0.08163265306122448	0.17592592592592593	
5.144716409581686e8	6.237591321534053e8	0.0	50.0	0.0	0.08163265306122448	0.1355421686746988	
4.9462996499509597e8	6.409155448458455e8	4.0	46.0	0.0	0.08163265306122448	0.21296296296296297	
4.987252980876883e8	6.375612350114799e8	0.0	50.0	0.0	0.08163265306122448	0.2116564417177914	
4.9404990470621216e8	6.313780192518004e8	0.0	50.0	0.0	0.08163265306122448	0.19873817034700317	
5.383792705451862e8	6.045562568186333e8	13.0	37.0	0.0	0.08163265306122448	0.18575851393188855	
4.9871507663368475e8	5.946276019141552e8	9.0	41.0	0.0	0.08163265306122448	0.19939577039274925	
4.990760267438112e8	6.413452264788038e8	0.0	50.0	0.0	0.08163265306122448	0.20952380952380953	
5.477707404857244e8	5.96779850849817e8	18.0	32.0	0.0	0.08163265306122448	0.14678899082568808	
4.9164212381277823e8	6.360887635266933e8	0.0	50.0	0.0	0.08163265306122448	0.16913946587537093	
5.0451835212307703e8	6.369864178708127e8	0.0	50.0	0.0	0.08163265306122448	0.19444444444444445	
5.087176718311262e8	5.996986816879665e8	5.0	45.0	0.0	0.08163265306122448	0.234375	
4.9973839103972924e8	6.35705612879411e8	6.0	44.0	0.0	0.08163265306122448	0.18867924528301888	
4.916872981039065e8	5.961032486758294e8	3.0	47.0	0.0	0.08163265306122448	0.16964285714285715	
5.215459468774835e8	6.584557485639391e8	0.0	50.0	0.0	0.08163265306122448	0.12	
4.97132737078527e8	6.315919210654188e8	0.0	50.0	0.0	0.08163265306122448	0.16927899686520376	
5.081962898989501e8	5.88897501606644e8	14.0	36.0	0.0	0.08163265306122448	0.22641509433962265	
5.050004818462138e8	6.090998284074951e8	0.0	50.0	0.0	0.08163265306122448	0.18461538461538463	
5.0891055065418315e8	6.280317743293606e8	6.0	44.0	0.0	0.08163265306122448	0.16863905325443787	
5.066517379013324e8	6.265607279014028e8	2.0	48.0	0.0	0.08163265306122448	0.23353293413173654	
4.9214045936135304e8	6.154278827475003e8	0.0	50.0	0.0	0.08163265306122448	0.18072289156626506	
5.270691999127121e8	5.909966620124471e8	15.0	35.0	0.0	0.08163265306122448	0.189873417721519	
5.0558772276082087e8	6.289482423349752e8	0.0	50.0	0.0	0.08163265306122448	0.2006079027355623	
4.938173930790658e8	6.024713455320638e8	3.0	47.0	0.0	0.08163265306122448	0.1753846153846154	
5.419583203623894e8	5.991029999657866e8	13.0	37.0	0.0	0.08163265306122448	0.24375	
4.9124400270206535e8	6.616816613568928e8	0.0	50.0	0.0	0.08163265306122448	0.1716867469879518	
5.1204577430886054e8	5.818656294259548e8	15.0	35.0	0.0	0.08163265306122448	0.21621621621621623	
5.2086634705560434e8	6.037695102101331e8	10.0	40.0	0.0	0.08163265306122448	0.17804154302670624	
5.164053821610015e8	5.637474509740838e8	21.0	29.0	0.0	0.08163265306122448	0.24846625766871167	
5.0576586924751496e8	6.055729181303266e8	9.0	41.0	0.0	0.08163265306122448	0.2676923076923077	
4.9301588929570043e8	5.911099811425433e8	13.0	37.0	0.0	0.08163265306122448	0.19384615384615383	
5.242170617237007e8	6.312690702713981e8	0.0	50.0	0.0	0.08163265306122448	0.18072289156626506	
4.9809034675252324e8	6.062919252643871e8	3.0	47.0	0.0	0.08163265306122448	0.2043343653250774	
5.169323261551445e8	6.497397605340447e8	0.0	50.0	0.0	0.08163265306122448	0.14545454545454545	
4.970480143603165e8	6.19076846640179e8	5.0	45.0	0.0	0.08163265306122448	0.21630094043887146	
5.0931185835517704e8	6.60176553745285e8	0.0	50.0	0.0	0.08163265306122448	0.2084592145015106	
5.0224742665845793e8	6.169844101476946e8	0.0	50.0	0.0	0.08163265306122448	0.1753846153846154	
4.8741775864322746e8	6.157737319770317e8	3.0	47.0	0.0	0.08163265306122448	0.12389380530973451	
4.862755492438727e8	5.819505125808922e8	12.0	38.0	0.0	0.08163265306122448	0.2608695652173913	
4.9974402168741006e8	6.369163022177283e8	0.0	50.0	0.0	0.08163265306122448	0.11898016997167139	
4.901520693475244e8	6.051687501050239e8	8.0	42.0	0.0	0.08163265306122448	0.17065868263473055	
4.9645317729246074e8	6.350560600602024e8	0.0	50.0	0.0	0.08163265306122448	0.2236024844720497	
4.904148181339087e8	6.454778200355644e8	0.0	50.0	0.0	0.08163265306122448	0.19936708860759494	
4.888150072001683e8	6.060578160736595e8	5.0	45.0	0.0	0.08163265306122448	0.24	
5.01808192687733e8	5.696361796740625e8	19.0	31.0	0.0	0.08163265306122448	0.21495327102803738	
5.034084024441045e8	6.528098674491125e8	0.0	50.0	0.0	0.08163265306122448	0.11145510835913312	
4.925397212854321e8	6.142168382832847e8	1.0	49.0	0.0	0.08163265306122448	0.2175226586102719	
4.8925436839701295e8	6.057895847548913e8	5.0	45.0	0.0	0.08163265306122448	0.18404907975460122	
5.0012804342155325e8	6.360936026345227e8	3.0	47.0	0.0	0.08163265306122448	0.19325153374233128	
4.9921246566448545e8	5.748298068399416e8	11.0	39.0	0.0	0.08163265306122448	0.24074074074074073	
4.741442036621847e8	6.153918018232877e8	0.0	50.0	0.0	0.08163265306122448	0.25	
4.8733873706368244e8	6.452444725961812e8	2.0	48.0	0.0	0.08163265306122448	0.19325153374233128	
4.8856781493271154e8	6.165600437445004e8	1.0	49.0	0.0	0.08163265306122448	0.24299065420560748	
4.9195106385484695e8	6.313359370939925e8	0.0	50.0	0.0	0.08163265306122448	0.16139240506329114	
4.9491883439241755e8	6.181325310917006e8	0.0	50.0	0.0	0.08163265306122448	0.17595307917888564	
5.1166611946861875e8	5.838938269148406e8	14.0	36.0	0.0	0.08163265306122448	0.2422360248447205	
4.892414603421088e8	6.312787641374843e8	0.0	50.0	0.0	0.08163265306122448	0.17484662576687116	
4.970682180039289e8	6.263360610780251e8	7.0	43.0	0.0	0.08163265306122448	0.23659305993690852	
4.873128142387992e8	5.949354769504615e8	11.0	39.0	0.0	0.08163265306122448	0.14906832298136646	
4.801080761883443e8	6.352419735352952e8	1.0	49.0	0.0	0.08163265306122448	0.205607476635514	
4.934386580936795e8	6.418989735416739e8	0.0	50.0	0.0	0.08163265306122448	0.18575851393188855	
5.0879462816018677e8	6.116985880667135e8	0.0	50.0	0.0	0.08163265306122448	0.2123076923076923	
4.98462448181237e8	5.985600219221654e8	9.0	41.0	0.0	0.08163265306122448	0.17964071856287425	
5.060513730350238e8	6.254295542997808e8	6.0	44.0	0.0	0.08163265306122448	0.23353293413173654	
5.072767953019433e8	6.526823639773451e8	1.0	49.0	0.0	0.08163265306122448	0.1125	
4.973141679619992e8	6.374695722771387e8	0.0	50.0	0.0	0.08163265306122448	0.1974921630094044	
5.011857805464053e8	6.285512092168326e8	0.0	50.0	0.0	0.08163265306122448	0.15047021943573669	
5.139438923031777e8	6.015094065028775e8	8.0	42.0	0.0	0.08163265306122448	0.17981072555205047	
4.91685701936702e8	6.13348168022914e8	5.0	45.0	0.0	0.08163265306122448	0.16718266253869968	
5.032451582852825e8	6.160800244709356e8	5.0	45.0	0.0	0.08163265306122448	0.15269461077844312	
5.0022296772287476e8	6.066785493668629e8	3.0	47.0	0.0	0.08163265306122448	0.1021671826625387	
4.9574268478427345e8	6.336960312493889e8	0.0	50.0	0.0	0.08163265306122448	0.12149532710280374	
5.112075034858878e8	6.258402874012978e8	0.0	50.0	0.0	0.08163265306122448	0.2329192546583851	
5.019248791537123e8	6.048727352840743e8	7.0	43.0	0.0	0.08163265306122448	0.205607476635514	
5.095691692598137e8	6.5474415128276e8	0.0	50.0	0.0	0.08163265306122448	0.1834862385321101	
4.881907076232793e8	6.289635854668761e8	0.0	50.0	0.0	0.08163265306122448	0.15315315315315314	
5.2022334111609405e8	6.567661538705622e8	0.0	50.0	0.0	0.08163265306122448	0.1834862385321101	
4.948731175165806e8	6.124489205947496e8	0.0	50.0	0.0	0.08163265306122448	0.21100917431192662	
4.864930792055235e8	6.066570058633186e8	7.0	43.0	0.0	0.08163265306122448	0.17647058823529413	
4.9101934384879565e8	5.835825560580971e8	16.0	34.0	0.0	0.08163265306122448	0.253125	
5.108479896145543e8	5.938125592252771e8	7.0	43.0	0.0	0.08163265306122448	0.189873417721519	
5.04973935282812e8	6.049089173211496e8	9.0	41.0	0.0	0.08163265306122448	0.16119402985074627	
5.0062523762499714e8	6.287305137722309e8	7.0	43.0	0.0	0.08163265306122448	0.2	
4.7948563803378594e8	6.03000711409178e8	2.0	48.0	0.0	0.08163265306122448	0.1753846153846154	
5.130301090254132e8	6.19376669746944e8	6.0	44.0	0.0	0.08163265306122448	0.21364985163204747	
5.025188839635844e8	6.537466032171719e8	0.0	50.0	0.0	0.08163265306122448	0.1592920353982301	
5.002199020383611e8	6.438761299749336e8	0.0	50.0	0.0	0.08163265306122448	0.1786833855799373	
4.8067547019434714e8	6.251934831383827e8	0.0	50.0	0.0	0.08163265306122448	0.17378048780487804	
4.848844055250059e8	6.043796506026158e8	4.0	46.0	0.0	0.08163265306122448	0.20909090909090908	
4.978282153064296e8	6.21785812935621e8	2.0	48.0	0.0	0.08163265306122448	0.19207317073170732	
5.090421754982826e8	6.041115590803528e8	1.0	49.0	0.0	0.08163265306122448	0.1196319018404908	
5.0843965114511424e8	6.006897653614281e8	8.0	42.0	0.0	0.08163265306122448	0.1743119266055046	
4.9227510709619e8	6.219629435799539e8	2.0	48.0	0.0	0.08163265306122448	0.1956521739130435	
5.505101598457153e8	5.914181021588105e8	13.0	37.0	0.0	0.08163265306122448	0.18691588785046728	
4.793957862282586e8	6.138338095551116e8	5.0	45.0	0.0	0.08163265306122448	0.1926605504587156	
4.977478542654925e8	6.436481397575696e8	0.0	50.0	0.0	0.08163265306122448	0.18292682926829268	
4.788115161552367e8	5.717457337689705e8	16.0	34.0	0.0	0.08163265306122448	0.2701863354037267	
4.939967285917739e8	6.254564440315595e8	1.0	49.0	0.0	0.08163265306122448	0.1926605504587156	
4.854526078436688e8	6.195271714365603e8	0.0	50.0	0.0	0.08163265306122448	0.14814814814814814	
5.060560427784626e8	5.979759992369385e8	6.0	44.0	0.0	0.08163265306122448	0.24471299093655588	
4.923874896359189e8	6.424500059396831e8	0.0	50.0	0.0	0.08163265306122448	0.09939759036144578	
5.143135743700279e8	6.340832353397049e8	4.0	46.0	0.0	0.08163265306122448	0.16265060240963855	
5.146832167011231e8	6.518602821017349e8	0.0	50.0	0.0	0.08163265306122448	0.17592592592592593	
5.0947551234993845e8	6.242265805747125e8	0.0	50.0	0.0	0.08163265306122448	0.11746987951807229	
5.45142559279275e8	5.671054350451505e8	28.0	22.0	0.0	0.08163265306122448	0.2468354430379747	
5.169024055821724e8	6.664884833114461e8	0.0	50.0	0.0	0.08163265306122448	0.18867924528301888	
4.892530527443813e8	6.122019641477666e8	8.0	42.0	0.0	0.08163265306122448	0.24761904761904763	
5.175723033752106e8	6.430246848856152e8	1.0	49.0	0.0	0.08163265306122448	0.15548780487804878	
5.1155234927607244e8	6.488204068880138e8	0.0	50.0	0.0	0.08163265306122448	0.1661807580174927	
4.8212649651024765e8	6.388389171604245e8	0.0	50.0	0.0	0.08163265306122448	0.19325153374233128	
4.915539678490896e8	6.407165967779686e8	0.0	50.0	0.0	0.08163265306122448	0.20307692307692307	
4.981960314092929e8	6.444167063405926e8	0.0	50.0	0.0	0.08163265306122448	0.19207317073170732	
5.24595814898769e8	6.002111754276788e8	14.0	36.0	0.0	0.08163265306122448	0.22865853658536586	
5.007948422949243e8	6.464548978065631e8	0.0	50.0	0.0	0.08163265306122448	0.09939759036144578	
4.906840403609503e8	5.976917232687355e8	12.0	38.0	0.0	0.08163265306122448	0.22784810126582278	
5.0992579221513796e8	6.292884078706317e8	0.0	50.0	0.0	0.08163265306122448	0.17142857142857143	
4.951184919448476e8	6.343306410089234e8	0.0	50.0	0.0	0.08163265306122448	0.17378048780487804	
5.0469545522312874e8	6.485234947227415e8	0.0	50.0	0.0	0.08163265306122448	0.15501519756838905	
5.018234061464746e8	6.38673644095723e8	0.0	50.0	0.0	0.08163265306122448	0.15789473684210525	
5.066286249597844e8	5.95777308549164e8	7.0	43.0	0.0	0.08163265306122448	0.1880597014925373	
4.850102130748124e8	6.165589053421669e8	3.0	47.0	0.0	0.08163265306122448	0.18867924528301888	
5.104237188751945e8	6.253452369075143e8	2.0	48.0	0.0	0.08163265306122448	0.20754716981132076	
5.0266083982056737e8	6.268767970662003e8	5.0	45.0	0.0	0.08163265306122448	0.19626168224299065	
5.010153367437134e8	6.457690155285323e8	2.0	48.0	0.0	0.08163265306122448	0.15269461077844312	
5.0494972393493116e8	5.98318547159951e8	6.0	44.0	0.0	0.08163265306122448	0.147239263803681	
5.0170831699597424e8	6.037036455805196e8	2.0	48.0	0.0	0.08163265306122448	0.17325227963525835	
4.8731850207747114e8	6.198456337320552e8	0.0	50.0	0.0	0.08163265306122448	0.205607476635514	
5.075558747613174e8	6.539049893988199e8	0.0	50.0	0.0	0.08163265306122448	0.1268882175226586	
5.1085742577915347e8	5.973892128830172e8	12.0	38.0	0.0	0.08163265306122448	0.18691588785046728	
4.937463102743348e8	6.220136861474328e8	3.0	47.0	0.0	0.08163265306122448	0.23510971786833856	
4.943212177558632e8	6.530688019085834e8	0.0	50.0	0.0	0.08163265306122448	0.19325153374233128	
4.869891471728786e8	5.922545955919626e8	9.0	41.0	0.0	0.08163265306122448	0.2358490566037736	
5.0870174611606e8	6.484083340690626e8	0.0	50.0	0.0	0.08163265306122448	0.18518518518518517	
4.920396097769464e8	6.339326704341276e8	1.0	49.0	0.0	0.08163265306122448	0.1956521739130435	
4.883012385898284e8	6.109378935571737e8	10.0	40.0	0.0	0.08163265306122448	0.25471698113207547	
5.050833473043835e8	5.672940486291544e8	19.0	31.0	0.0	0.08163265306122448	0.23659305993690852	
4.905420629541651e8	5.915409487908974e8	8.0	42.0	0.0	0.08163265306122448	0.17592592592592593	
5.076466889993379e8	6.135556284070104e8	9.0	41.0	0.0	0.08163265306122448	0.2	
5.021644464625067e8	6.403633750731499e8	3.0	47.0	0.0	0.08163265306122448	0.15223880597014924	
5.1204138467878044e8	5.876166569034989e8	15.0	35.0	0.0	0.08163265306122448	0.16981132075471697	
4.8946089981343126e8	6.409108932606257e8	0.0	50.0	0.0	0.08163265306122448	0.20121951219512196	
5.054786167081993e8	6.41917899186257e8	1.0	49.0	0.0	0.08163265306122448	0.19090909090909092	
4.910121225634221e8	6.389302021401496e8	0.0	50.0	0.0	0.08163265306122448	0.18404907975460122	
4.947746482986099e8	5.760370041771603e8	17.0	33.0	0.0	0.08163265306122448	0.21630094043887146	
4.984324880975747e8	6.122598545193913e8	10.0	40.0	0.0	0.08163265306122448	0.22429906542056074	
4.896350589759126e8	6.195486890481362e8	0.0	50.0	0.0	0.08163265306122448	0.18575851393188855	
5.0610916481576765e8	6.503585799784759e8	0.0	50.0	0.0	0.08163265306122448	0.1559633027522936	
5.036195272856488e8	6.397677028391925e8	3.0	47.0	0.0	0.08163265306122448	0.22727272727272727	
4.882278913904904e8	6.1885971085145e8	9.0	41.0	0.0	0.08163265306122448	0.23510971786833856	
4.9110818860526276e8	6.481788715423285e8	0.0	50.0	0.0	0.08163265306122448	0.16822429906542055	
4.8985372773266506e8	6.107205548688672e8	6.0	44.0	0.0	0.08163265306122448	0.1974921630094044	
5.181219084296526e8	5.865168938728938e8	12.0	38.0	0.0	0.08163265306122448	0.13846153846153847	
4.999409330850365e8	6.496311410103406e8	0.0	50.0	0.0	0.08163265306122448	0.10344827586206896	
5.065917182835486e8	6.439780067266142e8	0.0	50.0	0.0	0.08163265306122448	0.147239263803681	
5.002924302098019e8	6.155974464613024e8	5.0	45.0	0.0	0.08163265306122448	0.17701863354037267	
5.097119906914464e8	6.076621623751905e8	6.0	44.0	0.0	0.08163265306122448	0.19504643962848298	
5.011066544059643e8	5.907920548975234e8	4.0	46.0	0.0	0.08163265306122448	0.16666666666666666	
5.0718344191662097e8	6.27736477618624e8	5.0	45.0	0.0	0.08163265306122448	0.18808777429467086	
5.1731277641618955e8	6.361976954776088e8	6.0	44.0	0.0	0.08163265306122448	0.16822429906542055	
5.357223905322393e8	5.81823724258801e8	18.0	32.0	0.0	0.08163265306122448	0.22291021671826625	
5.3030432853902185e8	5.84863458786938e8	19.0	31.0	0.0	0.08163265306122448	0.20909090909090908	
4.899220293887546e8	6.17521080990376e8	0.0	50.0	0.0	0.08163265306122448	0.18072289156626506	
5.133371392828971e8	6.083419233349118e8	9.0	41.0	0.0	0.08163265306122448	0.21630094043887146	
4.881159803421211e8	5.736555498124515e8	14.0	36.0	0.0	0.08163265306122448	0.19444444444444445	
4.994662793101755e8	6.419239551740153e8	4.0	46.0	0.0	0.08163265306122448	0.1753846153846154	
5.074698446594287e8	6.35536995990032e8	2.0	48.0	0.0	0.08163265306122448	0.19298245614035087	
4.988674496038262e8	6.05578737833616e8	8.0	42.0	0.0	0.08163265306122448	0.17647058823529413	
5.1354043117774403e8	6.364333289837284e8	0.0	50.0	0.0	0.08163265306122448	0.16875	
4.9185122323117346e8	6.404446494324197e8	0.0	50.0	0.0	0.08163265306122448	0.1656441717791411	
4.900612501468726e8	6.203065677384983e8	1.0	49.0	0.0	0.08163265306122448	0.14457831325301204	
5.1991206063802594e8	6.596362061848631e8	0.0	50.0	0.0	0.08163265306122448	0.18862275449101795	
5.101245101138326e8	5.963274204530156e8	8.0	42.0	0.0	0.08163265306122448	0.20496894409937888	
5.122648812491369e8	5.849370018713648e8	14.0	36.0	0.0	0.08163265306122448	0.23780487804878048	
5.0776100090723467e8	5.945003089008923e8	13.0	37.0	0.0	0.08163265306122448	0.13595166163141995	
4.687665033016578e8	6.177775505291362e8	4.0	46.0	0.0	0.08163265306122448	0.19879518072289157	
4.947508565486355e8	6.05063179031803e8	1.0	49.0	0.0	0.08163265306122448	0.2043343653250774	
5.177108295210354e8	6.124793626600176e8	6.0	44.0	0.0	0.08163265306122448	0.15047021943573669	
4.9344432730612004e8	6.033115771363335e8	3.0	47.0	0.0	0.08163265306122448	0.21362229102167182	
5.546593787685411e8	5.572311842333634e8	29.0	21.0	0.0	0.08163265306122448	0.1926605504587156	
4.8609631364749205e8	6.328460609620169e8	0.0	50.0	0.0	0.08163265306122448	0.21835443037974683	
4.975585853830707e8	6.192232565569656e8	3.0	47.0	0.0	0.08163265306122448	0.20972644376899696	
4.932343842797754e8	6.324181948691673e8	0.0	50.0	0.0	0.08163265306122448	0.140625	
5.024924414460849e8	5.826540370406489e8	12.0	38.0	0.0	0.08163265306122448	0.2468354430379747	
5.135321238133301e8	6.102581419244013e8	7.0	43.0	0.0	0.08163265306122448	0.19936708860759494	
4.9781384536776924e8	6.22818709648693e8	4.0	46.0	0.0	0.08163265306122448	0.1753846153846154	
4.8269193230555344e8	6.104943020607822e8	0.0	50.0	0.0	0.08163265306122448	0.16718266253869968	
4.944752280673243e8	6.232419802005154e8	4.0	46.0	0.0	0.08163265306122448	0.16770186335403728	
5.0588385223618907e8	6.403354178127271e8	4.0	46.0	0.0	0.08163265306122448	0.1536144578313253	
4.886730063123038e8	6.302979346292026e8	2.0	48.0	0.0	0.08163265306122448	0.18292682926829268	
5.011286610297107e8	6.04101433440152e8	2.0	48.0	0.0	0.08163265306122448	0.18518518518518517	
4.8889881734733313e8	6.331452133818612e8	0.0	50.0	0.0	0.08163265306122448	0.1791044776119403	
5.083366255628783e8	6.232325203678741e8	2.0	48.0	0.0	0.08163265306122448	0.1956521739130435	
5.2138158044747096e8	5.692664001865461e8	18.0	32.0	0.0	0.08163265306122448	0.2222222222222222	
5.0450690287933946e8	6.018406451928778e8	2.0	48.0	0.0	0.08163265306122448	0.1125	
5.0100898167148006e8	6.304817240633025e8	0.0	50.0	0.0	0.08163265306122448	0.17065868263473055	
5.22398919174648e8	5.741158901527939e8	21.0	29.0	0.0	0.08163265306122448	0.21362229102167182	
5.040970782415743e8	6.387590376652875e8	0.0	50.0	0.0	0.08163265306122448	0.13719512195121952	
4.9862027640590334e8	6.210366341268435e8	5.0	45.0	0.0	0.08163265306122448	0.1974921630094044	
4.8627534916155475e8	6.276967062938471e8	0.0	50.0	0.0	0.08163265306122448	0.16981132075471697	
5.313907488117013e8	5.844193432788053e8	21.0	29.0	0.0	0.08163265306122448	0.2	
4.9170475143636787e8	6.141489732356868e8	1.0	49.0	0.0	0.08163265306122448	0.1753846153846154	
5.036138113733829e8	6.558938078110082e8	0.0	50.0	0.0	0.08163265306122448	0.14501510574018128	
5.019273246127938e8	5.858594159654146e8	5.0	45.0	0.0	0.08163265306122448	0.24605678233438485	
5.047757545717083e8	5.789274875427823e8	20.0	30.0	0.0	0.08163265306122448	0.2329192546583851	
5.033656407841356e8	6.064531589085827e8	6.0	44.0	0.0	0.08163265306122448	0.22018348623853212	
4.9279987479852974e8	6.211632478473749e8	0.0	50.0	0.0	0.08163265306122448	0.21428571428571427	
5.1537762500618035e8	6.617828136071323e8	0.0	50.0	0.0	0.08163265306122448	0.17484662576687116	
4.8853755229554415e8	6.194671391637263e8	0.0	50.0	0.0	0.08163265306122448	0.16615384615384615	
5.170592567968753e8	6.430381427691398e8	0.0	50.0	0.0	0.08163265306122448	0.1355421686746988	
5.114996535862254e8	6.253497003444433e8	6.0	44.0	0.0	0.08163265306122448	0.23148148148148148	
4.913438165735166e8	6.18564791182355e8	7.0	43.0	0.0	0.08163265306122448	0.1875	
5.1544041905477464e8	6.288121191513098e8	2.0	48.0	0.0	0.08163265306122448	0.1540785498489426	
4.9556438795411956e8	6.002934594447746e8	8.0	42.0	0.0	0.08163265306122448	0.20496894409937888	
5.198561032294972e8	6.282119746734859e8	5.0	45.0	0.0	0.08163265306122448	0.10843373493975904	
4.9532106160285425e8	6.120719514719344e8	7.0	43.0	0.0	0.08163265306122448	0.1656441717791411	
5.135705128792455e8	6.569763433566642e8	0.0	50.0	0.0	0.08163265306122448	0.1276595744680851	
4.847375364823241e8	6.085218313276281e8	10.0	40.0	0.0	0.08163265306122448	0.2188449848024316	
5.035435583489514e8	6.16860160597612e8	0.0	50.0	0.0	0.08163265306122448	0.1651376146788991	
5.066131721524796e8	5.991819045301595e8	9.0	41.0	0.0	0.08163265306122448	0.2555205047318612	
5.08364235454878e8	6.619923314052172e8	0.0	50.0	0.0	0.08163265306122448	0.15789473684210525	
4.807623757110239e8	6.046543830655835e8	5.0	45.0	0.0	0.08163265306122448	0.24605678233438485	
5.0446484304103243e8	6.549242539573671e8	0.0	50.0	0.0	0.08163265306122448	0.15315315315315314	
4.9576398760129535e8	6.339761871469347e8	1.0	49.0	0.0	0.08163265306122448	0.196875	
4.88860397004665e8	5.796798678526964e8	13.0	37.0	0.0	0.08163265306122448	0.17034700315457413	
5.0389885061282325e8	6.366116470820637e8	0.0	50.0	0.0	0.08163265306122448	0.12	
5.1338700384157276e8	6.621978966515026e8	0.0	50.0	0.0	0.08163265306122448	0.09850746268656717	
5.1821227366012937e8	6.251154279132519e8	3.0	47.0	0.0	0.08163265306122448	0.225	
5.0413204105064833e8	6.257819821606548e8	1.0	49.0	0.0	0.08163265306122448	0.22570532915360503	
5.0625869227835166e8	6.485459341983955e8	0.0	50.0	0.0	0.08163265306122448	0.12804878048780488	
4.97052762236457e8	6.316468215534005e8	0.0	50.0	0.0	0.08163265306122448	0.14814814814814814	
5.070248714983137e8	6.192381427217345e8	4.0	46.0	0.0	0.08163265306122448	0.22865853658536586	
5.035390940605048e8	6.408761946580577e8	0.0	50.0	0.0	0.08163265306122448	0.16363636363636364	
4.738621726931861e8	5.892366073558865e8	11.0	39.0	0.0	0.08163265306122448	0.19169329073482427	
5.012937959564047e8	5.850415525105314e8	12.0	38.0	0.0	0.08163265306122448	0.27102803738317754	
5.036970126994381e8	6.259708462168992e8	3.0	47.0	0.0	0.08163265306122448	0.20121951219512196	
5.010610772023206e8	6.423547199317431e8	4.0	46.0	0.0	0.08163265306122448	0.1513353115727003	
5.0566260887720627e8	5.982277396482799e8	8.0	42.0	0.0	0.08163265306122448	0.2336448598130841	
5.085493879822787e8	5.971372982654643e8	13.0	37.0	0.0	0.08163265306122448	0.182370820668693	
5.0507577147955954e8	6.431619227748373e8	0.0	50.0	0.0	0.08163265306122448	0.21495327102803738	
5.0409756234258586e8	6.150478869123278e8	3.0	47.0	0.0	0.08163265306122448	0.2445141065830721	
5.040494085443563e8	6.412349164077249e8	0.0	50.0	0.0	0.08163265306122448	0.15692307692307692	
5.15475268172142e8	5.875846664245145e8	17.0	33.0	0.0	0.08163265306122448	0.225	
4.9440639486157644e8	6.283190113420371e8	1.0	49.0	0.0	0.08163265306122448	0.2084592145015106	
5.044636920302285e8	6.716674580088e8	0.0	50.0	0.0	0.08163265306122448	0.14501510574018128	
5.078534800783795e8	6.263037898618402e8	1.0	49.0	0.0	0.08163265306122448	0.1355421686746988	
5.1905438738275707e8	5.84452143788795e8	8.0	42.0	0.0	0.08163265306122448	0.17065868263473055	
5.0876636390284014e8	6.693429804033583e8	0.0	50.0	0.0	0.08163265306122448	0.13636363636363635	
4.983490860238488e8	6.238348177654119e8	2.0	48.0	0.0	0.08163265306122448	0.19325153374233128	
5.0668230847713655e8	6.198961996175724e8	4.0	46.0	0.0	0.08163265306122448	0.22153846153846155	
5.1395857794237673e8	6.183947784545096e8	0.0	50.0	0.0	0.08163265306122448	0.1574074074074074	
5.208702089654852e8	5.888291165516797e8	12.0	38.0	0.0	0.08163265306122448	0.2123076923076923	
4.8479757806532776e8	5.917962324932001e8	12.0	38.0	0.0	0.08163265306122448	0.22935779816513763	
5.052696015602789e8	6.456376524522526e8	0.0	50.0	0.0	0.08163265306122448	0.19325153374233128	
5.809806547283992e8	5.766093564637108e8	28.0	22.0	0.0	0.08163265306122448	0.24620060790273557	
4.910987873529252e8	6.168870829126966e8	1.0	49.0	0.0	0.08163265306122448	0.225	
4.9855206402269316e8	6.258016795823699e8	1.0	49.0	0.0	0.08163265306122448	0.16981132075471697	
4.917399610939647e8	6.552535399762877e8	0.0	50.0	0.0	0.08163265306122448	0.11042944785276074	
4.8705084355172104e8	6.098580419355065e8	8.0	42.0	0.0	0.08163265306122448	0.12074303405572756	
5.118968169062304e8	6.713460704216361e8	0.0	50.0	0.0	0.08163265306122448	0.20245398773006135	
5.048246672114273e8	6.379121122638725e8	0.0	50.0	0.0	0.08163265306122448	0.1926605504587156	
4.966916366897177e8	6.191111642276678e8	9.0	41.0	0.0	0.08163265306122448	0.2445141065830721	
5.012799126157858e8	6.188613036009581e8	5.0	45.0	0.0	0.08163265306122448	0.2018348623853211	
5.233513627453543e8	5.706373018708622e8	21.0	29.0	0.0	0.08163265306122448	0.20754716981132076	
5.287137986979699e8	6.57208695917098e8	3.0	47.0	0.0	0.08163265306122448	0.18633540372670807	
4.988757932613601e8	5.963425539952562e8	13.0	37.0	0.0	0.08163265306122448	0.17647058823529413	
5.303962258267174e8	5.667513336078517e8	23.0	27.0	0.0	0.08163265306122448	0.22712933753943218	
5.0848903080318123e8	6.137515896803608e8	0.0	50.0	0.0	0.08163265306122448	0.22429906542056074	
4.909221209852909e8	5.906683138353491e8	12.0	38.0	0.0	0.08163265306122448	0.2422360248447205	
5.049210681139402e8	6.37128577612247e8	0.0	50.0	0.0	0.08163265306122448	0.16981132075471697	
5.299583618578337e8	6.168967895814297e8	13.0	37.0	0.0	0.08163265306122448	0.2770700636942675	
5.0379399566157836e8	6.353042124504064e8	0.0	50.0	0.0	0.08163265306122448	0.15548780487804878	
4.904197382487746e8	6.268888331767775e8	0.0	50.0	0.0	0.08163265306122448	0.16119402985074627	
4.965992400737125e8	6.282327133896542e8	0.0	50.0	0.0	0.08163265306122448	0.20414201183431951	
4.937907719286794e8	6.306798116779206e8	5.0	45.0	0.0	0.08163265306122448	0.271875	
5.2968788948594314e8	5.405376614197953e8	28.0	22.0	0.0	0.08163265306122448	0.2245508982035928	
5.0612941598542166e8	6.328040512810533e8	0.0	50.0	0.0	0.08163265306122448	0.12574850299401197	
5.128957033090677e8	6.01215505870214e8	13.0	37.0	0.0	0.08163265306122448	0.16615384615384615	
5.2719755894728315e8	6.47101497904648e8	2.0	48.0	0.0	0.08163265306122448	0.10682492581602374	
4.850740222882004e8	6.255555267228459e8	0.0	50.0	0.0	0.08163265306122448	0.10746268656716418	
5.128227004378859e8	6.690138819065435e8	0.0	50.0	0.0	0.08163265306122448	0.20783132530120482	
5.1335197047767246e8	5.9663895718192e8	6.0	44.0	0.0	0.08163265306122448	0.19811320754716982	
5.1157065809445983e8	5.956288308376709e8	12.0	38.0	0.0	0.08163265306122448	0.25391849529780564	
5.0892263053439784e8	6.178987843394268e8	4.0	46.0	0.0	0.08163265306122448	0.22865853658536586	
5.0742435182702315e8	6.045822693428199e8	1.0	49.0	0.0	0.08163265306122448	0.2116564417177914	
5.152763327742995e8	6.660715986583631e8	0.0	50.0	0.0	0.08163265306122448	0.14457831325301204	
4.90742071467559e8	6.265115971325723e8	4.0	46.0	0.0	0.08163265306122448	0.18691588785046728	
5.183974883476711e8	6.201671153765876e8	2.0	48.0	0.0	0.08163265306122448	0.1791044776119403	
5.120426050090122e8	5.99696211781477e8	7.0	43.0	0.0	0.08163265306122448	0.17592592592592593	
5.002163087031338e8	6.217802556250314e8	3.0	47.0	0.0	0.08163265306122448	0.1875	
5.0662377710633695e8	5.735100244707804e8	17.0	33.0	0.0	0.08163265306122448	0.21495327102803738	
4.945382218865097e8	6.362062379593121e8	0.0	50.0	0.0	0.08163265306122448	0.19879518072289157	
4.9154651565371174e8	6.226874883938495e8	1.0	49.0	0.0	0.08163265306122448	0.16770186335403728	
4.918861901976279e8	6.265810149476821e8	0.0	50.0	0.0	0.08163265306122448	0.1641337386018237	
5.144690954845301e8	6.475220868559756e8	0.0	50.0	0.0	0.08163265306122448	0.20535714285714285	
4.937900526676996e8	5.789159436178851e8	13.0	37.0	0.0	0.08163265306122448	0.24528301886792453	
5.007709167373358e8	6.446072771406403e8	0.0	50.0	0.0	0.08163265306122448	0.140625	
4.8668462517326635e8	6.153581047228762e8	0.0	50.0	0.0	0.08163265306122448	0.15548780487804878	
4.809890640826498e8	6.135668544167082e8	0.0	50.0	0.0	0.08163265306122448	0.14150943396226415	
4.9961567219619775e8	6.445081510283284e8	0.0	50.0	0.0	0.08163265306122448	0.16875	
5.1712794010677063e8	6.070084953271091e8	9.0	41.0	0.0	0.08163265306122448	0.1540785498489426	
4.9382341245874846e8	5.991458971051431e8	7.0	43.0	0.0	0.08163265306122448	0.1910828025477707	
4.9412467975004524e8	6.312821578908117e8	2.0	48.0	0.0	0.08163265306122448	0.14328358208955225	
5.143686589982281e8	6.405275594212239e8	0.0	50.0	0.0	0.08163265306122448	0.142433234421365	
4.9038075257806003e8	6.575213707633591e8	0.0	50.0	0.0	0.08163265306122448	0.18633540372670807	
5.232747827676381e8	5.775778481334465e8	18.0	32.0	0.0	0.08163265306122448	0.17378048780487804	
5.0242597651454365e8	6.326202090299382e8	1.0	49.0	0.0	0.08163265306122448	0.1892744479495268	
5.022856173759923e8	6.518848981387697e8	0.0	50.0	0.0	0.08163265306122448	0.19207317073170732	
4.920206901055125e8	6.248654884110223e8	0.0	50.0	0.0	0.08163265306122448	0.20754716981132076	
5.291174011835823e8	5.855778941374291e8	16.0	34.0	0.0	0.08163265306122448	0.18518518518518517	
4.9643214335652614e8	5.962059587751607e8	6.0	44.0	0.0	0.08163265306122448	0.16463414634146342	
5.086387232891068e8	6.404694384300851e8	0.0	50.0	0.0	0.08163265306122448	0.11009174311926606	
5.1606979209148735e8	6.207455190566252e8	5.0	45.0	0.0	0.08163265306122448	0.1834862385321101	
5.017829257620817e8	6.233880512834405e8	2.0	48.0	0.0	0.08163265306122448	0.18018018018018017	
5.024689527336986e8	6.106507251204662e8	5.0	45.0	0.0	0.08163265306122448	0.20245398773006135	
4.907502789834518e8	6.430590529685478e8	0.0	50.0	0.0	0.08163265306122448	0.17647058823529413	
4.9893973412196743e8	6.030330930678619e8	7.0	43.0	0.0	0.08163265306122448	0.253125	
5.1654291980554295e8	6.081985553535147e8	2.0	48.0	0.0	0.08163265306122448	0.1743119266055046	
5.082232156847328e8	6.245422794556669e8	0.0	50.0	0.0	0.08163265306122448	0.1956521739130435	
5.384055875993569e8	5.975605024379684e8	14.0	36.0	0.0	0.08163265306122448	0.2088607594936709	
5.012532108861779e8	6.277319599548105e8	0.0	50.0	0.0	0.08163265306122448	0.1753846153846154	
5.002692516383075e8	6.459122710061955e8	0.0	50.0	0.0	0.08163265306122448	0.1574074074074074	
4.999952788902158e8	6.575737104735627e8	0.0	50.0	0.0	0.08163265306122448	0.16875	
5.090980274624016e8	6.061091820119299e8	7.0	43.0	0.0	0.08163265306122448	0.19148936170212766	
5.060020994945338e8	6.072783792946649e8	5.0	45.0	0.0	0.08163265306122448	0.2329192546583851	
5.146555968576894e8	6.180184493933092e8	5.0	45.0	0.0	0.08163265306122448	0.18018018018018017	
4.94889847160845e8	6.210305954954664e8	7.0	43.0	0.0	0.08163265306122448	0.17484662576687116	
4.9209877014074236e8	5.965247702534003e8	9.0	41.0	0.0	0.08163265306122448	0.1476923076923077	
5.0054127780905205e8	6.117569191394675e8	0.0	50.0	0.0	0.08163265306122448	0.215625	
5.1143786246406466e8	5.902422729218557e8	13.0	37.0	0.0	0.08163265306122448	0.24299065420560748	
4.909587647938087e8	6.466828689469055e8	0.0	50.0	0.0	0.08163265306122448	0.1355421686746988	
5.3392223715953314e8	6.622038070011572e8	0.0	50.0	0.0	0.08163265306122448	0.14457831325301204	
5.0938537087116885e8	6.656885907510418e8	0.0	50.0	0.0	0.08163265306122448	0.19584569732937684	
5.055645799236679e8	6.202143236076684e8	1.0	49.0	0.0	0.08163265306122448	0.1608832807570978	
4.976392670162399e8	6.148311932047441e8	4.0	46.0	0.0	0.08163265306122448	0.1956521739130435	
5.0335656216777706e8	6.264801143275106e8	1.0	49.0	0.0	0.08163265306122448	0.2175226586102719	
5.0218543914795953e8	5.920336226195625e8	10.0	40.0	0.0	0.08163265306122448	0.2422360248447205	
4.953068215035803e8	6.232639009518154e8	2.0	48.0	0.0	0.08163265306122448	0.12844036697247707	
5.187167945833557e8	5.738294929959592e8	16.0	34.0	0.0	0.08163265306122448	0.2888198757763975	
5.092944924531059e8	6.216393860383089e8	7.0	43.0	0.0	0.08163265306122448	0.2523364485981308	
4.959001349014883e8	5.788105332737333e8	16.0	34.0	0.0	0.08163265306122448	0.25846153846153846	
4.9455752576363397e8	6.209019866257296e8	8.0	42.0	0.0	0.08163265306122448	0.18808777429467086	
5.0242644958485115e8	6.357134320227807e8	7.0	43.0	0.0	0.08163265306122448	0.16265060240963855	
4.981757135551846e8	6.278370182354816e8	2.0	48.0	0.0	0.08163265306122448	0.26605504587155965	
4.8532128414921737e8	5.93870049440004e8	7.0	43.0	0.0	0.08163265306122448	0.21495327102803738	
4.9098213865387225e8	6.316489722917143e8	0.0	50.0	0.0	0.08163265306122448	0.16569767441860464	
4.906019920265633e8	6.358238103952719e8	0.0	50.0	0.0	0.08163265306122448	0.15644171779141106	
4.8054339281549513e8	6.113322431814336e8	1.0	49.0	0.0	0.08163265306122448	0.12844036697247707	
5.0587274995996547e8	6.15677527915309e8	2.0	48.0	0.0	0.08163265306122448	0.19207317073170732	
4.835980953496126e8	6.086812696710565e8	5.0	45.0	0.0	0.08163265306122448	0.24923076923076923	
4.927254259089232e8	6.15672642374574e8	0.0	50.0	0.0	0.08163265306122448	0.19936708860759494	
5.206449343838202e8	6.724015498804748e8	0.0	50.0	0.0	0.08163265306122448	0.08875739644970414	
4.9387379218075955e8	6.358142502326552e8	0.0	50.0	0.0	0.08163265306122448	0.1476923076923077	
5.005334431833601e8	6.431732062685715e8	0.0	50.0	0.0	0.08163265306122448	0.19148936170212766	
4.981003266913873e8	6.187870493071109e8	4.0	46.0	0.0	0.08163265306122448	0.22865853658536586	
5.021393105267858e8	6.591816562037879e8	0.0	50.0	0.0	0.08163265306122448	0.1574074074074074	
4.915048189522488e8	6.117688968583173e8	2.0	48.0	0.0	0.08163265306122448	0.182370820668693	
5.053386678957619e8	6.113976863962052e8	6.0	44.0	0.0	0.08163265306122448	0.14634146341463414	
5.051185868334754e8	6.192521880257012e8	8.0	42.0	0.0	0.08163265306122448	0.19444444444444445	
4.9624863395195377e8	6.464231690855451e8	0.0	50.0	0.0	0.08163265306122448	0.13975155279503104	
5.0076583680657965e8	6.364079963681104e8	0.0	50.0	0.0	0.08163265306122448	0.17378048780487804	
5.0432026225524133e8	6.402411003499866e8	3.0	47.0	0.0	0.08163265306122448	0.21630094043887146	
5.1012931087138164e8	6.791975068123002e8	0.0	50.0	0.0	0.08163265306122448	0.10122699386503067	
5.0711100710748565e8	6.51092959474441e8	0.0	50.0	0.0	0.08163265306122448	0.16822429906542055	
5.0182548572934735e8	6.158751461201547e8	0.0	50.0	0.0	0.08163265306122448	0.17647058823529413	
5.00764084024862e8	6.104871648932443e8	6.0	44.0	0.0	0.08163265306122448	0.19325153374233128	
4.845895332533675e8	6.278737435926642e8	0.0	50.0	0.0	0.08163265306122448	0.1981981981981982	
5.006497426635587e8	6.531513041684377e8	0.0	50.0	0.0	0.08163265306122448	0.12225705329153605	
4.8730020515176594e8	6.125697202605686e8	0.0	50.0	0.0	0.08163265306122448	0.16037735849056603	
5.104049774862068e8	6.123239762281959e8	9.0	41.0	0.0	0.08163265306122448	0.22712933753943218	
4.803593664913114e8	6.106288544916972e8	4.0	46.0	0.0	0.08163265306122448	0.19939577039274925	
5.0786254589891994e8	6.384401227467479e8	3.0	47.0	0.0	0.08163265306122448	0.1892744479495268	
4.999899131912381e8	6.421222831011791e8	0.0	50.0	0.0	0.08163265306122448	0.1592920353982301	
4.925271551370405e8	6.143287543883631e8	5.0	45.0	0.0	0.08163265306122448	0.215625	
5.115698160140127e8	6.515934808523207e8	0.0	50.0	0.0	0.08163265306122448	0.16718266253869968	
4.8844672022547036e8	5.721570381039019e8	15.0	35.0	0.0	0.08163265306122448	0.23148148148148148	
5.037453614570273e8	6.291696390124907e8	0.0	50.0	0.0	0.08163265306122448	0.2222222222222222	
5.07182328160052e8	6.417440072066096e8	0.0	50.0	0.0	0.08163265306122448	0.18633540372670807	
5.12086817177091e8	6.446924353939794e8	0.0	50.0	0.0	0.08163265306122448	0.1753846153846154	
5.060688307502263e8	6.186437503809729e8	6.0	44.0	0.0	0.08163265306122448	0.29003021148036257	
4.9487438105148953e8	6.091027440752405e8	4.0	46.0	0.0	0.08163265306122448	0.19626168224299065	
4.9530638653671324e8	6.372366878494174e8	0.0	50.0	0.0	0.08163265306122448	0.1834862385321101	
4.8816251600559974e8	6.178540706102643e8	1.0	49.0	0.0	0.08163265306122448	0.17325227963525835	
5.1010034296230674e8	6.225051519578292e8	0.0	50.0	0.0	0.08163265306122448	0.1897590361445783	
5.1751941174460894e8	6.047903822818445e8	8.0	42.0	0.0	0.08163265306122448	0.20625	
5.1607299580044407e8	5.804105549844239e8	19.0	31.0	0.0	0.08163265306122448	0.2084592145015106	
5.054909138008999e8	6.123213262779994e8	4.0	46.0	0.0	0.08163265306122448	0.1536144578313253	
5.13646969049487e8	6.404329402973208e8	0.0	50.0	0.0	0.08163265306122448	0.16718266253869968	
4.9487179845497334e8	6.443225890586379e8	0.0	50.0	0.0	0.08163265306122448	0.17647058823529413	
5.0956200862339574e8	6.325839003095641e8	3.0	47.0	0.0	0.08163265306122448	0.147239263803681	
4.8234306118499565e8	6.19639898479612e8	4.0	46.0	0.0	0.08163265306122448	0.19626168224299065	
5.0526844960523677e8	6.125094422357128e8	1.0	49.0	0.0	0.08163265306122448	0.21362229102167182	
4.889907171849408e8	6.379846583918474e8	0.0	50.0	0.0	0.08163265306122448	0.16615384615384615	
4.9827585909076744e8	6.395487320537204e8	0.0	50.0	0.0	0.08163265306122448	0.18181818181818182	
5.001988993933064e8	5.970863755538052e8	4.0	46.0	0.0	0.08163265306122448	0.16770186335403728	
5.0749810201435053e8	6.54290165685037e8	1.0	49.0	0.0	0.08163265306122448	0.11926605504587157	
5.0581625577259135e8	6.344356884679749e8	2.0	48.0	0.0	0.08163265306122448	0.15454545454545454	
5.0332441953563446e8	6.217175522808158e8	0.0	50.0	0.0	0.08163265306122448	0.13719512195121952	
4.90393043512107e8	6.047406677210376e8	2.0	48.0	0.0	0.08163265306122448	0.18575851393188855	
5.025695245832169e8	6.169725837815766e8	7.0	43.0	0.0	0.08163265306122448	0.1588785046728972	
5.0164225938999414e8	6.491092632679727e8	0.0	50.0	0.0	0.08163265306122448	0.19701492537313434	
4.989327818993021e8	6.037809590073959e8	6.0	44.0	0.0	0.08163265306122448	0.23219814241486067	
5.0105537495632184e8	6.376260684975405e8	0.0	50.0	0.0	0.08163265306122448	0.15789473684210525	
4.7795700352668107e8	6.237441010948641e8	0.0	50.0	0.0	0.08163265306122448	0.17701863354037267	
5.0425624245064694e8	6.071544812194874e8	1.0	49.0	0.0	0.08163265306122448	0.15501519756838905	
4.966438579650576e8	6.009239255530102e8	8.0	42.0	0.0	0.08163265306122448	0.21362229102167182	
5.059437263852679e8	6.353036222619693e8	4.0	46.0	0.0	0.08163265306122448	0.1743119266055046	
5.2984092785844874e8	5.819903976614082e8	17.0	33.0	0.0	0.08163265306122448	0.22935779816513763	
5.100816737480406e8	6.521467505352446e8	0.0	50.0	0.0	0.08163265306122448	0.15789473684210525	
5.14116134300584e8	6.578874732516388e8	0.0	50.0	0.0	0.08163265306122448	0.11890243902439024	
5.0478131047166914e8	6.527844904570762e8	0.0	50.0	0.0	0.08163265306122448	0.19444444444444445	
5.0547634151416695e8	6.295062800816913e8	2.0	48.0	0.0	0.08163265306122448	0.20307692307692307	
5.65431645315958e8	5.766675912589082e8	25.0	25.0	0.0	0.08163265306122448	0.1974921630094044	
4.971213868373424e8	5.682947695900173e8	18.0	32.0	0.0	0.08163265306122448	0.215625	
5.0917720717264897e8	6.296683874318185e8	8.0	42.0	0.0	0.08163265306122448	0.22570532915360503	
4.964666502611619e8	6.380600734346571e8	0.0	50.0	0.0	0.08163265306122448	0.14814814814814814	
5.0396908135366344e8	6.288548983604258e8	0.0	50.0	0.0	0.08163265306122448	0.2523364485981308	
5.098897331728893e8	5.758016359133296e8	19.0	31.0	0.0	0.08163265306122448	0.20496894409937888	
4.9937299929697347e8	6.437749729231513e8	0.0	50.0	0.0	0.08163265306122448	0.21428571428571427	
5.210446077345775e8	6.299278620577749e8	3.0	47.0	0.0	0.08163265306122448	0.1588235294117647	
4.9534394756179893e8	5.973418689217479e8	8.0	42.0	0.0	0.08163265306122448	0.22641509433962265	
5.0269529908975303e8	6.558419685470802e8	0.0	50.0	0.0	0.08163265306122448	0.09146341463414634	
4.938541910876591e8	5.991503830763688e8	8.0	42.0	0.0	0.08163265306122448	0.23659305993690852	
5.2240556131589615e8	5.966006106676142e8	8.0	42.0	0.0	0.08163265306122448	0.24107142857142858	
5.0817734146132016e8	6.421770706645527e8	0.0	50.0	0.0	0.08163265306122448	0.12316715542521994	
4.912737656924416e8	6.371699074957964e8	0.0	50.0	0.0	0.08163265306122448	0.215625	
4.8668578168159616e8	6.17537533950178e8	3.0	47.0	0.0	0.08163265306122448	0.1476923076923077	
4.901020690180975e8	6.239431162700406e8	0.0	50.0	0.0	0.08163265306122448	0.22429906542056074	
4.9199087563835e8	6.117124864888786e8	0.0	50.0	0.0	0.08163265306122448	0.1716867469879518	
4.9264010839054894e8	6.271274883080076e8	0.0	50.0	0.0	0.08163265306122448	0.14814814814814814	
4.878786540770298e8	6.135322596314985e8	3.0	47.0	0.0	0.08163265306122448	0.159375	
5.076795570027729e8	6.167857054246585e8	5.0	45.0	0.0	0.08163265306122448	0.2006079027355623	
4.905302042393676e8	6.200328158109978e8	0.0	50.0	0.0	0.08163265306122448	0.17751479289940827	
5.121651062283194e8	6.302751546355718e8	0.0	50.0	0.0	0.08163265306122448	0.182370820668693	
4.8970451844999504e8	6.21307958023696e8	0.0	50.0	0.0	0.08163265306122448	0.1656441717791411	
5.235373441670817e8	5.801853884297328e8	13.0	37.0	0.0	0.08163265306122448	0.24923076923076923	
5.009996924498339e8	6.025966304120729e8	6.0	44.0	0.0	0.08163265306122448	0.2336448598130841	
5.082200019387695e8	6.394040310728651e8	6.0	44.0	0.0	0.08163265306122448	0.16615384615384615	
4.8784297357272553e8	6.259486185948992e8	3.0	47.0	0.0	0.08163265306122448	0.13761467889908258	
5.1546068810781026e8	6.250582833264403e8	6.0	44.0	0.0	0.08163265306122448	0.10975609756097561	
5.112655099469946e8	6.258382517333224e8	3.0	47.0	0.0	0.08163265306122448	0.20307692307692307	
5.0289639215574825e8	6.190651406818036e8	0.0	50.0	0.0	0.08163265306122448	0.21362229102167182	
5.002306568496574e8	6.419024130389752e8	0.0	50.0	0.0	0.08163265306122448	0.18181818181818182	
5.102641000706151e8	6.344881837411718e8	1.0	49.0	0.0	0.08163265306122448	0.20245398773006135	
4.95038303921305e8	6.131216417459525e8	7.0	43.0	0.0	0.08163265306122448	0.26498422712933756	
4.9736978036658263e8	6.184184000096992e8	0.0	50.0	0.0	0.08163265306122448	0.16715542521994134	
4.8564662179654264e8	6.186519143739631e8	1.0	49.0	0.0	0.08163265306122448	0.19384615384615383	
5.095649333448844e8	6.35251165817649e8	3.0	47.0	0.0	0.08163265306122448	0.20121951219512196	
5.246393554507077e8	6.28418101826354e8	4.0	46.0	0.0	0.08163265306122448	0.14860681114551083	
5.25368186020765e8	5.795950259315853e8	15.0	35.0	0.0	0.08163265306122448	0.21296296296296297	
5.018645243257184e8	6.254228555193825e8	0.0	50.0	0.0	0.08163265306122448	0.13803680981595093	
4.9397016837971485e8	6.385672438368831e8	0.0	50.0	0.0	0.08163265306122448	0.20658682634730538	
5.12335056354804e8	6.026500281360707e8	12.0	38.0	0.0	0.08163265306122448	0.1743119266055046	
4.956422221368202e8	6.330476583505342e8	0.0	50.0	0.0	0.08163265306122448	0.18575851393188855	
4.893247962969278e8	6.140565468317327e8	9.0	41.0	0.0	0.08163265306122448	0.23510971786833856	
4.8352376188462996e8	6.247830058080149e8	7.0	43.0	0.0	0.08163265306122448	0.2037037037037037	
5.028666541127274e8	6.528862746631229e8	0.0	50.0	0.0	0.08163265306122448	0.13291139240506328	
5.064476914906745e8	6.628149368054012e8	0.0	50.0	0.0	0.08163265306122448	0.17378048780487804	
5.083611231110065e8	6.143347632469962e8	6.0	44.0	0.0	0.08163265306122448	0.19701492537313434	
5.183156053981983e8	6.541496798924049e8	0.0	50.0	0.0	0.08163265306122448	0.15692307692307692	
4.779634211068494e8	6.190280481046693e8	5.0	45.0	0.0	0.08163265306122448	0.14953271028037382	
5.0821885879227644e8	6.191109910525192e8	5.0	45.0	0.0	0.08163265306122448	0.16822429906542055	
5.2769362637880206e8	6.466800654830594e8	0.0	50.0	0.0	0.08163265306122448	0.09969788519637462	
5.043652138159654e8	6.380086655028226e8	3.0	47.0	0.0	0.08163265306122448	0.2123076923076923	
5.170708631991894e8	5.949746929093088e8	8.0	42.0	0.0	0.08163265306122448	0.22291021671826625	
4.929866211893276e8	6.166040363040991e8	1.0	49.0	0.0	0.08163265306122448	0.16023738872403562	
5.168026875674225e8	6.245845087168608e8	3.0	47.0	0.0	0.08163265306122448	0.11076923076923077	
4.970081014787456e8	6.351085106314328e8	0.0	50.0	0.0	0.08163265306122448	0.205607476635514	
5.002859685747684e8	6.312955034291306e8	2.0	48.0	0.0	0.08163265306122448	0.15223880597014924	
4.966497366362953e8	6.308879781810321e8	0.0	50.0	0.0	0.08163265306122448	0.19811320754716982	
4.925809772944045e8	6.156477021712536e8	4.0	46.0	0.0	0.08163265306122448	0.18037974683544303	
5.054175859508769e8	6.219304614409928e8	0.0	50.0	0.0	0.08163265306122448	0.17220543806646527	
5.091296966825026e8	6.498406006368726e8	0.0	50.0	0.0	0.08163265306122448	0.1651376146788991	
4.966809132733453e8	6.573286750955778e8	0.0	50.0	0.0	0.08163265306122448	0.10810810810810811	
5.0048987535182005e8	6.116597504972987e8	0.0	50.0	0.0	0.08163265306122448	0.21428571428571427	
4.841344802035493e8	6.35861962102849e8	0.0	50.0	0.0	0.08163265306122448	0.17484662576687116	
5.083576368554168e8	6.435713175326988e8	0.0	50.0	0.0	0.08163265306122448	0.16363636363636364	
4.9067419975703645e8	5.985794298685114e8	10.0	40.0	0.0	0.08163265306122448	0.271875	
5.040475805898059e8	6.147171781318192e8	5.0	45.0	0.0	0.08163265306122448	0.19626168224299065	
5.06152374874594e8	6.55004210925941e8	0.0	50.0	0.0	0.08163265306122448	0.11746987951807229	
4.971435483069844e8	6.335628559843335e8	0.0	50.0	0.0	0.08163265306122448	0.18867924528301888	
5.024594895105472e8	6.051278865704516e8	11.0	39.0	0.0	0.08163265306122448	0.1875	
4.860959927774713e8	5.885425810826602e8	10.0	40.0	0.0	0.08163265306122448	0.19444444444444445	
5.0997214028184354e8	5.977584650843165e8	5.0	45.0	0.0	0.08163265306122448	0.18018018018018017	
5.012755741849693e8	6.410120273476005e8	0.0	50.0	0.0	0.08163265306122448	0.12844036697247707	
4.898637955588697e8	5.861089504872744e8	12.0	38.0	0.0	0.08163265306122448	0.17325227963525835	
5.127924446004797e8	6.535896935896187e8	0.0	50.0	0.0	0.08163265306122448	0.16119402985074627	
4.9202208412049377e8	6.032363773227894e8	2.0	48.0	0.0	0.08163265306122448	0.23148148148148148	
5.20917956447612e8	5.951361432904505e8	7.0	43.0	0.0	0.08163265306122448	0.253125	
4.841665398165526e8	6.348578077763162e8	1.0	49.0	0.0	0.08163265306122448	0.12612612612612611	
5.01329929191562e8	6.088339180613291e8	5.0	45.0	0.0	0.08163265306122448	0.2006079027355623	
5.1882319769498265e8	6.066986803312824e8	6.0	44.0	0.0	0.08163265306122448	0.18691588785046728	
5.374545720007243e8	5.895314375773096e8	21.0	29.0	0.0	0.08163265306122448	0.1588785046728972	
4.8950997844632137e8	6.203363042817651e8	0.0	50.0	0.0	0.08163265306122448	0.16463414634146342	
5.0165341910793924e8	6.303941741845236e8	0.0	50.0	0.0	0.08163265306122448	0.2043343653250774	
4.9499720242029214e8	5.957544984956182e8	13.0	37.0	0.0	0.08163265306122448	0.2	
5.1362989725494266e8	6.403759686814536e8	0.0	50.0	0.0	0.08163265306122448	0.1574074074074074	
5.0728879088887453e8	5.921263338691928e8	11.0	39.0	0.0	0.08163265306122448	0.17378048780487804	
5.0616911223977697e8	6.418512711292245e8	0.0	50.0	0.0	0.08163265306122448	0.20245398773006135	
4.738283665752181e8	6.230511136842532e8	0.0	50.0	0.0	0.08163265306122448	0.14501510574018128	
4.9887684157747793e8	6.386669025808135e8	0.0	50.0	0.0	0.08163265306122448	0.20625	
4.885907238125005e8	6.02377252780016e8	8.0	42.0	0.0	0.08163265306122448	0.1926605504587156	
5.12427686628546e8	6.514377550352852e8	0.0	50.0	0.0	0.08163265306122448	0.19325153374233128	
4.94181139054178e8	5.941910178688291e8	13.0	37.0	0.0	0.08163265306122448	0.182370820668693	
5.126720216405928e8	6.324119093135585e8	2.0	48.0	0.0	0.08163265306122448	0.2197452229299363	
5.077484162294031e8	6.352111897269895e8	3.0	47.0	0.0	0.08163265306122448	0.22388059701492538	
4.983346160213618e8	5.892291562559674e8	9.0	41.0	0.0	0.08163265306122448	0.2422360248447205	
5.0579962609711874e8	5.975320487377052e8	6.0	44.0	0.0	0.08163265306122448	0.17647058823529413	
4.983220284869393e8	6.270707711212323e8	3.0	47.0	0.0	0.08163265306122448	0.26332288401253917	
4.901969388849888e8	6.335024578784182e8	3.0	47.0	0.0	0.08163265306122448	0.15838509316770186	
5.096315671086842e8	6.43390065050349e8	0.0	50.0	0.0	0.08163265306122448	0.15501519756838905	
4.9612217261434394e8	6.233530302089305e8	2.0	48.0	0.0	0.08163265306122448	0.15223880597014924	
5.097392733046374e8	6.345365543239884e8	0.0	50.0	0.0	0.08163265306122448	0.09792284866468842	
4.849041924471425e8	6.119494668042862e8	6.0	44.0	0.0	0.08163265306122448	0.28125	
5.185204948670269e8	5.969043569513855e8	12.0	38.0	0.0	0.08163265306122448	0.19384615384615383	
5.030813333699051e8	6.609401597456071e8	0.0	50.0	0.0	0.08163265306122448	0.22153846153846155	
5.227398393192035e8	5.675558938255496e8	17.0	33.0	0.0	0.08163265306122448	0.2608695652173913	
5.1603662864453876e8	5.897958126142324e8	11.0	39.0	0.0	0.08163265306122448	0.21495327102803738	
5.11007264195483e8	6.19569870125426e8	0.0	50.0	0.0	0.08163265306122448	0.2123076923076923	
5.2428538805606467e8	6.136443991316676e8	4.0	46.0	0.0	0.08163265306122448	0.21362229102167182	
4.9333143760561836e8	6.59706756309587e8	0.0	50.0	0.0	0.08163265306122448	0.11676646706586827	
5.031321605927442e8	5.924127443551469e8	11.0	39.0	0.0	0.08163265306122448	0.24324324324324326	
5.09400160011171e8	6.258105344708703e8	0.0	50.0	0.0	0.08163265306122448	0.19325153374233128	
4.986085534666573e8	6.454334838707905e8	0.0	50.0	0.0	0.08163265306122448	0.18126888217522658	
5.091596229963998e8	6.343512351980321e8	0.0	50.0	0.0	0.08163265306122448	0.15838509316770186	
5.122981830677582e8	6.013853938308074e8	3.0	47.0	0.0	0.08163265306122448	0.16265060240963855	
5.239091673287463e8	6.190874366958833e8	8.0	42.0	0.0	0.08163265306122448	0.17065868263473055	
4.91011529535743e8	6.075636152399714e8	8.0	42.0	0.0	0.08163265306122448	0.21100917431192662	
4.855006568829733e8	6.117327774654577e8	2.0	48.0	0.0	0.08163265306122448	0.19384615384615383	
5.0640055440076935e8	6.06301967120451e8	5.0	45.0	0.0	0.08163265306122448	0.21362229102167182	
5.0132477488188255e8	5.99366588585317e8	5.0	45.0	0.0	0.08163265306122448	0.22641509433962265	
5.145230860444766e8	6.446189860260713e8	0.0	50.0	0.0	0.08163265306122448	0.17325227963525835	
4.978682541320545e8	6.067598216491634e8	6.0	44.0	0.0	0.08163265306122448	0.23659305993690852	
4.9701749674240255e8	6.152325898659489e8	9.0	41.0	0.0	0.08163265306122448	0.21835443037974683	
5.07064718527992e8	6.06943099693871e8	1.0	49.0	0.0	0.08163265306122448	0.19939577039274925	
4.993074186996243e8	6.354923218121785e8	0.0	50.0	0.0	0.08163265306122448	0.225	
4.807351248697717e8	6.282774995480055e8	0.0	50.0	0.0	0.08163265306122448	0.1834862385321101	
5.037415096661909e8	6.2748682820334e8	0.0	50.0	0.0	0.08163265306122448	0.19325153374233128	
5.153413610141112e8	6.447194831184399e8	0.0	50.0	0.0	0.08163265306122448	0.12804878048780488	
5.062285734398432e8	5.954201329604094e8	9.0	41.0	0.0	0.08163265306122448	0.17701863354037267	
5.072284413422213e8	6.436791034096138e8	4.0	46.0	0.0	0.08163265306122448	0.2116564417177914	
4.863587795356624e8	5.969564313321662e8	6.0	44.0	0.0	0.08163265306122448	0.17701863354037267	
4.994870504084285e8	6.285444002118558e8	4.0	46.0	0.0	0.08163265306122448	0.215625	
5.700703768641064e8	5.55417566963639e8	26.0	24.0	0.0	0.08163265306122448	0.15644171779141106	
5.1538202980878836e8	6.462663617427468e8	1.0	49.0	0.0	0.08163265306122448	0.20754716981132076	
5.074543022537183e8	6.67898151356363e8	0.0	50.0	0.0	0.08163265306122448	0.1656441717791411	
5.123306680658051e8	6.154414370398867e8	6.0	44.0	0.0	0.08163265306122448	0.17647058823529413	
5.05331057813428e8	6.129421274229329e8	2.0	48.0	0.0	0.08163265306122448	0.22727272727272727	
4.9361384657368803e8	6.454915135960236e8	0.0	50.0	0.0	0.08163265306122448	0.16666666666666666	
4.962797552464548e8	6.147802925823603e8	2.0	48.0	0.0	0.08163265306122448	0.24148606811145512	
4.993603728863396e8	6.210312596366411e8	1.0	49.0	0.0	0.08163265306122448	0.24074074074074073	
4.9359234621525896e8	5.848280266140637e8	14.0	36.0	0.0	0.08163265306122448	0.22429906542056074	
5.0233078010361063e8	6.656268451325331e8	0.0	50.0	0.0	0.08163265306122448	0.16314199395770393	
5.154329476846816e8	5.783945253016387e8	17.0	33.0	0.0	0.08163265306122448	0.22857142857142856	
5.0173441918985045e8	6.233260526033301e8	4.0	46.0	0.0	0.08163265306122448	0.18633540372670807	
4.8765536622004294e8	6.434690902300074e8	0.0	50.0	0.0	0.08163265306122448	0.2018348623853211	
5.117148966425198e8	6.285175223279903e8	0.0	50.0	0.0	0.08163265306122448	0.178125	
5.0164317590332294e8	6.233528127929151e8	0.0	50.0	0.0	0.08163265306122448	0.16875	
4.9765602649562734e8	6.222576803101727e8	2.0	48.0	0.0	0.08163265306122448	0.18575851393188855	
5.0109028319807214e8	6.039961010539047e8	8.0	42.0	0.0	0.08163265306122448	0.16981132075471697	
4.874062367497395e8	6.153336693499069e8	1.0	49.0	0.0	0.08163265306122448	0.15	
5.119255089495702e8	5.762141877122002e8	13.0	37.0	0.0	0.08163265306122448	0.22641509433962265	
5.201690915373565e8	5.680413815617893e8	22.0	28.0	0.0	0.08163265306122448	0.2668711656441718	
5.0231657649136025e8	6.161909204965773e8	0.0	50.0	0.0	0.08163265306122448	0.2043343653250774	
5.005389030781694e8	6.495316107664783e8	0.0	50.0	0.0	0.08163265306122448	0.17484662576687116	
5.029899959943827e8	6.38367526437765e8	0.0	50.0	0.0	0.08163265306122448	0.10122699386503067	
4.876064307459848e8	6.15204757457134e8	2.0	48.0	0.0	0.08163265306122448	0.16463414634146342	
5.128463281226927e8	6.346816568829968e8	0.0	50.0	0.0	0.08163265306122448	0.12883435582822086	
5.0105074137308306e8	6.171372593736024e8	3.0	47.0	0.0	0.08163265306122448	0.12883435582822086	
5.166350144209088e8	6.398374521655916e8	0.0	50.0	0.0	0.08163265306122448	0.23006134969325154	
5.328289101413657e8	5.76086494412848e8	22.0	28.0	0.0	0.08163265306122448	0.22291021671826625	
5.0227540177938676e8	6.221108628106472e8	2.0	48.0	0.0	0.08163265306122448	0.16265060240963855	
4.9200027730251706e8	6.140037540223223e8	0.0	50.0	0.0	0.08163265306122448	0.13636363636363635	
4.856044301884934e8	6.283620121080825e8	0.0	50.0	0.0	0.08163265306122448	0.16615384615384615	
4.954126351221706e8	6.085221827588518e8	1.0	49.0	0.0	0.08163265306122448	0.14423076923076922	
4.909720679430045e8	6.311686484167061e8	1.0	49.0	0.0	0.08163265306122448	0.16314199395770393	
5.2653570986875105e8	5.677223529651386e8	22.0	28.0	0.0	0.08163265306122448	0.18181818181818182	
4.984494758953712e8	6.41446254377196e8	0.0	50.0	0.0	0.08163265306122448	0.20245398773006135	
4.9408685946343267e8	6.317373933773831e8	1.0	49.0	0.0	0.08163265306122448	0.2169811320754717	
4.93019831359041e8	6.18675189417844e8	3.0	47.0	0.0	0.08163265306122448	0.1926605504587156	
5.0915906785238063e8	5.802937809178183e8	11.0	39.0	0.0	0.08163265306122448	0.21296296296296297	
5.084312061965383e8	6.58838106053638e8	0.0	50.0	0.0	0.08163265306122448	0.21766561514195584	
4.8060071047754e8	5.91811086006383e8	6.0	44.0	0.0	0.08163265306122448	0.23853211009174313	
4.993726042729701e8	6.042427332080612e8	7.0	43.0	0.0	0.08163265306122448	0.24299065420560748	
5.430654074891766e8	5.672660192536337e8	24.0	26.0	0.0	0.08163265306122448	0.24375	
4.9951346709624505e8	6.278218363931468e8	0.0	50.0	0.0	0.08163265306122448	0.2123076923076923	
5.221890169158907e8	6.289848722019205e8	1.0	49.0	0.0	0.08163265306122448	0.19090909090909092	
4.896418470287283e8	5.843900526199989e8	8.0	42.0	0.0	0.08163265306122448	0.17701863354037267	
5.2608164754678947e8	5.866627362452849e8	18.0	32.0	0.0	0.08163265306122448	0.1926605504587156	
5.0911646509833753e8	6.433956599698169e8	0.0	50.0	0.0	0.08163265306122448	0.20063694267515925	
5.040318967226378e8	6.55050344524261e8	0.0	50.0	0.0	0.08163265306122448	0.13975155279503104	
5.0102944624169487e8	6.08110673821897e8	2.0	48.0	0.0	0.08163265306122448	0.17647058823529413	
4.8106853031815743e8	6.193885048941157e8	3.0	47.0	0.0	0.08163265306122448	0.1393188854489164	
5.141212530782722e8	5.970290199005268e8	9.0	41.0	0.0	0.08163265306122448	0.15692307692307692	
5.1188521847892284e8	6.281608661984451e8	0.0	50.0	0.0	0.08163265306122448	0.1875	
4.941967326773617e8	6.148280077530522e8	1.0	49.0	0.0	0.08163265306122448	0.21296296296296297	
4.971844447699728e8	6.287154809094858e8	5.0	45.0	0.0	0.08163265306122448	0.17981072555205047	
4.963335862835653e8	6.222917247538614e8	0.0	50.0	0.0	0.08163265306122448	0.12844036697247707	
5.095560633557803e8	6.185863716811367e8	5.0	45.0	0.0	0.08163265306122448	0.24545454545454545	
4.986834145004686e8	6.014556393484538e8	10.0	40.0	0.0	0.08163265306122448	0.16463414634146342	
4.961887021332448e8	6.136220278929098e8	7.0	43.0	0.0	0.08163265306122448	0.18461538461538463	
5.172283791848429e8	6.231459776566504e8	3.0	47.0	0.0	0.08163265306122448	0.11436950146627566	
4.854714226624054e8	6.032608386027501e8	12.0	38.0	0.0	0.08163265306122448	0.225	
5.077354284687457e8	6.539242341382132e8	0.0	50.0	0.0	0.08163265306122448	0.1559633027522936	
5.000209780838799e8	6.061011929798393e8	4.0	46.0	0.0	0.08163265306122448	0.16964285714285715	
5.0766177482137525e8	6.57385363483236e8	0.0	50.0	0.0	0.08163265306122448	0.1926605504587156	
4.964729684210042e8	6.269650438076622e8	0.0	50.0	0.0	0.08163265306122448	0.20689655172413793	
4.9136477650394857e8	6.379105916478465e8	0.0	50.0	0.0	0.08163265306122448	0.253125	
5.309287334363658e8	5.725433127091398e8	22.0	28.0	0.0	0.08163265306122448	0.21428571428571427	
5.060457383867681e8	6.629573166144595e8	0.0	50.0	0.0	0.08163265306122448	0.13761467889908258	
4.976489414758683e8	5.812881322038292e8	14.0	36.0	0.0	0.08163265306122448	0.1641337386018237	
4.842350261055163e8	6.269674399454572e8	1.0	49.0	0.0	0.08163265306122448	0.11214953271028037	
5.036096629234874e8	6.56396341804887e8	0.0	50.0	0.0	0.08163265306122448	0.20535714285714285	
5.224769871159353e8	6.325869227268052e8	11.0	39.0	0.0	0.08163265306122448	0.09939759036144578	
5.1068323834052366e8	6.119905112334777e8	6.0	44.0	0.0	0.08163265306122448	0.18461538461538463	
5.1037155172600734e8	6.114245925454106e8	2.0	48.0	0.0	0.08163265306122448	0.16463414634146342	
5.121425803615813e8	6.302586300114193e8	0.0	50.0	0.0	0.08163265306122448	0.17592592592592593	
5.370296952760284e8	6.1433916016491e8	9.0	41.0	0.0	0.08163265306122448	0.1509433962264151	
4.893086433949815e8	6.291303753829947e8	0.0	50.0	0.0	0.08163265306122448	0.11356466876971609	
4.965531599906042e8	6.254235457774932e8	0.0	50.0	0.0	0.08163265306122448	0.13313609467455623	
4.874194143808909e8	6.100134485907485e8	11.0	39.0	0.0	0.08163265306122448	0.1743119266055046	
5.3037337725839114e8	6.162790785159415e8	6.0	44.0	0.0	0.08163265306122448	0.2	
5.0154377808381045e8	6.333117289699405e8	0.0	50.0	0.0	0.08163265306122448	0.18292682926829268	
4.9060370541808385e8	6.038104943677895e8	6.0	44.0	0.0	0.08163265306122448	0.20307692307692307	
4.986236105530194e8	6.088222830021946e8	3.0	47.0	0.0	0.08163265306122448	0.225	
4.921019552630147e8	6.433058772348998e8	1.0	49.0	0.0	0.08163265306122448	0.1242603550295858	
4.8699769806326675e8	6.3404980960047e8	5.0	45.0	0.0	0.08163265306122448	0.196875	
4.8646611809883356e8	5.892547919986949e8	10.0	40.0	0.0	0.08163265306122448	0.19444444444444445	
4.9451421165027845e8	6.068007271882617e8	5.0	45.0	0.0	0.08163265306122448	0.18404907975460122	
5.2737116345219696e8	5.829470959008522e8	14.0	36.0	0.0	0.08163265306122448	0.19090909090909092	
4.746892267875734e8	5.932504434334129e8	8.0	42.0	0.0	0.08163265306122448	0.23510971786833856	
5.0993244436461127e8	5.880885933755722e8	11.0	39.0	0.0	0.08163265306122448	0.2830188679245283	
5.0098395966146314e8	6.220492695693507e8	5.0	45.0	0.0	0.08163265306122448	0.1656441717791411	
5.286691633559259e8	6.033692526077499e8	14.0	36.0	0.0	0.08163265306122448	0.20597014925373133	
5.1112245307798654e8	6.179216426550226e8	3.0	47.0	0.0	0.08163265306122448	0.1458966565349544	
5.1617934931033856e8	6.274270714294949e8	0.0	50.0	0.0	0.08163265306122448	0.1656441717791411	
4.894804883311267e8	6.128817050977257e8	3.0	47.0	0.0	0.08163265306122448	0.2123076923076923	
5.004447291713505e8	5.800835143066889e8	15.0	35.0	0.0	0.08163265306122448	0.2043343653250774	
5.06024809351083e8	6.380867483950629e8	0.0	50.0	0.0	0.08163265306122448	0.16770186335403728	
5.065758896905468e8	6.679372420686027e8	0.0	50.0	0.0	0.08163265306122448	0.1608832807570978	
5.075151401301044e8	6.079989544062178e8	7.0	43.0	0.0	0.08163265306122448	0.18575851393188855	
5.185402644782915e8	6.53434298245222e8	0.0	50.0	0.0	0.08163265306122448	0.17701863354037267	
5.080859495458535e8	6.341230859280661e8	0.0	50.0	0.0	0.08163265306122448	0.1956521739130435	
4.9738225809033453e8	6.303064810267633e8	2.0	48.0	0.0	0.08163265306122448	0.2043343653250774	
5.1672423855270946e8	5.9863483972715e8	6.0	44.0	0.0	0.08163265306122448	0.25471698113207547	
5.134698404881178e8	5.741085674507843e8	18.0	32.0	0.0	0.08163265306122448	0.28125	
4.948684878005699e8	6.252214176069273e8	1.0	49.0	0.0	0.08163265306122448	0.18292682926829268	
4.968505039986333e8	6.514813243173904e8	0.0	50.0	0.0	0.08163265306122448	0.16822429906542055	
4.905776257526256e8	5.927449436488321e8	10.0	40.0	0.0	0.08163265306122448	0.21100917431192662	
5.24174533337201e8	6.021174846929678e8	4.0	46.0	0.0	0.08163265306122448	0.21036585365853658	
4.9221595350769484e8	6.035881478654578e8	8.0	42.0	0.0	0.08163265306122448	0.18126888217522658	
4.937544831796231e8	6.316055754890258e8	0.0	50.0	0.0	0.08163265306122448	0.2037037037037037	
5.056288860075302e8	6.240185341022861e8	8.0	42.0	0.0	0.08163265306122448	0.12804878048780488	
5.243135872854304e8	6.095125862560502e8	12.0	38.0	0.0	0.08163265306122448	0.18292682926829268	
5.637826840021739e8	6.009731409090507e8	18.0	32.0	0.0	0.08163265306122448	0.15548780487804878	
4.920175276875956e8	6.205302077328233e8	0.0	50.0	0.0	0.08163265306122448	0.13003095975232198	
4.8356791781379044e8	6.193573645952417e8	0.0	50.0	0.0	0.08163265306122448	0.2123076923076923	
5.212541466276456e8	6.114117773298304e8	0.0	50.0	0.0	0.08163265306122448	0.1458966565349544	
4.961305882315426e8	6.321279156654874e8	1.0	49.0	0.0	0.08163265306122448	0.1753846153846154	
4.9804029561915386e8	6.22859987535773e8	0.0	50.0	0.0	0.08163265306122448	0.1388888888888889	
5.238525773405047e8	5.869838292312744e8	10.0	40.0	0.0	0.08163265306122448	0.1743119266055046	
5.0919151188292813e8	6.399132772261517e8	0.0	50.0	0.0	0.08163265306122448	0.16913946587537093	
4.792917761942442e8	6.153845021290365e8	1.0	49.0	0.0	0.08163265306122448	0.1875	
4.821450270083579e8	6.230889398676271e8	3.0	47.0	0.0	0.08163265306122448	0.18126888217522658	
4.9281500775331926e8	6.31523434772398e8	2.0	48.0	0.0	0.08163265306122448	0.2417910447761194	
5.0195380688296056e8	6.337102777371178e8	6.0	44.0	0.0	0.08163265306122448	0.18691588785046728	
5.0006620479056036e8	6.078292522148476e8	4.0	46.0	0.0	0.08163265306122448	0.1656441717791411	
5.205988858801481e8	6.087314546698828e8	5.0	45.0	0.0	0.08163265306122448	0.2169811320754717	
5.147726496380811e8	5.892181951017504e8	15.0	35.0	0.0	0.08163265306122448	0.24148606811145512	
4.9268322735109866e8	6.135061275857521e8	1.0	49.0	0.0	0.08163265306122448	0.2018348623853211	
4.8673431814231527e8	6.035878046725895e8	5.0	45.0	0.0	0.08163265306122448	0.2043343653250774	
5.0423051382623345e8	6.63796635719677e8	0.0	50.0	0.0	0.08163265306122448	0.13595166163141995	
5.1898695246658814e8	6.347926714217203e8	2.0	48.0	0.0	0.08163265306122448	0.1753846153846154	
5.158053629822706e8	6.545686110626178e8	0.0	50.0	0.0	0.08163265306122448	0.215625	
4.7003657199294573e8	5.933470619735464e8	11.0	39.0	0.0	0.08163265306122448	0.1588785046728972	
4.9446128685812247e8	6.389886226880894e8	2.0	48.0	0.0	0.08163265306122448	0.14814814814814814	
4.770482621993909e8	6.166687763197615e8	2.0	48.0	0.0	0.08163265306122448	0.23219814241486067	
5.0969451259426856e8	6.157800698001819e8	3.0	47.0	0.0	0.08163265306122448	0.13975155279503104	
5.083894857665999e8	6.02226928467685e8	3.0	47.0	0.0	0.08163265306122448	0.18037974683544303	
5.1327227665754664e8	6.489002913019712e8	0.0	50.0	0.0	0.08163265306122448	0.19504643962848298	
4.933420504933672e8	5.809087974589727e8	16.0	34.0	0.0	0.08163265306122448	0.18691588785046728	
5.0453702165470344e8	6.225040103821974e8	1.0	49.0	0.0	0.08163265306122448	0.1559633027522936	
5.0408333870364225e8	6.205729256851838e8	3.0	47.0	0.0	0.08163265306122448	0.2043343653250774	
5.006197370101316e8	6.408435703625793e8	0.0	50.0	0.0	0.08163265306122448	0.205607476635514	
5.0144230547248185e8	6.310109001950103e8	3.0	47.0	0.0	0.08163265306122448	0.19384615384615383	
4.944778955501996e8	6.187403157372762e8	6.0	44.0	0.0	0.08163265306122448	0.23636363636363636	
4.9302212487389463e8	6.444421212443441e8	0.0	50.0	0.0	0.08163265306122448	0.21835443037974683	
5.0686521035952896e8	6.117483836767405e8	9.0	41.0	0.0	0.08163265306122448	0.22935779816513763	
4.8928718371743274e8	6.329421365899407e8	6.0	44.0	0.0	0.08163265306122448	0.24	
5.024095498218319e8	6.328702807965851e8	3.0	47.0	0.0	0.08163265306122448	0.14634146341463414	
4.987870005609716e8	6.456130330616534e8	0.0	50.0	0.0	0.08163265306122448	0.16615384615384615	
4.964993438837281e8	5.992785398327624e8	10.0	40.0	0.0	0.08163265306122448	0.22429906542056074	
5.081613893852124e8	6.402881798022583e8	0.0	50.0	0.0	0.08163265306122448	0.22641509433962265	
5.185942133943324e8	6.236620676359665e8	8.0	42.0	0.0	0.08163265306122448	0.2082018927444795	
4.755323444890188e8	6.138489726142628e8	0.0	50.0	0.0	0.08163265306122448	0.1388888888888889	
5.112539390906113e8	5.805913101631464e8	17.0	33.0	0.0	0.08163265306122448	0.22784810126582278	
5.259180340600452e8	5.808900125284402e8	20.0	30.0	0.0	0.08163265306122448	0.17647058823529413	
5.1536869327485746e8	6.340240342096314e8	0.0	50.0	0.0	0.08163265306122448	0.20496894409937888	
5.0636872008138824e8	5.902562909509788e8	8.0	42.0	0.0	0.08163265306122448	0.17647058823529413	
4.967514915484865e8	5.948881725284135e8	9.0	41.0	0.0	0.08163265306122448	0.2236024844720497	
5.080292954941524e8	6.316038691961215e8	0.0	50.0	0.0	0.08163265306122448	0.1651376146788991	
4.91485704818506e8	5.899792006760905e8	12.0	38.0	0.0	0.08163265306122448	0.20625	
4.9005802382853043e8	6.372179661720881e8	1.0	49.0	0.0	0.08163265306122448	0.15548780487804878	
5.0809005207251906e8	6.262755228762033e8	0.0	50.0	0.0	0.08163265306122448	0.2006079027355623	
4.940895176568011e8	6.186186696310058e8	1.0	49.0	0.0	0.08163265306122448	0.15692307692307692	
4.992553299698607e8	6.306147295019622e8	0.0	50.0	0.0	0.08163265306122448	0.19626168224299065	
4.735058913402314e8	5.980288730453541e8	9.0	41.0	0.0	0.08163265306122448	0.1651376146788991	
5.0510388687113047e8	6.681670215042908e8	0.0	50.0	0.0	0.08163265306122448	0.16167664670658682	
5.0666089911026174e8	6.219278797245327e8	1.0	49.0	0.0	0.08163265306122448	0.21428571428571427	
4.944689873179461e8	6.165038024255583e8	1.0	49.0	0.0	0.08163265306122448	0.1926605504587156	
4.9931095393255705e8	6.21626605157427e8	0.0	50.0	0.0	0.08163265306122448	0.1476923076923077	
5.252280974253861e8	6.579291074178025e8	0.0	50.0	0.0	0.08163265306122448	0.21428571428571427	
5.305987413725972e8	6.490923302102089e8	1.0	49.0	0.0	0.08163265306122448	0.19207317073170732	
4.951531207074499e8	6.337755502466453e8	2.0	48.0	0.0	0.08163265306122448	0.15454545454545454	
4.955185717636375e8	6.33956226863109e8	0.0	50.0	0.0	0.08163265306122448	0.25609756097560976	
4.9798568884861094e8	6.467280663925674e8	0.0	50.0	0.0	0.08163265306122448	0.21036585365853658	
5.264454320482564e8	6.0694867706941e8	11.0	39.0	0.0	0.08163265306122448	0.19504643962848298	
5.087366181801027e8	6.042002813641567e8	4.0	46.0	0.0	0.08163265306122448	0.1892744479495268	
5.0151961613077307e8	6.209087237121147e8	0.0	50.0	0.0	0.08163265306122448	0.17378048780487804	
4.882872515728645e8	6.095586818714335e8	6.0	44.0	0.0	0.08163265306122448	0.20245398773006135	
4.929435505135862e8	6.168540451589762e8	5.0	45.0	0.0	0.08163265306122448	0.19444444444444445	
5.0373242406349486e8	6.245141529699868e8	1.0	49.0	0.0	0.08163265306122448	0.16615384615384615	
5.140330618525293e8	6.317963151037738e8	2.0	48.0	0.0	0.08163265306122448	0.19760479041916168	
5.037441970656571e8	6.525029766862121e8	0.0	50.0	0.0	0.08163265306122448	0.14634146341463414	
5.1191254642292917e8	6.45934502643945e8	0.0	50.0	0.0	0.08163265306122448	0.16863905325443787	
4.943290818468676e8	5.89837200678149e8	11.0	39.0	0.0	0.08163265306122448	0.234375	
4.990524068174679e8	6.199270717800987e8	6.0	44.0	0.0	0.08163265306122448	0.1792452830188679	
5.1066205481675255e8	6.019196495434077e8	7.0	43.0	0.0	0.08163265306122448	0.17757009345794392	
4.99124616874928e8	6.511719843224726e8	0.0	50.0	0.0	0.08163265306122448	0.15789473684210525	
5.069813296797687e8	6.28315519068831e8	7.0	43.0	0.0	0.08163265306122448	0.2608695652173913	
5.0093504419880664e8	5.980819716372334e8	13.0	37.0	0.0	0.08163265306122448	0.22570532915360503	
4.957504363418106e8	6.48924299669412e8	0.0	50.0	0.0	0.08163265306122448	0.1437125748502994	
5.061784478596206e8	6.392475612959478e8	0.0	50.0	0.0	0.08163265306122448	0.18808777429467086	
5.067531986116586e8	6.306653669278042e8	0.0	50.0	0.0	0.08163265306122448	0.1753846153846154	
4.964504624897487e8	6.136803483004639e8	5.0	45.0	0.0	0.08163265306122448	0.14076246334310852	
4.8127689200690305e8	6.136640436029208e8	3.0	47.0	0.0	0.08163265306122448	0.19148936170212766	
5.01700526685572e8	6.152806416676406e8	5.0	45.0	0.0	0.08163265306122448	0.22018348623853212	
5.289885949902203e8	6.180585795408733e8	5.0	45.0	0.0	0.08163265306122448	0.11009174311926606	
4.9396506210560393e8	6.276994838043449e8	0.0	50.0	0.0	0.08163265306122448	0.16875	
4.8680837852160716e8	5.991821792549927e8	11.0	39.0	0.0	0.08163265306122448	0.23853211009174313	
4.9830825283197945e8	6.28207582968328e8	3.0	47.0	0.0	0.08163265306122448	0.189873417721519	
5.528611203058246e8	5.766092132679635e8	26.0	24.0	0.0	0.08163265306122448	0.24923076923076923	
4.910885661062943e8	6.296962137624154e8	0.0	50.0	0.0	0.08163265306122448	0.205607476635514	
4.875128508721556e8	6.259493193750105e8	3.0	47.0	0.0	0.08163265306122448	0.1656441717791411	
4.9285262294623435e8	6.304601763978727e8	5.0	45.0	0.0	0.08163265306122448	0.20245398773006135	
5.064155795896977e8	6.396820026780242e8	0.0	50.0	0.0	0.08163265306122448	0.15789473684210525	
5.088883676213393e8	6.223775981896513e8	1.0	49.0	0.0	0.08163265306122448	0.1753846153846154	
5.202372523578071e8	5.976162372178117e8	15.0	35.0	0.0	0.08163265306122448	0.17484662576687116	
4.942039678248097e8	6.123771894940293e8	1.0	49.0	0.0	0.08163265306122448	0.1875	
5.0014330816426206e8	6.074037072659109e8	7.0	43.0	0.0	0.08163265306122448	0.18126888217522658	
5.079125354510387e8	6.242158125560195e8	3.0	47.0	0.0	0.08163265306122448	0.1540785498489426	
5.04789346597212e8	6.146560294614718e8	4.0	46.0	0.0	0.08163265306122448	0.13761467889908258	
5.064111766593612e8	6.17305687809977e8	2.0	48.0	0.0	0.08163265306122448	0.21630094043887146	
4.944936032129262e8	6.31932487136488e8	1.0	49.0	0.0	0.08163265306122448	0.11782477341389729	
5.0581583644251263e8	6.411571601323159e8	6.0	44.0	0.0	0.08163265306122448	0.18072289156626506	
5.522426534182557e8	6.052001869538496e8	17.0	33.0	0.0	0.08163265306122448	0.20689655172413793	
5.159899770153869e8	6.543166745246811e8	0.0	50.0	0.0	0.08163265306122448	0.1903323262839879	
4.820281995957999e8	6.115418892840807e8	6.0	44.0	0.0	0.08163265306122448	0.17701863354037267	
5.0343104498062533e8	5.854832476585943e8	14.0	36.0	0.0	0.08163265306122448	0.2523364485981308	
4.8344395686621606e8	6.430189634612314e8	0.0	50.0	0.0	0.08163265306122448	0.17701863354037267	
4.8938328027859396e8	6.135204352093726e8	6.0	44.0	0.0	0.08163265306122448	0.18037974683544303	
5.030561287721381e8	6.315758936522053e8	0.0	50.0	0.0	0.08163265306122448	0.17701863354037267	
5.077563211148294e8	6.279543270433882e8	2.0	48.0	0.0	0.08163265306122448	0.17964071856287425	
5.404197842400188e8	6.16369450706812e8	9.0	41.0	0.0	0.08163265306122448	0.182370820668693	
4.9265999453831196e8	6.349738422735393e8	0.0	50.0	0.0	0.08163265306122448	0.19879518072289157	
5.1395737905260944e8	6.598323139910172e8	0.0	50.0	0.0	0.08163265306122448	0.24251497005988024	
5.1102123038022906e8	6.197908532440999e8	1.0	49.0	0.0	0.08163265306122448	0.17757009345794392	
4.8820652756417704e8	6.178950491773158e8	0.0	50.0	0.0	0.08163265306122448	0.15047021943573669	
4.9269089259255236e8	6.360574199999154e8	0.0	50.0	0.0	0.08163265306122448	0.18461538461538463	
4.8541716936155957e8	6.14752778510204e8	3.0	47.0	0.0	0.08163265306122448	0.25846153846153846	
5.1739912268653667e8	6.015792151331546e8	10.0	40.0	0.0	0.08163265306122448	0.16463414634146342	
4.9390138338735116e8	6.493990862673482e8	0.0	50.0	0.0	0.08163265306122448	0.15692307692307692	
5.011016563700953e8	6.307656462401972e8	0.0	50.0	0.0	0.08163265306122448	0.15987460815047022	
5.0459130610070324e8	6.538022093457855e8	0.0	50.0	0.0	0.08163265306122448	0.2006079027355623	
5.0924948701604587e8	6.484349613399456e8	0.0	50.0	0.0	0.08163265306122448	0.1753846153846154	
5.1095121547828716e8	6.381593137036681e8	0.0	50.0	0.0	0.08163265306122448	0.20496894409937888	
4.966926767253534e8	6.342373764803028e8	0.0	50.0	0.0	0.08163265306122448	0.13003095975232198	
4.92146095201775e8	6.187189287747128e8	6.0	44.0	0.0	0.08163265306122448	0.16167664670658682	
4.9240552948653424e8	6.160157328464497e8	0.0	50.0	0.0	0.08163265306122448	0.16216216216216217	
5.142331682491948e8	6.36492595705332e8	0.0	50.0	0.0	0.08163265306122448	0.13761467889908258	
5.050910952873471e8	6.663200972637649e8	0.0	50.0	0.0	0.08163265306122448	0.20754716981132076	
4.851552328313359e8	5.888218273643439e8	12.0	38.0	0.0	0.08163265306122448	0.24923076923076923	
5.075424159327428e8	6.31723439501748e8	0.0	50.0	0.0	0.08163265306122448	0.1753846153846154	
4.914179455112455e8	6.446744455777166e8	0.0	50.0	0.0	0.08163265306122448	0.19811320754716982	
4.9089693498393005e8	6.238565787888138e8	8.0	42.0	0.0	0.08163265306122448	0.1786833855799373	
5.154589816012655e8	6.381310526760685e8	0.0	50.0	0.0	0.08163265306122448	0.16363636363636364	
5.005457533398005e8	6.447846968039458e8	0.0	50.0	0.0	0.08163265306122448	0.14457831325301204	
4.961926003992149e8	6.373245583269275e8	0.0	50.0	0.0	0.08163265306122448	0.1651376146788991	
4.894532520986053e8	6.36811828976188e8	0.0	50.0	0.0	0.08163265306122448	0.125	
5.010549081816956e8	5.714274448062041e8	19.0	31.0	0.0	0.08163265306122448	0.14953271028037382	
5.02088324728862e8	6.22114459976671e8	2.0	48.0	0.0	0.08163265306122448	0.2523364485981308	
4.879865686200742e8	6.462412609261477e8	0.0	50.0	0.0	0.08163265306122448	0.17592592592592593	
5.356070747627348e8	6.008000479991456e8	12.0	38.0	0.0	0.08163265306122448	0.2043343653250774	
5.0589502802327365e8	6.402521603238034e8	0.0	50.0	0.0	0.08163265306122448	0.16875	
5.10098005413286e8	6.29605892309953e8	2.0	48.0	0.0	0.08163265306122448	0.19384615384615383	
5.083976870811163e8	6.074104683644776e8	2.0	48.0	0.0	0.08163265306122448	0.11042944785276074	
5.379726041833348e8	5.734960524348861e8	24.0	26.0	0.0	0.08163265306122448	0.24074074074074073	
4.883065409410479e8	6.234335753527899e8	4.0	46.0	0.0	0.08163265306122448	0.22796352583586627	
5.115606497262557e8	6.070231937209884e8	3.0	47.0	0.0	0.08163265306122448	0.142433234421365	
5.296333719519482e8	5.730002278418459e8	21.0	29.0	0.0	0.08163265306122448	0.2563291139240506	
5.16528319374712e8	5.857131727393355e8	13.0	37.0	0.0	0.08163265306122448	0.21835443037974683	
4.996467826519872e8	6.523236876577415e8	0.0	50.0	0.0	0.08163265306122448	0.159375	
5.10656799158067e8	6.543402935659384e8	0.0	50.0	0.0	0.08163265306122448	0.09202453987730061	
4.9289555540216005e8	6.187431260079226e8	2.0	48.0	0.0	0.08163265306122448	0.1892744479495268	
5.018196892009271e8	6.139766768803824e8	4.0	46.0	0.0	0.08163265306122448	0.234375	
5.144807116744736e8	6.023580520734527e8	12.0	38.0	0.0	0.08163265306122448	0.253125	
5.2338520693829954e8	6.02599300652878e8	7.0	43.0	0.0	0.08163265306122448	0.19325153374233128	
4.8733781279920113e8	6.171547391319783e8	5.0	45.0	0.0	0.08163265306122448	0.2	
5.0922468349587095e8	6.62119266218115e8	0.0	50.0	0.0	0.08163265306122448	0.16770186335403728	
5.0789013641363096e8	6.651467041608671e8	0.0	50.0	0.0	0.08163265306122448	0.16718266253869968	
4.9945175121570694e8	6.113366843323392e8	8.0	42.0	0.0	0.08163265306122448	0.22018348623853212	
4.933526825674754e8	6.329749883307055e8	3.0	47.0	0.0	0.08163265306122448	0.1892744479495268	
5.074290371915873e8	6.195855920669204e8	0.0	50.0	0.0	0.08163265306122448	0.18461538461538463	
4.8718313546813697e8	6.291491722142898e8	3.0	47.0	0.0	0.08163265306122448	0.23283582089552238	
5.148529886404522e8	6.327637153787723e8	3.0	47.0	0.0	0.08163265306122448	0.19936708860759494	
5.025556674745455e8	6.273047439218639e8	0.0	50.0	0.0	0.08163265306122448	0.1588785046728972	
5.187469783949787e8	5.866757365455158e8	14.0	36.0	0.0	0.08163265306122448	0.14678899082568808	
5.338316400069504e8	6.05712432878783e8	12.0	38.0	0.0	0.08163265306122448	0.23006134969325154	
4.920879228590763e8	6.419329703505206e8	1.0	49.0	0.0	0.08163265306122448	0.1786833855799373	
4.966363646993895e8	5.823749067505636e8	14.0	36.0	0.0	0.08163265306122448	0.17088607594936708	
5.1353136709094113e8	6.007247750242586e8	10.0	40.0	0.0	0.08163265306122448	0.20689655172413793	
5.094771079907115e8	6.281328951581476e8	9.0	41.0	0.0	0.08163265306122448	0.16314199395770393	
4.9875231866926336e8	6.351195575369631e8	0.0	50.0	0.0	0.08163265306122448	0.16216216216216217	
4.845585300744308e8	6.090733062706039e8	2.0	48.0	0.0	0.08163265306122448	0.15501519756838905	
5.0166304711402273e8	6.258266180071244e8	1.0	49.0	0.0	0.08163265306122448	0.18633540372670807	
5.144214903356774e8	6.104349850816622e8	4.0	46.0	0.0	0.08163265306122448	0.205607476635514	
5.353376164774026e8	5.916661158714106e8	17.0	33.0	0.0	0.08163265306122448	0.1574074074074074	
4.9144390570086414e8	6.16025274759702e8	6.0	44.0	0.0	0.08163265306122448	0.16666666666666666	
5.0265538264183116e8	6.276702786634421e8	3.0	47.0	0.0	0.08163265306122448	0.1540785498489426	
5.143838258287287e8	5.608265836672446e8	24.0	26.0	0.0	0.08163265306122448	0.25846153846153846	
4.916330941653461e8	6.188605590948966e8	1.0	49.0	0.0	0.08163265306122448	0.1834862385321101	
4.941839658795929e8	6.06406231086729e8	3.0	47.0	0.0	0.08163265306122448	0.18518518518518517	
4.974599912162452e8	6.557232820058084e8	0.0	50.0	0.0	0.08163265306122448	0.13392857142857142	
5.0277850176596284e8	6.223904122863691e8	0.0	50.0	0.0	0.08163265306122448	0.21835443037974683	
5.035246051713444e8	6.342515436220682e8	0.0	50.0	0.0	0.08163265306122448	0.2088607594936709	
5.089019641702578e8	5.979778824528825e8	6.0	44.0	0.0	0.08163265306122448	0.20689655172413793	
4.8950124462117994e8	6.000272654893873e8	6.0	44.0	0.0	0.08163265306122448	0.196875	
5.1646114058392805e8	6.623876634477842e8	0.0	50.0	0.0	0.08163265306122448	0.23219814241486067	
5.233056352277551e8	6.237663382835941e8	8.0	42.0	0.0	0.08163265306122448	0.215625	
5.024676068518857e8	6.39243920703229e8	2.0	48.0	0.0	0.08163265306122448	0.196875	
5.39584398379609e8	5.695500129408512e8	21.0	29.0	0.0	0.08163265306122448	0.2222222222222222	
4.947930309166733e8	5.873672422832472e8	8.0	42.0	0.0	0.08163265306122448	0.1834862385321101	
5.080972160821409e8	6.505871315187937e8	0.0	50.0	0.0	0.08163265306122448	0.15178571428571427	
4.845138726606371e8	5.946415643740604e8	12.0	38.0	0.0	0.08163265306122448	0.23076923076923078	
4.908145167011549e8	6.198939312351255e8	0.0	50.0	0.0	0.08163265306122448	0.18292682926829268	
5.036558129635901e8	6.233435198575969e8	2.0	48.0	0.0	0.08163265306122448	0.21428571428571427	
5.050251530474855e8	6.467939135814481e8	3.0	47.0	0.0	0.08163265306122448	0.17592592592592593	
5.011380566791108e8	6.392725482918291e8	3.0	47.0	0.0	0.08163265306122448	0.22590361445783133	
4.832865009434492e8	6.068381566518941e8	9.0	41.0	0.0	0.08163265306122448	0.2043343653250774	
4.822637939529439e8	5.990603388984069e8	3.0	47.0	0.0	0.08163265306122448	0.1196319018404908	
4.803205765660331e8	6.156495759456654e8	0.0	50.0	0.0	0.08163265306122448	0.1276595744680851	
4.875743501085087e8	6.216564342824432e8	0.0	50.0	0.0	0.08163265306122448	0.11746987951807229	
4.905190490009717e8	6.352142929036293e8	0.0	50.0	0.0	0.08163265306122448	0.196875	
5.082032699662341e8	6.189955443008747e8	0.0	50.0	0.0	0.08163265306122448	0.18575851393188855	
5.002625949123101e8	6.310860119079973e8	0.0	50.0	0.0	0.08163265306122448	0.17757009345794392	
4.992868315414468e8	6.313072279674351e8	0.0	50.0	0.0	0.08163265306122448	0.1753846153846154	
5.1645232973750997e8	6.512984131735986e8	0.0	50.0	0.0	0.08163265306122448	0.13636363636363635	
4.9017963713517624e8	6.277455311870477e8	0.0	50.0	0.0	0.08163265306122448	0.21364985163204747	
4.950771822305907e8	6.281544410837677e8	0.0	50.0	0.0	0.08163265306122448	0.16314199395770393	
4.9486317602815145e8	6.304605932111776e8	5.0	45.0	0.0	0.08163265306122448	0.16875	
4.945615691790554e8	6.445245599085541e8	0.0	50.0	0.0	0.08163265306122448	0.24074074074074073	
5.2302568423215353e8	6.498223428611299e8	0.0	50.0	0.0	0.08163265306122448	0.16666666666666666	
5.401753743680257e8	5.573084554583658e8	25.0	25.0	0.0	0.08163265306122448	0.23809523809523808	
4.9768068318748426e8	6.272345970371614e8	0.0	50.0	0.0	0.08163265306122448	0.1656441717791411	
5.075388283935809e8	6.289353679560997e8	5.0	45.0	0.0	0.08163265306122448	0.19090909090909092	
5.1421653643854105e8	6.085537281703272e8	12.0	38.0	0.0	0.08163265306122448	0.22641509433962265	
5.1058699580402833e8	6.548556553959343e8	0.0	50.0	0.0	0.08163265306122448	0.1196319018404908	
4.800311032638307e8	6.198536462975055e8	2.0	48.0	0.0	0.08163265306122448	0.19325153374233128	
5.063679024861935e8	6.174458918788116e8	9.0	41.0	0.0	0.08163265306122448	0.2980769230769231	
5.012377827386666e8	6.441518424608502e8	0.0	50.0	0.0	0.08163265306122448	0.16770186335403728	
4.921030661399219e8	6.102719997058755e8	2.0	48.0	0.0	0.08163265306122448	0.2018348623853211	
5.190114983144274e8	6.45441693179803e8	4.0	46.0	0.0	0.08163265306122448	0.178125	
5.186580248582284e8	6.640822334930993e8	0.0	50.0	0.0	0.08163265306122448	0.09146341463414634	
5.21063258484913e8	5.803568254928261e8	20.0	30.0	0.0	0.08163265306122448	0.17142857142857143	
5.066727957097485e8	6.596263275918239e8	0.0	50.0	0.0	0.08163265306122448	0.12804878048780488	
5.021395777021513e8	5.852274284890466e8	11.0	39.0	0.0	0.08163265306122448	0.25796178343949044	
4.939408886102519e8	6.257223052148063e8	0.0	50.0	0.0	0.08163265306122448	0.18292682926829268	
4.917446107640945e8	6.06881279150052e8	8.0	42.0	0.0	0.08163265306122448	0.21495327102803738	
5.0141924398961234e8	6.20129310882538e8	9.0	41.0	0.0	0.08163265306122448	0.13846153846153847	
5.0336823650877804e8	6.784229804660181e8	0.0	50.0	0.0	0.08163265306122448	0.14501510574018128	
4.915318044831451e8	6.307610179767029e8	4.0	46.0	0.0	0.08163265306122448	0.18461538461538463	
5.173734242548381e8	5.691742932132746e8	20.0	30.0	0.0	0.08163265306122448	0.23809523809523808	
5.0367325137128896e8	6.520004274581534e8	0.0	50.0	0.0	0.08163265306122448	0.15454545454545454	
5.078452988861877e8	6.528144103224995e8	0.0	50.0	0.0	0.08163265306122448	0.0990990990990991	
4.9374342591587937e8	6.430320078776457e8	0.0	50.0	0.0	0.08163265306122448	0.18518518518518517	
5.422727317725651e8	5.959726415483978e8	12.0	38.0	0.0	0.08163265306122448	0.1641337386018237	
4.993200542395098e8	6.040097812830961e8	6.0	44.0	0.0	0.08163265306122448	0.19325153374233128	
4.996898646307324e8	6.096004898534892e8	6.0	44.0	0.0	0.08163265306122448	0.19811320754716982	
5.019562789733081e8	6.103806973149841e8	6.0	44.0	0.0	0.08163265306122448	0.21296296296296297	
4.9195842491706425e8	6.426735409929206e8	0.0	50.0	0.0	0.08163265306122448	0.14240506329113925	
4.8147481302319705e8	6.240394724994013e8	1.0	49.0	0.0	0.08163265306122448	0.140625	
5.1131547470678896e8	6.337557584477729e8	0.0	50.0	0.0	0.08163265306122448	0.182370820668693	
4.910916123044515e8	6.20096277628313e8	9.0	41.0	0.0	0.08163265306122448	0.20952380952380953	
4.878361454232837e8	6.115068450460951e8	5.0	45.0	0.0	0.08163265306122448	0.2082018927444795	
5.3413053818274593e8	5.881613026520938e8	15.0	35.0	0.0	0.08163265306122448	0.22570532915360503	
4.937124474820735e8	5.976234498593256e8	9.0	41.0	0.0	0.08163265306122448	0.23510971786833856	
4.855739173118764e8	6.279843686042304e8	2.0	48.0	0.0	0.08163265306122448	0.19626168224299065	
