4.291302762731265e7	2.252545382921968e8	1.1804968272630428e8	8.0	0.0	0.0	0.25	0.0	0.5384615384615384	1.0	0.0	0.0	
3.824300663611762e7	1.9435773211997616e8	1.1158632096896479e8	7.0	1.0	0.0	0.25	0.0	0.5384615384615384	1.0	0.0	1.0	
3.539583453986304e7	1.771542299258402e8	1.0601244639306419e8	7.0	1.0	0.0	0.25	0.0	0.5384615384615384	1.0	0.0	2.0	
2.9560012692395885e7	1.347077791736402e8	1.0177232236552688e8	7.0	1.0	0.0	0.25	0.0	1.0	7.0	1.0	3.0	
3.1287354986481655e7	1.521606680469339e8	9.813817184491934e7	7.0	1.0	0.0	0.25	0.0	0.5384615384615384	1.0	0.0	4.0	
1.938123013178129e7	7.811812508982371e7	7.693171596442662e7	7.0	1.0	0.0	0.25	0.0	1.0	7.0	1.0	5.0	
2.865222880886578e7	1.349985586336389e8	9.42192718372874e7	6.0	1.0	1.0	0.25	0.0	0.5384615384615384	1.0	0.0	6.0	
2.703952167256954e7	1.2510402982428886e8	9.121214355626741e7	6.0	1.0	1.0	0.25	0.0	0.5384615384615384	1.0	0.0	7.0	
2.4844268949344948e7	1.1254351726782757e8	8.621063432693206e7	6.0	1.0	1.0	0.25	0.0	0.5384615384615384	1.0	0.0	8.0	
2.2862720930224374e7	1.0135532691818938e8	8.15464405236056e7	6.0	1.0	1.0	0.25	0.0	0.5384615384615384	1.0	0.0	9.0	
2.1068504488827333e7	9.136672162933746e7	7.718131428128117e7	6.0	1.0	1.0	0.25	0.0	0.5384615384615384	1.0	0.0	10.0	
1.9439634614306916e7	8.243052141920426e7	7.308655549525109e7	6.0	1.0	1.0	0.25	0.0	0.5384615384615384	1.0	0.0	11.0	
5.256559003869406e6	1.2301046038083686e7	2.9751425992871556e7	0.0	8.0	0.0	0.25	0.0	1.0	7.0	1.0	12.0	
1.6606417547898808e7	6.723128168595347e7	6.562005869723701e7	6.0	1.0	1.0	0.25	0.0	0.5384615384615384	1.0	0.0	13.0	
3.7637539869207647e6	7.306141964943463e6	2.2803889930422664e7	0.0	7.0	1.0	0.25	0.0	1.0	7.0	1.0	14.0	
1.424389202384935e7	5.495066983352691e7	5.900046635726789e7	0.0	7.0	1.0	0.25	0.0	0.5384615384615384	1.0	0.0	15.0	
1.3210128758225016e7	4.970957061553631e7	5.597145945026381e7	0.0	7.0	1.0	0.25	0.0	0.5384615384615384	1.0	0.0	16.0	
1.2262010309996383e7	4.498330096330123e7	5.311278151666984e7	0.0	7.0	1.0	0.25	0.0	0.5384615384615384	1.0	0.0	17.0	
1.1391393356055008e7	4.0717993275275394e7	5.041315357316468e7	0.0	7.0	1.0	0.25	0.0	0.5384615384615384	1.0	0.0	18.0	
1.059104493561876e7	3.686612618403683e7	4.786223330091327e7	0.0	7.0	1.0	0.25	0.0	0.5384615384615384	1.0	0.0	19.0	
9.854518294460662e6	3.3385632760274578e7	4.5450513595410734e7	0.0	7.0	1.0	0.25	0.0	0.5384615384615384	1.0	0.0	20.0	
9.176049659056803e6	3.023916011028731e7	4.316923716216714e7	0.0	7.0	1.0	0.25	0.0	0.5384615384615384	1.0	0.0	21.0	
8.55047168737227e6	2.73934506996416e7	4.101032279933654e7	0.0	7.0	1.0	0.25	0.0	0.5384615384615384	1.0	0.0	22.0	
7.9731403578953445e6	2.481882204908611e7	3.896630081407663e7	0.0	7.0	1.0	0.25	0.0	0.5384615384615384	1.0	0.0	23.0	
7.439872787801439e6	2.248872636448348e7	3.7030255937928036e7	0.0	6.0	2.0	0.25	0.0	0.5384615384615384	1.0	0.0	24.0	
6.946894011758592e6	2.0379375496441126e7	3.519577659762761e7	0.0	6.0	2.0	0.25	0.0	0.5384615384615384	1.0	0.0	25.0	
632177.9738333966	325441.183935718	4.731982606731455e6	0.0	0.0	8.0	0.25	0.0	1.0	7.0	1.0	26.0	
6.068473801885705e6	1.6739670348076064e7	3.1808120067009587e7	0.0	6.0	2.0	0.25	0.0	0.5384615384615384	1.0	0.0	27.0	
5.677139417921375e6	1.5172860891858626e7	3.0244254451512374e7	0.0	6.0	2.0	0.25	0.0	0.5384615384615384	1.0	0.0	28.0	
5.314243248272598e6	1.3753437195271235e7	2.876050879090956e7	0.0	6.0	2.0	0.25	0.0	0.5384615384615384	1.0	0.0	29.0	
4.977471798627591e6	1.2467375269106727e7	2.7352399119914003e7	0.0	6.0	2.0	0.25	0.0	0.5384615384615384	1.0	0.0	30.0	
320043.4797514915	89194.96092713586	2.471152877084796e6	0.0	0.0	8.0	0.25	0.0	1.0	7.0	1.0	31.0	
4.374068046714321e6	1.0245947248277977e7	2.4746597125436593e7	0.0	6.0	2.0	0.25	0.0	0.5384615384615384	1.0	0.0	32.0	
4.1037680974502554e6	9.288831438052725e6	2.354131334154931e7	0.0	6.0	2.0	0.25	0.0	0.5384615384615384	1.0	0.0	33.0	
3.8522229411537694e6	8.421341621037645e6	2.23964419081925e7	0.0	6.0	2.0	0.25	0.0	0.5384615384615384	1.0	0.0	34.0	
3.617973957313338e6	7.635038960783614e6	2.1308752697723083e7	0.0	6.0	2.0	0.25	0.0	0.5384615384615384	1.0	0.0	35.0	
3.3996875975145055e6	6.922289197944252e6	2.0275211582171798e7	0.0	6.0	2.0	0.25	0.0	0.5384615384615384	1.0	0.0	36.0	
3.1961437196394913e6	6.276183740003333e6	1.9292966017112594e7	0.0	6.0	2.0	0.25	0.0	0.5384615384615384	1.0	0.0	37.0	
3.0062251125988523e6	5.690468973284464e6	1.835933192750635e7	0.0	6.0	2.0	0.25	0.0	0.5384615384615384	1.0	0.0	38.0	
2.8289080744119016e6	5.159482836637882e6	1.747178175865733e7	0.0	6.0	2.0	0.25	0.0	0.5384615384615384	1.0	0.0	39.0	
2.663253925102904e6	4.678097829603568e6	1.6627933571219668e7	0.0	6.0	2.0	0.25	0.0	0.5384615384615384	1.0	0.0	40.0	
2.5084013514596624e6	4.241669738769042e6	1.5825541072908252e7	0.0	6.0	2.0	0.25	0.0	0.5384615384615384	1.0	0.0	41.0	
2.3635594938050183e6	3.8459914590172367e6	1.5062484491422908e7	0.0	6.0	2.0	0.25	0.0	0.5384615384615384	1.0	0.0	42.0	
2.2280016961584003e6	3.487251364803447e6	1.4336762204463756e7	0.0	6.0	2.0	0.25	0.0	0.5384615384615384	1.0	0.0	43.0	
57691.58476179839	3084.0934489020187	458448.58464548516	0.0	0.0	8.0	0.25	0.0	1.0	7.0	1.0	44.0	
1.9821192743569084e6	2.8670949355187956e6	1.2989859259336475e7	0.0	6.0	2.0	0.25	0.0	0.5384615384615384	1.0	0.0	45.0	
1.8706140669503822e6	2.599712609179274e6	1.236519992642378e7	0.0	6.0	2.0	0.25	0.0	0.5384615384615384	1.0	0.0	46.0	
1.7660228970782983e6	2.3572781711906604e6	1.1770905005435726e7	0.0	6.0	2.0	0.25	0.0	0.5384615384615384	1.0	0.0	47.0	
1.6678651788753753e6	2.137461686566534e6	1.1205459744436469e7	0.0	6.0	2.0	0.25	0.0	0.5384615384615384	1.0	0.0	48.0	
30105.077567717275	845.592532848521	239995.02800888964	0.0	0.0	8.0	0.25	0.0	1.0	7.0	1.0	49.0	
1.4891109544452464e6	1.757432468630179e6	1.015545516693179e7	0.0	6.0	2.0	0.25	0.0	0.5384615384615384	1.0	0.0	50.0	
1.4077272900489834e6	1.593569972691131e6	9.668248347700736e6	0.0	6.0	2.0	0.25	0.0	0.5384615384615384	1.0	0.0	51.0	
1.3311972759738613e6	1.444990570947715e6	9.204587636843175e6	0.0	6.0	2.0	0.25	0.0	0.5384615384615384	1.0	0.0	52.0	
1.2591978328057548e6	1.3102680748086977e6	8.76331458763734e6	0.0	6.0	2.0	0.25	0.0	0.5384615384615384	1.0	0.0	53.0	
1.1914299629966698e6	1.1881095236296842e6	8.343330180343675e6	0.0	6.0	2.0	0.25	0.0	0.5384615384615384	1.0	0.0	54.0	
1.1276167751416443e6	1.0773427122383832e6	7.943591488894769e6	0.0	6.0	2.0	0.25	0.0	0.5384615384615384	1.0	0.0	55.0	
1.0675016822751807e6	976904.8916199602	7.563108566581486e6	0.0	6.0	2.0	0.25	0.0	0.5384615384615384	1.0	0.0	56.0	
1.0108467580539514e6	885832.5312653586	7.200941533166254e6	0.0	6.0	2.0	0.25	0.0	0.5384615384615384	1.0	0.0	57.0	
957431.2362227293	803252.0425021378	6.856197847279698e6	0.0	6.0	2.0	0.25	0.0	0.5384615384615384	1.0	0.0	58.0	
907050.1401860078	728371.3717842535	6.52802974970381e6	0.0	6.0	2.0	0.25	0.0	0.5384615384615384	1.0	0.0	59.0	
859513.0308180454	660472.3819993593	6.2156318645450035e6	0.0	6.0	2.0	0.25	0.0	0.5384615384615384	1.0	0.0	60.0	
814642.8617038816	598903.9472910165	5.918238946340037e6	0.0	6.0	2.0	0.25	0.0	0.5384615384615384	1.0	0.0	61.0	
772274.9320855145	543075.6943090796	5.635123762375037e6	0.0	6.0	2.0	0.25	0.0	0.5384615384615384	1.0	0.0	62.0	
732255.9286901159	492452.32914418157	5.365595100376745e6	0.0	0.0	8.0	0.25	0.0	0.5384615384615384	1.0	0.0	63.0	
694443.0484485037	446548.4948351755	5.108995892752854e6	0.0	0.0	8.0	0.25	0.0	0.5384615384615384	1.0	0.0	64.0	
658703.1948534638	404924.10969690396	4.864701449130807e6	0.0	0.0	8.0	0.25	0.0	0.5384615384615384	1.0	0.0	65.0	
624912.2414016706	367180.1413927751	4.632117789820589e6	0.0	0.0	8.0	0.25	0.0	0.5384615384615384	1.0	0.0	66.0	
592954.3561541245	332954.7758918815	4.4106800733411135e6	0.0	0.0	8.0	0.25	0.0	0.5384615384615384	1.0	0.0	67.0	
562721.3820208698	301919.94433253794	4.199851111834421e6	0.0	0.0	8.0	0.25	0.0	0.5384615384615384	1.0	0.0	68.0	
534112.2678578002	273778.1742879258	3.999119968574477e6	0.0	0.0	8.0	0.25	0.0	0.5384615384615384	1.0	0.0	69.0	
507032.5459233743	248259.73507883333	3.8080006323081614e6	0.0	0.0	8.0	0.25	0.0	0.5384615384615384	1.0	0.0	70.0	
481393.8516531877	225120.04962872737	3.6260307635967736e6	0.0	0.0	8.0	0.25	0.0	0.5384615384615384	1.0	0.0	71.0	
457113.4820697951	204137.3479408215	3.4527705086175394e6	0.0	0.0	8.0	0.25	0.0	0.5384615384615384	1.0	0.0	72.0	
434113.98949629365	185110.5396098906	3.2878013763604574e6	0.0	0.0	8.0	0.25	0.0	0.5384615384615384	1.0	0.0	73.0	
412322.8075274336	167857.2849016113	3.130725175317858e6	0.0	0.0	8.0	0.25	0.0	0.5384615384615384	1.0	0.0	74.0	
391671.90649860515	152212.24584107602	2.981163006147765e6	0.0	0.0	8.0	0.25	0.0	0.5384615384615384	1.0	0.0	75.0	
372097.4759406857	138025.5005180825	2.8387543070074026e6	0.0	0.0	8.0	0.25	0.0	0.5384615384615384	1.0	0.0	76.0	
353539.6317278386	125161.10532986365	2.703155948492845e6	0.0	0.0	8.0	0.25	0.0	0.5384615384615384	1.0	0.0	77.0	
335942.1458497345	113495.79137435007	2.5740413754235255e6	0.0	0.0	8.0	0.25	0.0	0.5384615384615384	1.0	0.0	78.0	
319252.1969147009	102917.78246012147	2.4510997928574854e6	0.0	0.0	8.0	0.25	0.0	0.5384615384615384	1.0	0.0	79.0	
303420.1395023607	93325.72339174685	2.3340353926271396e6	0.0	0.0	8.0	0.25	0.0	0.5384615384615384	1.0	0.0	80.0	
4.291302762731265e7	2.252545382921968e8	1.1804968272630428e8	8.0	0.0	0.0	0.25	0.0	0.5384615384615384	1.0	0.0	0.0	
3.8243006636117205e7	1.943577321199739e8	1.1158632096896365e8	7.0	1.0	0.0	0.25	0.0	0.5384615384615384	1.0	0.0	1.0	
3.539583453986304e7	1.771542299258402e8	1.0601244639306417e8	7.0	1.0	0.0	0.25	0.0	0.5384615384615384	1.0	0.0	2.0	
3.3083916667788766e7	1.632951151719923e8	1.0137621817031781e8	7.0	1.0	0.0	0.25	0.0	0.5384615384615384	1.0	0.0	3.0	
3.128735498648162e7	1.521606680469337e8	9.813817184491928e7	7.0	1.0	0.0	0.25	0.0	0.5384615384615384	1.0	0.0	4.0	
2.984247290517573e7	1.428824837469844e8	9.585729949442145e7	7.0	0.0	1.0	0.25	0.0	0.5384615384615384	1.0	0.0	5.0	
2.8652228808865782e7	1.349985586336389e8	9.421927183728741e7	6.0	1.0	1.0	0.25	0.0	0.5384615384615384	1.0	0.0	6.0	
2.703952167256954e7	1.2510402982428887e8	9.12121435562674e7	6.0	1.0	1.0	0.25	0.0	0.5384615384615384	1.0	0.0	7.0	
2.4844268949344948e7	1.1254351726782756e8	8.621063432693206e7	6.0	1.0	1.0	0.25	0.0	0.5384615384615384	1.0	0.0	8.0	
2.2862720930224366e7	1.0135532691818938e8	8.15464405236056e7	6.0	1.0	1.0	0.25	0.0	0.5384615384615384	1.0	0.0	9.0	
2.1068504488827333e7	9.136672162933747e7	7.718131428128117e7	6.0	1.0	1.0	0.25	0.0	0.5384615384615384	1.0	0.0	10.0	
1.9439634614306916e7	8.243052141920426e7	7.30865554952511e7	6.0	1.0	1.0	0.25	0.0	0.5384615384615384	1.0	0.0	11.0	
1.795756004388174e7	7.442123763855787e7	6.923924271249607e7	6.0	1.0	1.0	0.25	0.0	0.5384615384615384	1.0	0.0	12.0	
1.6606417547898808e7	6.723128168595347e7	6.562005869723701e7	6.0	1.0	1.0	0.25	0.0	0.5384615384615384	1.0	0.0	13.0	
1.5372504598379206e7	6.076789341788598e7	6.2212143369147666e7	6.0	1.0	1.0	0.25	0.0	0.5384615384615384	1.0	0.0	14.0	
1.4243892023849353e7	5.495066983352696e7	5.900046635726789e7	0.0	7.0	1.0	0.25	0.0	0.5384615384615384	1.0	0.0	15.0	
1.3210128758225009e7	4.970957061553627e7	5.59714594502638e7	0.0	7.0	1.0	0.25	0.0	0.5384615384615384	1.0	0.0	16.0	
1.2262010309996376e7	4.49833009633012e7	5.3112781516669825e7	0.0	7.0	1.0	0.25	0.0	0.5384615384615384	1.0	0.0	17.0	
1.1391393356055008e7	4.071799327527539e7	5.041315357316467e7	0.0	7.0	1.0	0.25	0.0	0.5384615384615384	1.0	0.0	18.0	
1.0591044935618768e7	3.686612618403684e7	4.786223330091328e7	0.0	7.0	1.0	0.25	0.0	0.5384615384615384	1.0	0.0	19.0	
1.486380450008189e6	1.5395461210183972e6	1.0351497479047116e7	0.0	7.0	1.0	0.25	0.0	1.0	7.0	1.0	20.0	
9.176049659056809e6	3.023916011028731e7	4.316923716216714e7	0.0	7.0	1.0	0.25	0.0	0.5384615384615384	1.0	0.0	21.0	
8.550471687372265e6	2.7393450699641585e7	4.101032279933654e7	0.0	7.0	1.0	0.25	0.0	0.5384615384615384	1.0	0.0	22.0	
7.973140357895341e6	2.4818822049086105e7	3.896630081407663e7	0.0	7.0	1.0	0.25	0.0	0.5384615384615384	1.0	0.0	23.0	
835738.2648975616	546235.9304348092	6.139670188745684e6	0.0	0.0	8.0	0.25	0.0	1.0	7.0	1.0	24.0	
6.946894011758596e6	2.037937549644114e7	3.5195776597627625e7	0.0	6.0	2.0	0.25	0.0	0.5384615384615384	1.0	0.0	25.0	
6.490791161681015e6	1.8469419617695536e7	3.3456909675752576e7	0.0	6.0	2.0	0.25	0.0	0.5384615384615384	1.0	0.0	26.0	
6.068473801885705e6	1.6739670348076064e7	3.1808120067009587e7	0.0	6.0	2.0	0.25	0.0	0.5384615384615384	1.0	0.0	27.0	
5.677139417921375e6	1.5172860891858626e7	3.0244254451512374e7	0.0	6.0	2.0	0.25	0.0	0.5384615384615384	1.0	0.0	28.0	
5.314243248272598e6	1.3753437195271235e7	2.876050879090956e7	0.0	6.0	2.0	0.25	0.0	0.5384615384615384	1.0	0.0	29.0	
366152.7606789342	115546.34821685782	2.8136757372146165e6	0.0	0.0	8.0	0.25	0.0	1.0	7.0	1.0	30.0	
320043.4797514915	89194.96092713586	2.471152877084796e6	0.0	0.0	8.0	0.25	0.0	1.0	7.0	1.0	31.0	
4.374068046714317e6	1.0245947248277964e7	2.4746597125436574e7	0.0	6.0	2.0	0.25	0.0	0.5384615384615384	1.0	0.0	32.0	
4.1037680974502577e6	9.288831438052732e6	2.354131334154933e7	0.0	6.0	2.0	0.25	0.0	0.5384615384615384	1.0	0.0	33.0	
3.8522229411537694e6	8.421341621037647e6	2.23964419081925e7	0.0	6.0	2.0	0.25	0.0	0.5384615384615384	1.0	0.0	34.0	
3.617973957313338e6	7.635038960783614e6	2.1308752697723083e7	0.0	6.0	2.0	0.25	0.0	0.5384615384615384	1.0	0.0	35.0	
3.3996875975145064e6	6.922289197944252e6	2.0275211582171798e7	0.0	6.0	2.0	0.25	0.0	0.5384615384615384	1.0	0.0	36.0	
144242.20216231438	18875.74926025844	1.1350618680382567e6	0.0	0.0	8.0	0.25	0.0	1.0	7.0	1.0	37.0	
3.0062251125988457e6	5.690468973284449e6	1.8359331927506324e7	0.0	6.0	2.0	0.25	0.0	0.5384615384615384	1.0	0.0	38.0	
2.8289080744119016e6	5.159482836637882e6	1.7471781758657333e7	0.0	6.0	2.0	0.25	0.0	0.5384615384615384	1.0	0.0	39.0	
97279.39937577827	8683.783664894941	769551.4113413314	0.0	0.0	8.0	0.25	0.0	1.0	7.0	1.0	40.0	
2.508401351459663e6	4.241669738769047e6	1.582554107290826e7	0.0	6.0	2.0	0.25	0.0	0.5384615384615384	1.0	0.0	41.0	
2.3635594938050183e6	3.845991459017237e6	1.5062484491422908e7	0.0	6.0	2.0	0.25	0.0	0.5384615384615384	1.0	0.0	42.0	
2.2280016961583975e6	3.487251364803439e6	1.4336762204463745e7	0.0	6.0	2.0	0.25	0.0	0.5384615384615384	1.0	0.0	43.0	
2.1010598505319925e6	3.161995752978257e6	1.3646483051277684e7	0.0	6.0	2.0	0.25	0.0	0.5384615384615384	1.0	0.0	44.0	
1.9821192743569084e6	2.8670949355187956e6	1.2989859259336475e7	0.0	6.0	2.0	0.25	0.0	0.5384615384615384	1.0	0.0	45.0	
44463.67239053264	1837.9768757631446	353871.402248498	0.0	0.0	8.0	0.25	0.0	1.0	7.0	1.0	46.0	
1.766022897078299e6	2.3572781711906623e6	1.177090500543573e7	0.0	6.0	2.0	0.25	0.0	0.5384615384615384	1.0	0.0	47.0	
1.6678651788753753e6	2.1374616865665326e6	1.1205459744436469e7	0.0	6.0	2.0	0.25	0.0	0.5384615384615384	1.0	0.0	48.0	
1.5756975980811438e6	1.9381512444844542e6	1.0667429540164696e7	0.0	6.0	2.0	0.25	0.0	0.5384615384615384	1.0	0.0	49.0	
1.4891109544452464e6	1.757432468630179e6	1.015545516693179e7	0.0	6.0	2.0	0.25	0.0	0.5384615384615384	1.0	0.0	50.0	
1.4077272900489827e6	1.59356997269113e6	9.668248347700732e6	0.0	6.0	2.0	0.25	0.0	0.5384615384615384	1.0	0.0	51.0	
1.3311972759738613e6	1.444990570947715e6	9.204587636843175e6	0.0	6.0	2.0	0.25	0.0	0.5384615384615384	1.0	0.0	52.0	
1.2591978328057548e6	1.3102680748086977e6	8.76331458763734e6	0.0	6.0	2.0	0.25	0.0	0.5384615384615384	1.0	0.0	53.0	
1.1914299629966698e6	1.1881095236296842e6	8.343330180343675e6	0.0	6.0	2.0	0.25	0.0	0.5384615384615384	1.0	0.0	54.0	
1.1276167751416443e6	1.0773427122383837e6	7.94359148889477e6	0.0	6.0	2.0	0.25	0.0	0.5384615384615384	1.0	0.0	55.0	
1.0675016822751807e6	976904.8916199602	7.563108566581485e6	0.0	6.0	2.0	0.25	0.0	0.5384615384615384	1.0	0.0	56.0	
1.0108467580539515e6	885832.5312653586	7.200941533166254e6	0.0	6.0	2.0	0.25	0.0	0.5384615384615384	1.0	0.0	57.0	
957431.2362227291	803252.0425021374	6.856197847279695e6	0.0	6.0	2.0	0.25	0.0	0.5384615384615384	1.0	0.0	58.0	
907050.1401860077	728371.3717842532	6.528029749703806e6	0.0	6.0	2.0	0.25	0.0	0.5384615384615384	1.0	0.0	59.0	
859513.0308180461	660472.38199936	6.215631864545009e6	0.0	6.0	2.0	0.25	0.0	0.5384615384615384	1.0	0.0	60.0	
814642.8617038818	598903.947291017	5.918238946340038e6	0.0	6.0	2.0	0.25	0.0	0.5384615384615384	1.0	0.0	61.0	
772274.9320855145	543075.6943090796	5.635123762375037e6	0.0	6.0	2.0	0.25	0.0	0.5384615384615384	1.0	0.0	62.0	
732255.9286901159	492452.32914418157	5.365595100376745e6	0.0	0.0	8.0	0.25	0.0	0.5384615384615384	1.0	0.0	63.0	
694443.0484485037	446548.4948351755	5.108995892752854e6	0.0	0.0	8.0	0.25	0.0	0.5384615384615384	1.0	0.0	64.0	
658703.1948534637	404924.1096969038	4.864701449130806e6	0.0	0.0	8.0	0.25	0.0	0.5384615384615384	1.0	0.0	65.0	
624912.2414016711	367180.1413927755	4.632117789820594e6	0.0	0.0	8.0	0.25	0.0	0.5384615384615384	1.0	0.0	66.0	
592954.3561541245	332954.7758918815	4.4106800733411135e6	0.0	0.0	8.0	0.25	0.0	0.5384615384615384	1.0	0.0	67.0	
562721.3820208701	301919.94433253846	4.199851111834424e6	0.0	0.0	8.0	0.25	0.0	0.5384615384615384	1.0	0.0	68.0	
534112.2678578005	273778.174287926	3.999119968574477e6	0.0	0.0	8.0	0.25	0.0	0.5384615384615384	1.0	0.0	69.0	
1981.7814073729116	3.6888191586888546	15850.562439824604	0.0	0.0	8.0	0.25	0.0	1.0	7.0	1.0	70.0	
481393.85165318707	225120.0496287267	3.6260307635967704e6	0.0	0.0	8.0	0.25	0.0	0.5384615384615384	1.0	0.0	71.0	
457113.4820697956	204137.3479408218	3.4527705086175427e6	0.0	0.0	8.0	0.25	0.0	0.5384615384615384	1.0	0.0	72.0	
434113.98949629336	185110.53960989052	3.2878013763604574e6	0.0	0.0	8.0	0.25	0.0	0.5384615384615384	1.0	0.0	73.0	
412322.8075274342	167857.28490161162	3.1307251753178616e6	0.0	0.0	8.0	0.25	0.0	0.5384615384615384	1.0	0.0	74.0	
391671.90649860515	152212.2458410761	2.981163006147765e6	0.0	0.0	8.0	0.25	0.0	0.5384615384615384	1.0	0.0	75.0	
372097.4759406861	138025.5005180827	2.838754307007407e6	0.0	0.0	8.0	0.25	0.0	0.5384615384615384	1.0	0.0	76.0	
353539.63172783854	125161.10532986361	2.7031559484928446e6	0.0	0.0	8.0	0.25	0.0	0.5384615384615384	1.0	0.0	77.0	
335942.14584973484	113495.79137435024	2.574041375423528e6	0.0	0.0	8.0	0.25	0.0	0.5384615384615384	1.0	0.0	78.0	
618.3852615403856	0.35916316296901807	4946.722929160117	0.0	0.0	8.0	0.25	0.0	1.0	7.0	1.0	79.0	
303420.1395023604	93325.7233917467	2.3340353926271372e6	0.0	0.0	8.0	0.25	0.0	0.5384615384615384	1.0	0.0	80.0	
4.291302762731265e7	2.252545382921968e8	1.1804968272630428e8	8.0	0.0	0.0	0.25	0.0	0.5384615384615384	1.0	0.0	0.0	
3.984279921715425e7	2.0050619839518768e8	1.1823619534204625e8	8.0	0.0	0.0	0.25	0.0	1.0	7.0	1.0	1.0	
3.539583453986304e7	1.771542299258402e8	1.0601244639306417e8	7.0	1.0	0.0	0.25	0.0	0.5384615384615384	1.0	0.0	2.0	
3.3083916667788766e7	1.6329511517199227e8	1.0137621817031781e8	7.0	1.0	0.0	0.25	0.0	0.5384615384615384	1.0	0.0	3.0	
3.128735498648165e7	1.5216066804693386e8	9.813817184491928e7	7.0	1.0	0.0	0.25	0.0	0.5384615384615384	1.0	0.0	4.0	
2.9842472905175697e7	1.4288248374698424e8	9.585729949442138e7	7.0	0.0	1.0	0.25	0.0	0.5384615384615384	1.0	0.0	5.0	
2.865222880886578e7	1.349985586336389e8	9.421927183728741e7	6.0	1.0	1.0	0.25	0.0	0.5384615384615384	1.0	0.0	6.0	
2.703952167256954e7	1.2510402982428886e8	9.121214355626741e7	6.0	1.0	1.0	0.25	0.0	0.5384615384615384	1.0	0.0	7.0	
2.4844268949344948e7	1.1254351726782757e8	8.621063432693206e7	6.0	1.0	1.0	0.25	0.0	0.5384615384615384	1.0	0.0	8.0	
2.2862720930224374e7	1.0135532691818938e8	8.15464405236056e7	6.0	1.0	1.0	0.25	0.0	0.5384615384615384	1.0	0.0	9.0	
2.1068504488827333e7	9.136672162933747e7	7.718131428128117e7	6.0	1.0	1.0	0.25	0.0	0.5384615384615384	1.0	0.0	10.0	
1.9439634614306916e7	8.243052141920426e7	7.30865554952511e7	6.0	1.0	1.0	0.25	0.0	0.5384615384615384	1.0	0.0	11.0	
1.7957560043881744e7	7.44212376385579e7	6.923924271249606e7	6.0	1.0	1.0	0.25	0.0	0.5384615384615384	1.0	0.0	12.0	
1.6606417547898808e7	6.723128168595347e7	6.5620058697237e7	6.0	1.0	1.0	0.25	0.0	0.5384615384615384	1.0	0.0	13.0	
1.53725045983792e7	6.0767893417885974e7	6.221214336914766e7	6.0	1.0	1.0	0.25	0.0	0.5384615384615384	1.0	0.0	14.0	
1.4243892023849357e7	5.495066983352696e7	5.900046635726789e7	0.0	7.0	1.0	0.25	0.0	0.5384615384615384	1.0	0.0	15.0	
2.731322922668995e6	4.344754436696652e6	1.7505828944655307e7	0.0	7.0	1.0	0.25	0.0	1.0	7.0	1.0	16.0	
1.2262010309996372e7	4.4983300963301174e7	5.3112781516669795e7	0.0	7.0	1.0	0.25	0.0	0.5384615384615384	1.0	0.0	17.0	
1.1391393356055008e7	4.071799327527539e7	5.041315357316467e7	0.0	7.0	1.0	0.25	0.0	0.5384615384615384	1.0	0.0	18.0	
1.059104493561876e7	3.686612618403683e7	4.786223330091327e7	0.0	7.0	1.0	0.25	0.0	0.5384615384615384	1.0	0.0	19.0	
9.854518294460662e6	3.3385632760274578e7	4.5450513595410734e7	0.0	7.0	1.0	0.25	0.0	0.5384615384615384	1.0	0.0	20.0	
9.176049659056807e6	3.0239160110287312e7	4.316923716216714e7	0.0	7.0	1.0	0.25	0.0	0.5384615384615384	1.0	0.0	21.0	
8.550471687372267e6	2.73934506996416e7	4.101032279933654e7	0.0	7.0	1.0	0.25	0.0	0.5384615384615384	1.0	0.0	22.0	
7.973140357895345e6	2.481882204908612e7	3.896630081407663e7	0.0	7.0	1.0	0.25	0.0	0.5384615384615384	1.0	0.0	23.0	
7.439872787801435e6	2.2488726364483465e7	3.7030255937928006e7	0.0	6.0	2.0	0.25	0.0	0.5384615384615384	1.0	0.0	24.0	
6.946894011758592e6	2.037937549644113e7	3.519577659762761e7	0.0	6.0	2.0	0.25	0.0	0.5384615384615384	1.0	0.0	25.0	
6.490791161681011e6	1.846941961769553e7	3.3456909675752576e7	0.0	6.0	2.0	0.25	0.0	0.5384615384615384	1.0	0.0	26.0	
550754.551779449	251207.960788015	4.1548284534475766e6	0.0	0.0	8.0	0.25	0.0	1.0	7.0	1.0	27.0	
5.6771394179213755e6	1.5172860891858626e7	3.0244254451512374e7	0.0	6.0	2.0	0.25	0.0	0.5384615384615384	1.0	0.0	28.0	
5.314243248272598e6	1.3753437195271235e7	2.876050879090956e7	0.0	6.0	2.0	0.25	0.0	0.5384615384615384	1.0	0.0	29.0	
366152.7606789342	115546.34821685782	2.8136757372146165e6	0.0	0.0	8.0	0.25	0.0	1.0	7.0	1.0	30.0	
320043.4797514915	89194.96092713586	2.471152877084796e6	0.0	0.0	8.0	0.25	0.0	1.0	7.0	1.0	31.0	
4.374068046714321e6	1.0245947248277977e7	2.4746597125436593e7	0.0	6.0	2.0	0.25	0.0	0.5384615384615384	1.0	0.0	32.0	
4.1037680974502605e6	9.288831438052742e6	2.354131334154934e7	0.0	6.0	2.0	0.25	0.0	0.5384615384615384	1.0	0.0	33.0	
3.852222941153771e6	8.421341621037656e6	2.2396441908192515e7	0.0	6.0	2.0	0.25	0.0	0.5384615384615384	1.0	0.0	34.0	
3.6179739573133355e6	7.635038960783608e6	2.130875269772308e7	0.0	6.0	2.0	0.25	0.0	0.5384615384615384	1.0	0.0	35.0	
3.399687597514505e6	6.922289197944248e6	2.0275211582171798e7	0.0	6.0	2.0	0.25	0.0	0.5384615384615384	1.0	0.0	36.0	
3.1961437196394913e6	6.276183740003333e6	1.9292966017112594e7	0.0	6.0	2.0	0.25	0.0	0.5384615384615384	1.0	0.0	37.0	
3.0062251125988457e6	5.690468973284449e6	1.8359331927506324e7	0.0	6.0	2.0	0.25	0.0	0.5384615384615384	1.0	0.0	38.0	
2.8289080744119016e6	5.159482836637882e6	1.747178175865733e7	0.0	6.0	2.0	0.25	0.0	0.5384615384615384	1.0	0.0	39.0	
2.6632539251029007e6	4.67809782960356e6	1.6627933571219645e7	0.0	6.0	2.0	0.25	0.0	0.5384615384615384	1.0	0.0	40.0	
2.5084013514596648e6	4.241669738769053e6	1.5825541072908262e7	0.0	6.0	2.0	0.25	0.0	0.5384615384615384	1.0	0.0	41.0	
2.3635594938050183e6	3.8459914590172367e6	1.5062484491422908e7	0.0	6.0	2.0	0.25	0.0	0.5384615384615384	1.0	0.0	42.0	
2.2280016961583993e6	3.4872513648034465e6	1.4336762204463754e7	0.0	6.0	2.0	0.25	0.0	0.5384615384615384	1.0	0.0	43.0	
2.1010598505319925e6	3.161995752978257e6	1.3646483051277686e7	0.0	6.0	2.0	0.25	0.0	0.5384615384615384	1.0	0.0	44.0	
1.9821192743569077e6	2.8670949355187947e6	1.2989859259336468e7	0.0	6.0	2.0	0.25	0.0	0.5384615384615384	1.0	0.0	45.0	
1.8706140669503817e6	2.5997126091792737e6	1.2365199926423779e7	0.0	6.0	2.0	0.25	0.0	0.5384615384615384	1.0	0.0	46.0	
1.766022897078299e6	2.3572781711906623e6	1.177090500543573e7	0.0	6.0	2.0	0.25	0.0	0.5384615384615384	1.0	0.0	47.0	
1.6678651788753741e6	2.137461686566532e6	1.1205459744436465e7	0.0	6.0	2.0	0.25	0.0	0.5384615384615384	1.0	0.0	48.0	
1.575697598081143e6	1.938151244484453e6	1.066742954016469e7	0.0	6.0	2.0	0.25	0.0	0.5384615384615384	1.0	0.0	49.0	
1.4891109544452464e6	1.757432468630179e6	1.015545516693179e7	0.0	6.0	2.0	0.25	0.0	0.5384615384615384	1.0	0.0	50.0	
1.4077272900489834e6	1.593569972691131e6	9.668248347700736e6	0.0	6.0	2.0	0.25	0.0	0.5384615384615384	1.0	0.0	51.0	
1.3311972759738613e6	1.444990570947715e6	9.204587636843175e6	0.0	6.0	2.0	0.25	0.0	0.5384615384615384	1.0	0.0	52.0	
1.2591978328057548e6	1.3102680748086972e6	8.76331458763734e6	0.0	6.0	2.0	0.25	0.0	0.5384615384615384	1.0	0.0	53.0	
1.1914299629966698e6	1.1881095236296842e6	8.343330180343675e6	0.0	6.0	2.0	0.25	0.0	0.5384615384615384	1.0	0.0	54.0	
1.1276167751416443e6	1.0773427122383837e6	7.94359148889477e6	0.0	6.0	2.0	0.25	0.0	0.5384615384615384	1.0	0.0	55.0	
1.0675016822751807e6	976904.8916199616	7.563108566581486e6	0.0	6.0	2.0	0.25	0.0	0.5384615384615384	1.0	0.0	56.0	
1.0108467580539514e6	885832.5312653586	7.200941533166254e6	0.0	6.0	2.0	0.25	0.0	0.5384615384615384	1.0	0.0	57.0	
957431.2362227293	803252.0425021378	6.856197847279698e6	0.0	6.0	2.0	0.25	0.0	0.5384615384615384	1.0	0.0	58.0	
907050.1401860077	728371.3717842527	6.528029749703806e6	0.0	6.0	2.0	0.25	0.0	0.5384615384615384	1.0	0.0	59.0	
7232.061877568701	49.07284201459785	57807.42217853502	0.0	0.0	8.0	0.25	0.0	1.0	7.0	1.0	60.0	
814642.8617038822	598903.9472910172	5.918238946340038e6	0.0	6.0	2.0	0.25	0.0	0.5384615384615384	1.0	0.0	61.0	
772274.9320855151	543075.6943090811	5.635123762375039e6	0.0	6.0	2.0	0.25	0.0	0.5384615384615384	1.0	0.0	62.0	
732255.9286901159	492452.32914418157	5.365595100376745e6	0.0	0.0	8.0	0.25	0.0	0.5384615384615384	1.0	0.0	63.0	
4308.571877920752	17.42867997586768	34451.14634339014	0.0	0.0	8.0	0.25	0.0	1.0	7.0	1.0	64.0	
658703.1948534644	404924.109696905	4.864701449130811e6	0.0	0.0	8.0	0.25	0.0	0.5384615384615384	1.0	0.0	65.0	
3325.7976855075503	10.38661257634656	26595.994871484054	0.0	0.0	8.0	0.25	0.0	1.0	7.0	1.0	66.0	
592954.3561541246	332954.77589188184	4.410680073341115e6	0.0	0.0	8.0	0.25	0.0	0.5384615384615384	1.0	0.0	67.0	
2567.2663079290764	6.18987132951246	20531.940592103103	0.0	0.0	8.0	0.25	0.0	1.0	7.0	1.0	68.0	
534112.2678578008	273778.1742879265	3.999119968574481e6	0.0	0.0	8.0	0.25	0.0	0.5384615384615384	1.0	0.0	69.0	
507032.5459233748	248259.73507883342	3.808000632308164e6	0.0	0.0	8.0	0.25	0.0	0.5384615384615384	1.0	0.0	70.0	
481393.8516531886	225120.04962872784	3.6260307635967815e6	0.0	0.0	8.0	0.25	0.0	0.5384615384615384	1.0	0.0	71.0	
457113.48206979467	204137.3479408211	3.452770508617536e6	0.0	0.0	8.0	0.25	0.0	0.5384615384615384	1.0	0.0	72.0	
434113.98949629365	185110.5396098906	3.2878013763604574e6	0.0	0.0	8.0	0.25	0.0	0.5384615384615384	1.0	0.0	73.0	
412322.8075274336	167857.2849016113	3.130725175317858e6	0.0	0.0	8.0	0.25	0.0	0.5384615384615384	1.0	0.0	74.0	
391671.9064986049	152212.24584107604	2.9811630061477637e6	0.0	0.0	8.0	0.25	0.0	0.5384615384615384	1.0	0.0	75.0	
911.6932342727208	0.7807125358292619	7292.765161645935	0.0	0.0	8.0	0.25	0.0	1.0	7.0	1.0	76.0	
353539.63172783854	125161.10532986361	2.7031559484928446e6	0.0	0.0	8.0	0.25	0.0	0.5384615384615384	1.0	0.0	77.0	
335942.14584973484	113495.79137435032	2.574041375423528e6	0.0	0.0	8.0	0.25	0.0	0.5384615384615384	1.0	0.0	78.0	
319252.19691470126	102917.78246012169	2.451099792857488e6	0.0	0.0	8.0	0.25	0.0	0.5384615384615384	1.0	0.0	79.0	
303420.1395023604	93325.7233917467	2.3340353926271372e6	0.0	0.0	8.0	0.25	0.0	0.5384615384615384	1.0	0.0	80.0	
4.291302762731265e7	2.252545382921968e8	1.1804968272630428e8	8.0	0.0	0.0	0.25	0.0	0.5384615384615384	1.0	0.0	0.0	
3.984279921715425e7	2.0050619839518768e8	1.1823619534204625e8	8.0	0.0	0.0	0.25	0.0	1.0	7.0	1.0	1.0	
3.5395834539841786e7	1.7715422992572528e8	1.0601244639300893e8	7.0	1.0	0.0	0.25	0.0	0.5384615384615384	1.0	0.0	2.0	
2.9560012692395885e7	1.347077791736402e8	1.0177232236552688e8	7.0	1.0	0.0	0.25	0.0	1.0	7.0	1.0	3.0	
3.128735498648162e7	1.521606680469337e8	9.813817184491928e7	7.0	1.0	0.0	0.25	0.0	0.5384615384615384	1.0	0.0	4.0	
2.9842472905175697e7	1.4288248374698424e8	9.585729949442138e7	7.0	0.0	1.0	0.25	0.0	0.5384615384615384	1.0	0.0	5.0	
2.8652228808865782e7	1.3499855863363892e8	9.421927183728735e7	6.0	1.0	1.0	0.25	0.0	0.5384615384615384	1.0	0.0	6.0	
2.703952167256954e7	1.2510402982428887e8	9.12121435562674e7	6.0	1.0	1.0	0.25	0.0	0.5384615384615384	1.0	0.0	7.0	
2.4844268949344948e7	1.1254351726782757e8	8.621063432693206e7	6.0	1.0	1.0	0.25	0.0	0.5384615384615384	1.0	0.0	8.0	
8.936080142941952e6	2.6981950752132103e7	4.450669039140352e7	0.0	8.0	0.0	0.25	0.0	1.0	7.0	1.0	9.0	
2.1068504488827333e7	9.136672162933747e7	7.718131428128117e7	6.0	1.0	1.0	0.25	0.0	0.5384615384615384	1.0	0.0	10.0	
1.9439634614306916e7	8.243052141920426e7	7.30865554952511e7	6.0	1.0	1.0	0.25	0.0	0.5384615384615384	1.0	0.0	11.0	
1.795756004388174e7	7.442123763855787e7	6.923924271249607e7	6.0	1.0	1.0	0.25	0.0	0.5384615384615384	1.0	0.0	12.0	
1.6606417547898808e7	6.723128168595348e7	6.562005869723701e7	6.0	1.0	1.0	0.25	0.0	0.5384615384615384	1.0	0.0	13.0	
1.5372504598379206e7	6.076789341788598e7	6.2212143369147666e7	6.0	1.0	1.0	0.25	0.0	0.5384615384615384	1.0	0.0	14.0	
1.4243892023849351e7	5.4950669833526924e7	5.900046635726789e7	0.0	7.0	1.0	0.25	0.0	0.5384615384615384	1.0	0.0	15.0	
1.3210128758225013e7	4.970957061553631e7	5.597145945026381e7	0.0	7.0	1.0	0.25	0.0	0.5384615384615384	1.0	0.0	16.0	
1.2262010309996376e7	4.49833009633012e7	5.3112781516669825e7	0.0	7.0	1.0	0.25	0.0	0.5384615384615384	1.0	0.0	17.0	
1.1391393356055008e7	4.071799327527539e7	5.041315357316467e7	0.0	7.0	1.0	0.25	0.0	0.5384615384615384	1.0	0.0	18.0	
1.059104493561876e7	3.686612618403683e7	4.786223330091327e7	0.0	7.0	1.0	0.25	0.0	0.5384615384615384	1.0	0.0	19.0	
9.854518294460662e6	3.338563276027456e7	4.5450513595410734e7	0.0	7.0	1.0	0.25	0.0	0.5384615384615384	1.0	0.0	20.0	
9.176049659056809e6	3.023916011028731e7	4.316923716216714e7	0.0	7.0	1.0	0.25	0.0	0.5384615384615384	1.0	0.0	21.0	
8.55047168737226e6	2.7393450699641578e7	4.101032279933649e7	0.0	7.0	1.0	0.25	0.0	0.5384615384615384	1.0	0.0	22.0	
7.9731403578953445e6	2.4818822049086113e7	3.896630081407663e7	0.0	7.0	1.0	0.25	0.0	0.5384615384615384	1.0	0.0	23.0	
7.439872787801439e6	2.248872636448348e7	3.7030255937928036e7	0.0	6.0	2.0	0.25	0.0	0.5384615384615384	1.0	0.0	24.0	
6.946894011758596e6	2.037937549644114e7	3.5195776597627625e7	0.0	6.0	2.0	0.25	0.0	0.5384615384615384	1.0	0.0	25.0	
6.490791161681015e6	1.8469419617695536e7	3.3456909675752576e7	0.0	6.0	2.0	0.25	0.0	0.5384615384615384	1.0	0.0	26.0	
6.068473801885705e6	1.6739670348076064e7	3.1808120067009587e7	0.0	6.0	2.0	0.25	0.0	0.5384615384615384	1.0	0.0	27.0	
5.677139417921376e6	1.5172860891858634e7	3.0244254451512374e7	0.0	6.0	2.0	0.25	0.0	0.5384615384615384	1.0	0.0	28.0	
5.314243248272598e6	1.3753437195271235e7	2.876050879090956e7	0.0	6.0	2.0	0.25	0.0	0.5384615384615384	1.0	0.0	29.0	
4.977471798627589e6	1.2467375269106723e7	2.735239911991399e7	0.0	6.0	2.0	0.25	0.0	0.5384615384615384	1.0	0.0	30.0	
4.664719497453431e6	1.1302020719999252e7	2.601573525962819e7	0.0	6.0	2.0	0.25	0.0	0.5384615384615384	1.0	0.0	31.0	
4.374068046714323e6	1.0245947248277979e7	2.4746597125436597e7	0.0	6.0	2.0	0.25	0.0	0.5384615384615384	1.0	0.0	32.0	
4.1037680974502554e6	9.288831438052725e6	2.354131334154931e7	0.0	6.0	2.0	0.25	0.0	0.5384615384615384	1.0	0.0	33.0	
3.8522229411537694e6	8.421341621037647e6	2.23964419081925e7	0.0	6.0	2.0	0.25	0.0	0.5384615384615384	1.0	0.0	34.0	
3.6179739573133355e6	7.635038960783608e6	2.130875269772308e7	0.0	6.0	2.0	0.25	0.0	0.5384615384615384	1.0	0.0	35.0	
3.399687597514505e6	6.922289197944248e6	2.0275211582171798e7	0.0	6.0	2.0	0.25	0.0	0.5384615384615384	1.0	0.0	36.0	
3.1961437196394866e6	6.276183740003322e6	1.9292966017112568e7	0.0	6.0	2.0	0.25	0.0	0.5384615384615384	1.0	0.0	37.0	
3.006225112598849e6	5.690468973284455e6	1.835933192750634e7	0.0	6.0	2.0	0.25	0.0	0.5384615384615384	1.0	0.0	38.0	
2.8289080744119016e6	5.159482836637882e6	1.7471781758657333e7	0.0	6.0	2.0	0.25	0.0	0.5384615384615384	1.0	0.0	39.0	
2.663253925102904e6	4.678097829603566e6	1.6627933571219668e7	0.0	6.0	2.0	0.25	0.0	0.5384615384615384	1.0	0.0	40.0	
2.508401351459663e6	4.241669738769047e6	1.582554107290826e7	0.0	6.0	2.0	0.25	0.0	0.5384615384615384	1.0	0.0	41.0	
2.3635594938050183e6	3.845991459017237e6	1.5062484491422908e7	0.0	6.0	2.0	0.25	0.0	0.5384615384615384	1.0	0.0	42.0	
2.2280016961583984e6	3.487251364803441e6	1.4336762204463745e7	0.0	6.0	2.0	0.25	0.0	0.5384615384615384	1.0	0.0	43.0	
2.1010598505319925e6	3.161995752978257e6	1.3646483051277684e7	0.0	6.0	2.0	0.25	0.0	0.5384615384615384	1.0	0.0	44.0	
1.9821192743569077e6	2.8670949355187947e6	1.2989859259336468e7	0.0	6.0	2.0	0.25	0.0	0.5384615384615384	1.0	0.0	45.0	
1.8706140669503822e6	2.599712609179274e6	1.236519992642378e7	0.0	6.0	2.0	0.25	0.0	0.5384615384615384	1.0	0.0	46.0	
1.766022897078299e6	2.3572781711906623e6	1.177090500543573e7	0.0	6.0	2.0	0.25	0.0	0.5384615384615384	1.0	0.0	47.0	
1.6678651788753741e6	2.137461686566532e6	1.1205459744436465e7	0.0	6.0	2.0	0.25	0.0	0.5384615384615384	1.0	0.0	48.0	
1.5756975980811438e6	1.9381512444844542e6	1.0667429540164696e7	0.0	6.0	2.0	0.25	0.0	0.5384615384615384	1.0	0.0	49.0	
1.4891109544452464e6	1.757432468630179e6	1.015545516693179e7	0.0	6.0	2.0	0.25	0.0	0.5384615384615384	1.0	0.0	50.0	
1.4077272900489836e6	1.593569972691131e6	9.668248347700737e6	0.0	6.0	2.0	0.25	0.0	0.5384615384615384	1.0	0.0	51.0	
1.33119727597386e6	1.4449905709477128e6	9.204587636843167e6	0.0	6.0	2.0	0.25	0.0	0.5384615384615384	1.0	0.0	52.0	
17914.215755104415	300.3247993534107	143013.40124148194	0.0	0.0	8.0	0.25	0.0	1.0	7.0	1.0	53.0	
1.1914299629966698e6	1.1881095236296842e6	8.343330180343675e6	0.0	6.0	2.0	0.25	0.0	0.5384615384615384	1.0	0.0	54.0	
1.1276167751416443e6	1.0773427122383832e6	7.943591488894769e6	0.0	6.0	2.0	0.25	0.0	0.5384615384615384	1.0	0.0	55.0	
12142.327323406857	138.16993813752643	97000.44864911734	0.0	0.0	8.0	0.25	0.0	1.0	7.0	1.0	56.0	
1.0108467580539514e6	885832.5312653586	7.200941533166254e6	0.0	6.0	2.0	0.25	0.0	0.5384615384615384	1.0	0.0	57.0	
957431.2362227291	803252.0425021374	6.856197847279695e6	0.0	6.0	2.0	0.25	0.0	0.5384615384615384	1.0	0.0	58.0	
907050.1401860077	728371.3717842527	6.528029749703806e6	0.0	6.0	2.0	0.25	0.0	0.5384615384615384	1.0	0.0	59.0	
7232.061877568701	49.07284201459785	57807.42217853502	0.0	0.0	8.0	0.25	0.0	1.0	7.0	1.0	60.0	
814642.8617038818	598903.947291017	5.918238946340038e6	0.0	6.0	2.0	0.25	0.0	0.5384615384615384	1.0	0.0	61.0	
772274.9320855151	543075.6943090811	5.635123762375039e6	0.0	6.0	2.0	0.25	0.0	0.5384615384615384	1.0	0.0	62.0	
732255.9286901153	492452.3291441805	5.365595100376744e6	0.0	0.0	8.0	0.25	0.0	0.5384615384615384	1.0	0.0	63.0	
694443.0484485037	446548.49483517546	5.108995892752854e6	0.0	0.0	8.0	0.25	0.0	0.5384615384615384	1.0	0.0	64.0	
658703.1948534631	404924.1096969028	4.864701449130803e6	0.0	0.0	8.0	0.25	0.0	0.5384615384615384	1.0	0.0	65.0	
624912.2414016714	367180.1413927761	4.632117789820595e6	0.0	0.0	8.0	0.25	0.0	0.5384615384615384	1.0	0.0	66.0	
592954.3561541245	332954.7758918815	4.4106800733411135e6	0.0	0.0	8.0	0.25	0.0	0.5384615384615384	1.0	0.0	67.0	
562721.3820208703	301919.94433253846	4.199851111834424e6	0.0	0.0	8.0	0.25	0.0	0.5384615384615384	1.0	0.0	68.0	
534112.2678578002	273778.1742879258	3.999119968574477e6	0.0	0.0	8.0	0.25	0.0	0.5384615384615384	1.0	0.0	69.0	
507032.5459233741	248259.735078833	3.80800063230816e6	0.0	0.0	8.0	0.25	0.0	0.5384615384615384	1.0	0.0	70.0	
481393.8516531877	225120.04962872737	3.6260307635967736e6	0.0	0.0	8.0	0.25	0.0	0.5384615384615384	1.0	0.0	71.0	
457113.4820697958	204137.3479408218	3.452770508617545e6	0.0	0.0	8.0	0.25	0.0	0.5384615384615384	1.0	0.0	72.0	
434113.9894962937	185110.53960989078	3.2878013763604597e6	0.0	0.0	8.0	0.25	0.0	0.5384615384615384	1.0	0.0	73.0	
412322.8075274342	167857.28490161162	3.1307251753178616e6	0.0	0.0	8.0	0.25	0.0	0.5384615384615384	1.0	0.0	74.0	
391671.9064986049	152212.24584107604	2.9811630061477637e6	0.0	0.0	8.0	0.25	0.0	0.5384615384615384	1.0	0.0	75.0	
372097.4759406861	138025.5005180827	2.838754307007407e6	0.0	0.0	8.0	0.25	0.0	0.5384615384615384	1.0	0.0	76.0	
801.0347002720714	0.6026839266988832	6407.674918249872	0.0	0.0	8.0	0.25	0.0	1.0	7.0	1.0	77.0	
335942.1458497345	113495.79137435002	2.5740413754235255e6	0.0	0.0	8.0	0.25	0.0	0.5384615384615384	1.0	0.0	78.0	
319252.19691470126	102917.78246012169	2.451099792857488e6	0.0	0.0	8.0	0.25	0.0	0.5384615384615384	1.0	0.0	79.0	
303420.1395023604	93325.7233917467	2.3340353926271372e6	0.0	0.0	8.0	0.25	0.0	0.5384615384615384	1.0	0.0	80.0	
4.291302762731265e7	2.252545382921968e8	1.1804968272630428e8	8.0	0.0	0.0	0.25	0.0	0.5384615384615384	1.0	0.0	0.0	
3.824300663613551e7	1.9435773212007418e8	1.1158632096900989e8	7.0	1.0	0.0	0.25	0.0	0.5384615384615384	1.0	0.0	1.0	
3.539583453986304e7	1.771542299258402e8	1.0601244639306417e8	7.0	1.0	0.0	0.25	0.0	0.5384615384615384	1.0	0.0	2.0	
3.3083916667788766e7	1.632951151719923e8	1.0137621817031781e8	7.0	1.0	0.0	0.25	0.0	0.5384615384615384	1.0	0.0	3.0	
3.1287354986481655e7	1.521606680469339e8	9.813817184491934e7	7.0	1.0	0.0	0.25	0.0	0.5384615384615384	1.0	0.0	4.0	
2.984247290517573e7	1.428824837469844e8	9.585729949442145e7	7.0	0.0	1.0	0.25	0.0	0.5384615384615384	1.0	0.0	5.0	
2.8652228808865782e7	1.349985586336389e8	9.42192718372874e7	6.0	1.0	1.0	0.25	0.0	0.5384615384615384	1.0	0.0	6.0	
2.703952167256954e7	1.2510402982428886e8	9.121214355626741e7	6.0	1.0	1.0	0.25	0.0	0.5384615384615384	1.0	0.0	7.0	
2.4844268949344948e7	1.1254351726782756e8	8.621063432693206e7	6.0	1.0	1.0	0.25	0.0	0.5384615384615384	1.0	0.0	8.0	
8.936080142941952e6	2.6981950752132103e7	4.450669039140352e7	0.0	8.0	0.0	0.25	0.0	1.0	7.0	1.0	9.0	
2.1068504488827333e7	9.136672162933747e7	7.718131428128117e7	6.0	1.0	1.0	0.25	0.0	0.5384615384615384	1.0	0.0	10.0	
6.247348619408551e6	1.5972103544086998e7	3.400668541118142e7	0.0	8.0	0.0	0.25	0.0	1.0	7.0	1.0	11.0	
1.795756004388174e7	7.442123763855787e7	6.923924271249607e7	6.0	1.0	1.0	0.25	0.0	0.5384615384615384	1.0	0.0	12.0	
1.6606417547898808e7	6.723128168595348e7	6.562005869723701e7	6.0	1.0	1.0	0.25	0.0	0.5384615384615384	1.0	0.0	13.0	
1.5372504598379206e7	6.0767893417885974e7	6.2212143369147666e7	6.0	1.0	1.0	0.25	0.0	0.5384615384615384	1.0	0.0	14.0	
1.424389202384935e7	5.495066983352691e7	5.900046635726789e7	0.0	7.0	1.0	0.25	0.0	0.5384615384615384	1.0	0.0	15.0	
2.731322922668995e6	4.344754436696652e6	1.7505828944655307e7	0.0	7.0	1.0	0.25	0.0	1.0	7.0	1.0	16.0	
1.2262010309996372e7	4.4983300963301174e7	5.3112781516669795e7	0.0	7.0	1.0	0.25	0.0	0.5384615384615384	1.0	0.0	17.0	
1.139139335605501e7	4.071799327527542e7	5.041315357316468e7	0.0	7.0	1.0	0.25	0.0	0.5384615384615384	1.0	0.0	18.0	
1.059104493561876e7	3.686612618403683e7	4.786223330091327e7	0.0	7.0	1.0	0.25	0.0	0.5384615384615384	1.0	0.0	19.0	
9.854518294460662e6	3.338563276027456e7	4.5450513595410734e7	0.0	7.0	1.0	0.25	0.0	0.5384615384615384	1.0	0.0	20.0	
9.176049659056809e6	3.023916011028731e7	4.316923716216714e7	0.0	7.0	1.0	0.25	0.0	0.5384615384615384	1.0	0.0	21.0	
8.55047168737226e6	2.7393450699641578e7	4.101032279933649e7	0.0	7.0	1.0	0.25	0.0	0.5384615384615384	1.0	0.0	22.0	
962798.1091874299	707707.0414705839	6.994677832028856e6	0.0	7.0	1.0	0.25	0.0	1.0	7.0	1.0	23.0	
7.439872787801439e6	2.2488726364483483e7	3.7030255937928036e7	0.0	6.0	2.0	0.25	0.0	0.5384615384615384	1.0	0.0	24.0	
726426.589049822	421619.5930003293	5.389793119398248e6	0.0	0.0	8.0	0.25	0.0	1.0	7.0	1.0	25.0	
6.490791161681011e6	1.846941961769553e7	3.3456909675752576e7	0.0	6.0	2.0	0.25	0.0	0.5384615384615384	1.0	0.0	26.0	
550754.551779449	251207.960788015	4.1548284534475766e6	0.0	0.0	8.0	0.25	0.0	1.0	7.0	1.0	27.0	
5.677139417921372e6	1.5172860891858622e7	3.024425445151236e7	0.0	6.0	2.0	0.25	0.0	0.5384615384615384	1.0	0.0	28.0	
5.314243248272598e6	1.3753437195271235e7	2.876050879090956e7	0.0	6.0	2.0	0.25	0.0	0.5384615384615384	1.0	0.0	29.0	
4.97747179862759e6	1.2467375269106723e7	2.735239911991399e7	0.0	6.0	2.0	0.25	0.0	0.5384615384615384	1.0	0.0	30.0	
4.664719497453431e6	1.1302020719999252e7	2.601573525962819e7	0.0	6.0	2.0	0.25	0.0	0.5384615384615384	1.0	0.0	31.0	
4.374068046714321e6	1.0245947248277977e7	2.4746597125436593e7	0.0	6.0	2.0	0.25	0.0	0.5384615384615384	1.0	0.0	32.0	
244942.61182264079	53151.90004411403	1.9063889945370122e6	0.0	0.0	8.0	0.25	0.0	1.0	7.0	1.0	33.0	
3.852222941153771e6	8.421341621037656e6	2.2396441908192515e7	0.0	6.0	2.0	0.25	0.0	0.5384615384615384	1.0	0.0	34.0	
187824.53494388683	31674.349152086776	1.4709219303990079e6	0.0	0.0	8.0	0.25	0.0	1.0	7.0	1.0	35.0	
3.3996875975145064e6	6.922289197944252e6	2.0275211582171798e7	0.0	6.0	2.0	0.25	0.0	0.5384615384615384	1.0	0.0	36.0	
3.1961437196394866e6	6.276183740003322e6	1.9292966017112568e7	0.0	6.0	2.0	0.25	0.0	0.5384615384615384	1.0	0.0	37.0	
3.0062251125988537e6	5.690468973284468e6	1.835933192750636e7	0.0	6.0	2.0	0.25	0.0	0.5384615384615384	1.0	0.0	38.0	
110902.54712021849	11248.802855882945	875971.5741058649	0.0	0.0	8.0	0.25	0.0	1.0	7.0	1.0	39.0	
2.6632539251029026e6	4.678097829603562e6	1.6627933571219658e7	0.0	6.0	2.0	0.25	0.0	0.5384615384615384	1.0	0.0	40.0	
2.5084013514596624e6	4.241669738769042e6	1.5825541072908256e7	0.0	6.0	2.0	0.25	0.0	0.5384615384615384	1.0	0.0	41.0	
2.3635594938050183e6	3.845991459017237e6	1.5062484491422908e7	0.0	6.0	2.0	0.25	0.0	0.5384615384615384	1.0	0.0	42.0	
65726.6886150616	3995.047519253579	521818.46140123904	0.0	0.0	8.0	0.25	0.0	1.0	7.0	1.0	43.0	
2.1010598505319925e6	3.161995752978257e6	1.3646483051277686e7	0.0	6.0	2.0	0.25	0.0	0.5384615384615384	1.0	0.0	44.0	
1.9821192743569077e6	2.8670949355187947e6	1.2989859259336468e7	0.0	6.0	2.0	0.25	0.0	0.5384615384615384	1.0	0.0	45.0	
1.8706140669503822e6	2.599712609179274e6	1.236519992642378e7	0.0	6.0	2.0	0.25	0.0	0.5384615384615384	1.0	0.0	46.0	
1.7660228970782985e6	2.3572781711906604e6	1.1770905005435726e7	0.0	6.0	2.0	0.25	0.0	0.5384615384615384	1.0	0.0	47.0	
1.6678651788753741e6	2.137461686566532e6	1.1205459744436465e7	0.0	6.0	2.0	0.25	0.0	0.5384615384615384	1.0	0.0	48.0	
1.575697598081143e6	1.938151244484453e6	1.066742954016469e7	0.0	6.0	2.0	0.25	0.0	0.5384615384615384	1.0	0.0	49.0	
1.4891109544452464e6	1.757432468630179e6	1.015545516693179e7	0.0	6.0	2.0	0.25	0.0	0.5384615384615384	1.0	0.0	50.0	
1.4077272900489834e6	1.593569972691131e6	9.668248347700737e6	0.0	6.0	2.0	0.25	0.0	0.5384615384615384	1.0	0.0	51.0	
20395.163146074676	389.03047421266126	162772.27469438472	0.0	0.0	8.0	0.25	0.0	1.0	7.0	1.0	52.0	
1.2591978328057548e6	1.3102680748086972e6	8.76331458763734e6	0.0	6.0	2.0	0.25	0.0	0.5384615384615384	1.0	0.0	53.0	
15735.664744271122	231.8455347685862	125653.47241940041	0.0	0.0	8.0	0.25	0.0	1.0	7.0	1.0	54.0	
1.1276167751416445e6	1.0773427122383853e6	7.94359148889477e6	0.0	6.0	2.0	0.25	0.0	0.5384615384615384	1.0	0.0	55.0	
1.0675016822751807e6	976904.8916199602	7.563108566581486e6	0.0	6.0	2.0	0.25	0.0	0.5384615384615384	1.0	0.0	56.0	
1.0108467580539514e6	885832.5312653586	7.200941533166254e6	0.0	6.0	2.0	0.25	0.0	0.5384615384615384	1.0	0.0	57.0	
957431.2362227293	803252.0425021378	6.856197847279698e6	0.0	6.0	2.0	0.25	0.0	0.5384615384615384	1.0	0.0	58.0	
907050.1401860067	728371.3717842519	6.528029749703802e6	0.0	6.0	2.0	0.25	0.0	0.5384615384615384	1.0	0.0	59.0	
7232.061877568701	49.07284201459785	57807.42217853502	0.0	0.0	8.0	0.25	0.0	1.0	7.0	1.0	60.0	
814642.8617038822	598903.9472910172	5.918238946340038e6	0.0	6.0	2.0	0.25	0.0	0.5384615384615384	1.0	0.0	61.0	
772274.9320855151	543075.6943090811	5.635123762375039e6	0.0	6.0	2.0	0.25	0.0	0.5384615384615384	1.0	0.0	62.0	
732255.9286901158	492452.32914418157	5.365595100376745e6	0.0	0.0	8.0	0.25	0.0	0.5384615384615384	1.0	0.0	63.0	
4308.571877920752	17.42867997586768	34451.14634339014	0.0	0.0	8.0	0.25	0.0	1.0	7.0	1.0	64.0	
658703.1948534638	404924.10969690396	4.864701449130807e6	0.0	0.0	8.0	0.25	0.0	0.5384615384615384	1.0	0.0	65.0	
624912.24140167	367180.1413927744	4.632117789820585e6	0.0	0.0	8.0	0.25	0.0	0.5384615384615384	1.0	0.0	66.0	
592954.3561541245	332954.7758918815	4.4106800733411135e6	0.0	0.0	8.0	0.25	0.0	0.5384615384615384	1.0	0.0	67.0	
562721.3820208703	301919.94433253846	4.199851111834424e6	0.0	0.0	8.0	0.25	0.0	0.5384615384615384	1.0	0.0	68.0	
534112.2678578002	273778.1742879258	3.999119968574477e6	0.0	0.0	8.0	0.25	0.0	0.5384615384615384	1.0	0.0	69.0	
507032.54592337465	248259.73507883333	3.808000632308164e6	0.0	0.0	8.0	0.25	0.0	0.5384615384615384	1.0	0.0	70.0	
481393.85165318707	225120.0496287267	3.6260307635967704e6	0.0	0.0	8.0	0.25	0.0	0.5384615384615384	1.0	0.0	71.0	
457113.4820697954	204137.34794082172	3.4527705086175418e6	0.0	0.0	8.0	0.25	0.0	0.5384615384615384	1.0	0.0	72.0	
434113.98949629336	185110.53960989052	3.2878013763604574e6	0.0	0.0	8.0	0.25	0.0	0.5384615384615384	1.0	0.0	73.0	
412322.8075274342	167857.28490161165	3.1307251753178616e6	0.0	0.0	8.0	0.25	0.0	0.5384615384615384	1.0	0.0	74.0	
391671.9064986049	152212.24584107604	2.9811630061477637e6	0.0	0.0	8.0	0.25	0.0	0.5384615384615384	1.0	0.0	75.0	
372097.4759406861	138025.5005180827	2.838754307007407e6	0.0	0.0	8.0	0.25	0.0	0.5384615384615384	1.0	0.0	76.0	
353539.63172783854	125161.10532986361	2.7031559484928446e6	0.0	0.0	8.0	0.25	0.0	0.5384615384615384	1.0	0.0	77.0	
335942.14584973484	113495.79137435024	2.574041375423528e6	0.0	0.0	8.0	0.25	0.0	0.5384615384615384	1.0	0.0	78.0	
618.3852615403856	0.35916316296901807	4946.722929160117	0.0	0.0	8.0	0.25	0.0	1.0	7.0	1.0	79.0	
303420.1395023607	93325.72339174685	2.3340353926271396e6	0.0	0.0	8.0	0.25	0.0	0.5384615384615384	1.0	0.0	80.0	
4.291302762731265e7	2.252545382921968e8	1.1804968272630428e8	8.0	0.0	0.0	0.25	0.0	0.5384615384615384	1.0	0.0	0.0	
3.824300663611762e7	1.9435773211997616e8	1.115863209689648e8	7.0	1.0	0.0	0.25	0.0	0.5384615384615384	1.0	0.0	1.0	
3.539583453986304e7	1.771542299258402e8	1.0601244639306416e8	7.0	1.0	0.0	0.25	0.0	0.5384615384615384	1.0	0.0	2.0	
3.3083916667788766e7	1.632951151719923e8	1.0137621817031781e8	7.0	1.0	0.0	0.25	0.0	0.5384615384615384	1.0	0.0	3.0	
3.128735498648165e7	1.5216066804693386e8	9.813817184491928e7	7.0	1.0	0.0	0.25	0.0	0.5384615384615384	1.0	0.0	4.0	
2.984247290517573e7	1.428824837469844e8	9.585729949442145e7	7.0	0.0	1.0	0.25	0.0	0.5384615384615384	1.0	0.0	5.0	
2.865222880886578e7	1.349985586336389e8	9.42192718372874e7	6.0	1.0	1.0	0.25	0.0	0.5384615384615384	1.0	0.0	6.0	
2.703952167256954e7	1.2510402982428886e8	9.121214355626741e7	6.0	1.0	1.0	0.25	0.0	0.5384615384615384	1.0	0.0	7.0	
1.076064833167234e7	3.5117726624063894e7	5.096746002931484e7	0.0	8.0	0.0	0.25	0.0	1.0	7.0	1.0	8.0	
8.936080142941952e6	2.6981950752132103e7	4.450669039140352e7	0.0	8.0	0.0	0.25	0.0	1.0	7.0	1.0	9.0	
2.1068504488827333e7	9.136672162933747e7	7.718131428128119e7	6.0	1.0	1.0	0.25	0.0	0.5384615384615384	1.0	0.0	10.0	
1.9439634614306916e7	8.243052141920426e7	7.30865554952511e7	6.0	1.0	1.0	0.25	0.0	0.5384615384615384	1.0	0.0	11.0	
1.7957560043881744e7	7.44212376385579e7	6.923924271249606e7	6.0	1.0	1.0	0.25	0.0	0.5384615384615384	1.0	0.0	12.0	
1.6606417547898808e7	6.723128168595348e7	6.562005869723701e7	6.0	1.0	1.0	0.25	0.0	0.5384615384615384	1.0	0.0	13.0	
1.5372504598379206e7	6.076789341788598e7	6.2212143369147666e7	6.0	1.0	1.0	0.25	0.0	0.5384615384615384	1.0	0.0	14.0	
1.4243892023849357e7	5.495066983352696e7	5.900046635726789e7	0.0	7.0	1.0	0.25	0.0	0.5384615384615384	1.0	0.0	15.0	
1.3210128758225016e7	4.9709570615536295e7	5.597145945026381e7	0.0	7.0	1.0	0.25	0.0	0.5384615384615384	1.0	0.0	16.0	
1.2262010309996383e7	4.498330096330123e7	5.311278151666984e7	0.0	7.0	1.0	0.25	0.0	0.5384615384615384	1.0	0.0	17.0	
1.139139335605501e7	4.071799327527542e7	5.041315357316468e7	0.0	7.0	1.0	0.25	0.0	0.5384615384615384	1.0	0.0	18.0	
1.059104493561876e7	3.686612618403683e7	4.786223330091327e7	0.0	7.0	1.0	0.25	0.0	0.5384615384615384	1.0	0.0	19.0	
9.854518294460662e6	3.3385632760274574e7	4.5450513595410734e7	0.0	7.0	1.0	0.25	0.0	0.5384615384615384	1.0	0.0	20.0	
9.176049659056813e6	3.023916011028734e7	4.316923716216715e7	0.0	7.0	1.0	0.25	0.0	0.5384615384615384	1.0	0.0	21.0	
8.550471687372267e6	2.73934506996416e7	4.101032279933654e7	0.0	7.0	1.0	0.25	0.0	0.5384615384615384	1.0	0.0	22.0	
7.9731403578953445e6	2.481882204908611e7	3.896630081407663e7	0.0	7.0	1.0	0.25	0.0	0.5384615384615384	1.0	0.0	23.0	
7.439872787801439e6	2.2488726364483483e7	3.7030255937928036e7	0.0	6.0	2.0	0.25	0.0	0.5384615384615384	1.0	0.0	24.0	
6.946894011758592e6	2.0379375496441126e7	3.519577659762761e7	0.0	6.0	2.0	0.25	0.0	0.5384615384615384	1.0	0.0	25.0	
6.490791161681015e6	1.8469419617695536e7	3.3456909675752576e7	0.0	6.0	2.0	0.25	0.0	0.5384615384615384	1.0	0.0	26.0	
6.068473801885704e6	1.6739670348076057e7	3.1808120067009576e7	0.0	6.0	2.0	0.25	0.0	0.5384615384615384	1.0	0.0	27.0	
5.677139417921375e6	1.5172860891858626e7	3.0244254451512374e7	0.0	6.0	2.0	0.25	0.0	0.5384615384615384	1.0	0.0	28.0	
5.314243248272598e6	1.3753437195271235e7	2.876050879090956e7	0.0	6.0	2.0	0.25	0.0	0.5384615384615384	1.0	0.0	29.0	
366152.7606789342	115546.34821685782	2.8136757372146165e6	0.0	0.0	8.0	0.25	0.0	1.0	7.0	1.0	30.0	
4.66471949745343e6	1.1302020719999252e7	2.6015735259628188e7	0.0	6.0	2.0	0.25	0.0	0.5384615384615384	1.0	0.0	31.0	
4.374068046714317e6	1.0245947248277964e7	2.4746597125436574e7	0.0	6.0	2.0	0.25	0.0	0.5384615384615384	1.0	0.0	32.0	
4.1037680974502605e6	9.288831438052742e6	2.354131334154934e7	0.0	6.0	2.0	0.25	0.0	0.5384615384615384	1.0	0.0	33.0	
3.8522229411537694e6	8.421341621037647e6	2.23964419081925e7	0.0	6.0	2.0	0.25	0.0	0.5384615384615384	1.0	0.0	34.0	
187824.53494388683	31674.349152086776	1.4709219303990079e6	0.0	0.0	8.0	0.25	0.0	1.0	7.0	1.0	35.0	
3.3996875975145074e6	6.922289197944255e6	2.0275211582171805e7	0.0	6.0	2.0	0.25	0.0	0.5384615384615384	1.0	0.0	36.0	
3.1961437196394866e6	6.276183740003322e6	1.9292966017112568e7	0.0	6.0	2.0	0.25	0.0	0.5384615384615384	1.0	0.0	37.0	
3.006225112598854e6	5.690468973284471e6	1.835933192750636e7	0.0	6.0	2.0	0.25	0.0	0.5384615384615384	1.0	0.0	38.0	
110902.54712021849	11248.802855882945	875971.5741058649	0.0	0.0	8.0	0.25	0.0	1.0	7.0	1.0	39.0	
2.6632539251029026e6	4.678097829603562e6	1.6627933571219658e7	0.0	6.0	2.0	0.25	0.0	0.5384615384615384	1.0	0.0	40.0	
2.5084013514596624e6	4.241669738769042e6	1.5825541072908256e7	0.0	6.0	2.0	0.25	0.0	0.5384615384615384	1.0	0.0	41.0	
2.3635594938050183e6	3.845991459017237e6	1.5062484491422908e7	0.0	6.0	2.0	0.25	0.0	0.5384615384615384	1.0	0.0	42.0	
2.2280016961583993e6	3.4872513648034446e6	1.4336762204463754e7	0.0	6.0	2.0	0.25	0.0	0.5384615384615384	1.0	0.0	43.0	
2.1010598505319925e6	3.161995752978257e6	1.3646483051277686e7	0.0	6.0	2.0	0.25	0.0	0.5384615384615384	1.0	0.0	44.0	
1.9821192743569084e6	2.8670949355187956e6	1.2989859259336475e7	0.0	6.0	2.0	0.25	0.0	0.5384615384615384	1.0	0.0	45.0	
44463.67239053264	1837.9768757631446	353871.402248498	0.0	0.0	8.0	0.25	0.0	1.0	7.0	1.0	46.0	
1.7660228970782985e6	2.3572781711906604e6	1.1770905005435726e7	0.0	6.0	2.0	0.25	0.0	0.5384615384615384	1.0	0.0	47.0	
1.6678651788753753e6	2.1374616865665326e6	1.1205459744436469e7	0.0	6.0	2.0	0.25	0.0	0.5384615384615384	1.0	0.0	48.0	
30105.077567717275	845.592532848521	239995.02800888964	0.0	0.0	8.0	0.25	0.0	1.0	7.0	1.0	49.0	
1.4891109544452464e6	1.757432468630179e6	1.015545516693179e7	0.0	6.0	2.0	0.25	0.0	0.5384615384615384	1.0	0.0	50.0	
1.4077272900489827e6	1.59356997269113e6	9.668248347700732e6	0.0	6.0	2.0	0.25	0.0	0.5384615384615384	1.0	0.0	51.0	
1.3311972759738613e6	1.444990570947715e6	9.204587636843175e6	0.0	6.0	2.0	0.25	0.0	0.5384615384615384	1.0	0.0	52.0	
1.2591978328057548e6	1.3102680748086977e6	8.76331458763734e6	0.0	6.0	2.0	0.25	0.0	0.5384615384615384	1.0	0.0	53.0	
1.1914299629966698e6	1.1881095236296842e6	8.343330180343675e6	0.0	6.0	2.0	0.25	0.0	0.5384615384615384	1.0	0.0	54.0	
1.1276167751416443e6	1.0773427122383832e6	7.943591488894769e6	0.0	6.0	2.0	0.25	0.0	0.5384615384615384	1.0	0.0	55.0	
12142.327323406857	138.16993813752643	97000.44864911734	0.0	0.0	8.0	0.25	0.0	1.0	7.0	1.0	56.0	
10666.65300563709	106.66471484003276	85226.5593302567	0.0	0.0	8.0	0.25	0.0	1.0	7.0	1.0	57.0	
957431.2362227293	803252.0425021378	6.856197847279698e6	0.0	6.0	2.0	0.25	0.0	0.5384615384615384	1.0	0.0	58.0	
907050.1401860077	728371.3717842532	6.528029749703806e6	0.0	6.0	2.0	0.25	0.0	0.5384615384615384	1.0	0.0	59.0	
859513.0308180454	660472.3819993593	6.2156318645450035e6	0.0	6.0	2.0	0.25	0.0	0.5384615384615384	1.0	0.0	60.0	
814642.8617038818	598903.947291017	5.918238946340038e6	0.0	6.0	2.0	0.25	0.0	0.5384615384615384	1.0	0.0	61.0	
772274.9320855151	543075.6943090811	5.635123762375039e6	0.0	6.0	2.0	0.25	0.0	0.5384615384615384	1.0	0.0	62.0	
732255.9286901159	492452.3291441818	5.365595100376745e6	0.0	0.0	8.0	0.25	0.0	0.5384615384615384	1.0	0.0	63.0	
694443.0484485037	446548.49483517546	5.108995892752854e6	0.0	0.0	8.0	0.25	0.0	0.5384615384615384	1.0	0.0	64.0	
658703.1948534634	404924.1096969036	4.864701449130803e6	0.0	0.0	8.0	0.25	0.0	0.5384615384615384	1.0	0.0	65.0	
624912.2414016714	367180.1413927761	4.632117789820595e6	0.0	0.0	8.0	0.25	0.0	0.5384615384615384	1.0	0.0	66.0	
592954.3561541246	332954.77589188184	4.410680073341115e6	0.0	0.0	8.0	0.25	0.0	0.5384615384615384	1.0	0.0	67.0	
562721.3820208705	301919.94433253846	4.199851111834426e6	0.0	0.0	8.0	0.25	0.0	0.5384615384615384	1.0	0.0	68.0	
534112.2678578008	273778.1742879262	3.9991199685744797e6	0.0	0.0	8.0	0.25	0.0	0.5384615384615384	1.0	0.0	69.0	
507032.54592337465	248259.73507883333	3.808000632308164e6	0.0	0.0	8.0	0.25	0.0	0.5384615384615384	1.0	0.0	70.0	
481393.8516531874	225120.04962872708	3.626030763596772e6	0.0	0.0	8.0	0.25	0.0	0.5384615384615384	1.0	0.0	71.0	
457113.4820697958	204137.3479408218	3.452770508617545e6	0.0	0.0	8.0	0.25	0.0	0.5384615384615384	1.0	0.0	72.0	
434113.98949629365	185110.5396098906	3.2878013763604574e6	0.0	0.0	8.0	0.25	0.0	0.5384615384615384	1.0	0.0	73.0	
412322.8075274335	167857.28490161113	3.130725175317856e6	0.0	0.0	8.0	0.25	0.0	0.5384615384615384	1.0	0.0	74.0	
391671.90649860515	152212.24584107602	2.981163006147765e6	0.0	0.0	8.0	0.25	0.0	0.5384615384615384	1.0	0.0	75.0	
372097.47594068653	138025.5005180831	2.8387543070074096e6	0.0	0.0	8.0	0.25	0.0	0.5384615384615384	1.0	0.0	76.0	
353539.6317278386	125161.10532986365	2.703155948492845e6	0.0	0.0	8.0	0.25	0.0	0.5384615384615384	1.0	0.0	77.0	
335942.1458497345	113495.79137435002	2.5740413754235255e6	0.0	0.0	8.0	0.25	0.0	0.5384615384615384	1.0	0.0	78.0	
319252.19691470143	102917.78246012177	2.4510997928574895e6	0.0	0.0	8.0	0.25	0.0	0.5384615384615384	1.0	0.0	79.0	
303420.1395023604	93325.7233917467	2.3340353926271372e6	0.0	0.0	8.0	0.25	0.0	0.5384615384615384	1.0	0.0	80.0	
4.291302762731265e7	2.252545382921968e8	1.1804968272630428e8	8.0	0.0	0.0	0.25	0.0	0.5384615384615384	1.0	0.0	0.0	
3.824300663611762e7	1.9435773211997613e8	1.115863209689648e8	7.0	1.0	0.0	0.25	0.0	0.5384615384615384	1.0	0.0	1.0	
3.539583453986304e7	1.771542299258402e8	1.0601244639306417e8	7.0	1.0	0.0	0.25	0.0	0.5384615384615384	1.0	0.0	2.0	
2.9560012692395885e7	1.347077791736402e8	1.0177232236552688e8	7.0	1.0	0.0	0.25	0.0	1.0	7.0	1.0	3.0	
2.3856407192699213e7	1.024211306174606e8	8.843012692413306e7	7.0	1.0	0.0	0.25	0.0	1.0	7.0	1.0	4.0	
2.9842472905175693e7	1.428824837469842e8	9.585729949442138e7	7.0	0.0	1.0	0.25	0.0	0.5384615384615384	1.0	0.0	5.0	
2.8652228808865782e7	1.349985586336389e8	9.421927183728741e7	6.0	1.0	1.0	0.25	0.0	0.5384615384615384	1.0	0.0	6.0	
2.7039521672569543e7	1.2510402982428887e8	9.121214355626741e7	6.0	1.0	1.0	0.25	0.0	0.5384615384615384	1.0	0.0	7.0	
2.4844268949344948e7	1.1254351726782756e8	8.621063432693206e7	6.0	1.0	1.0	0.25	0.0	0.5384615384615384	1.0	0.0	8.0	
2.2862720930224374e7	1.0135532691818938e8	8.15464405236056e7	6.0	1.0	1.0	0.25	0.0	0.5384615384615384	1.0	0.0	9.0	
2.1068504488827333e7	9.136672162933747e7	7.718131428128117e7	6.0	1.0	1.0	0.25	0.0	0.5384615384615384	1.0	0.0	10.0	
1.9439634614306916e7	8.243052141920426e7	7.30865554952511e7	6.0	1.0	1.0	0.25	0.0	0.5384615384615384	1.0	0.0	11.0	
1.7957560043881744e7	7.44212376385579e7	6.923924271249606e7	6.0	1.0	1.0	0.25	0.0	0.5384615384615384	1.0	0.0	12.0	
1.6606417547898808e7	6.723128168595348e7	6.562005869723701e7	6.0	1.0	1.0	0.25	0.0	0.5384615384615384	1.0	0.0	13.0	
1.53725045983792e7	6.0767893417885974e7	6.221214336914766e7	6.0	1.0	1.0	0.25	0.0	0.5384615384615384	1.0	0.0	14.0	
1.4243892023849357e7	5.495066983352696e7	5.900046635726789e7	0.0	7.0	1.0	0.25	0.0	0.5384615384615384	1.0	0.0	15.0	
2.731322922668995e6	4.344754436696652e6	1.7505828944655307e7	0.0	7.0	1.0	0.25	0.0	1.0	7.0	1.0	16.0	
1.2262010309996383e7	4.498330096330123e7	5.311278151666984e7	0.0	7.0	1.0	0.25	0.0	0.5384615384615384	1.0	0.0	17.0	
1.1391393356055008e7	4.071799327527539e7	5.041315357316467e7	0.0	7.0	1.0	0.25	0.0	0.5384615384615384	1.0	0.0	18.0	
1.059104493561877e7	3.6866126184036866e7	4.786223330091329e7	0.0	7.0	1.0	0.25	0.0	0.5384615384615384	1.0	0.0	19.0	
9.854518294460662e6	3.3385632760274578e7	4.5450513595410734e7	0.0	7.0	1.0	0.25	0.0	0.5384615384615384	1.0	0.0	20.0	
1.2837828353550693e6	1.1881058099705589e6	9.082156872869994e6	0.0	7.0	1.0	0.25	0.0	1.0	7.0	1.0	21.0	
8.55047168737226e6	2.7393450699641578e7	4.101032279933649e7	0.0	7.0	1.0	0.25	0.0	0.5384615384615384	1.0	0.0	22.0	
7.973140357895346e6	2.4818822049086135e7	3.896630081407663e7	0.0	7.0	1.0	0.25	0.0	0.5384615384615384	1.0	0.0	23.0	
835738.2648975616	546235.9304348092	6.139670188745684e6	0.0	0.0	8.0	0.25	0.0	1.0	7.0	1.0	24.0	
726426.589049822	421619.5930003293	5.389793119398248e6	0.0	0.0	8.0	0.25	0.0	1.0	7.0	1.0	25.0	
6.490791161681011e6	1.846941961769553e7	3.3456909675752576e7	0.0	6.0	2.0	0.25	0.0	0.5384615384615384	1.0	0.0	26.0	
6.068473801885705e6	1.6739670348076064e7	3.1808120067009583e7	0.0	6.0	2.0	0.25	0.0	0.5384615384615384	1.0	0.0	27.0	
5.6771394179213755e6	1.5172860891858626e7	3.0244254451512374e7	0.0	6.0	2.0	0.25	0.0	0.5384615384615384	1.0	0.0	28.0	
5.314243248272598e6	1.3753437195271235e7	2.876050879090956e7	0.0	6.0	2.0	0.25	0.0	0.5384615384615384	1.0	0.0	29.0	
4.977471798627589e6	1.2467375269106723e7	2.735239911991399e7	0.0	6.0	2.0	0.25	0.0	0.5384615384615384	1.0	0.0	30.0	
4.664719497453429e6	1.1302020719999248e7	2.6015735259628177e7	0.0	6.0	2.0	0.25	0.0	0.5384615384615384	1.0	0.0	31.0	
4.374068046714315e6	1.0245947248277955e7	2.474659712543656e7	0.0	6.0	2.0	0.25	0.0	0.5384615384615384	1.0	0.0	32.0	
4.1037680974502577e6	9.288831438052732e6	2.354131334154933e7	0.0	6.0	2.0	0.25	0.0	0.5384615384615384	1.0	0.0	33.0	
3.8522229411537694e6	8.421341621037647e6	2.23964419081925e7	0.0	6.0	2.0	0.25	0.0	0.5384615384615384	1.0	0.0	34.0	
3.617973957313337e6	7.635038960783608e6	2.1308752697723083e7	0.0	6.0	2.0	0.25	0.0	0.5384615384615384	1.0	0.0	35.0	
3.3996875975145064e6	6.922289197944252e6	2.0275211582171798e7	0.0	6.0	2.0	0.25	0.0	0.5384615384615384	1.0	0.0	36.0	
3.1961437196394866e6	6.276183740003322e6	1.9292966017112568e7	0.0	6.0	2.0	0.25	0.0	0.5384615384615384	1.0	0.0	37.0	
3.0062251125988457e6	5.690468973284449e6	1.8359331927506324e7	0.0	6.0	2.0	0.25	0.0	0.5384615384615384	1.0	0.0	38.0	
2.8289080744119016e6	5.159482836637882e6	1.7471781758657333e7	0.0	6.0	2.0	0.25	0.0	0.5384615384615384	1.0	0.0	39.0	
97279.39937577827	8683.783664894941	769551.4113413314	0.0	0.0	8.0	0.25	0.0	1.0	7.0	1.0	40.0	
2.5084013514596624e6	4.241669738769042e6	1.5825541072908252e7	0.0	6.0	2.0	0.25	0.0	0.5384615384615384	1.0	0.0	41.0	
2.3635594938050183e6	3.8459914590172367e6	1.5062484491422908e7	0.0	6.0	2.0	0.25	0.0	0.5384615384615384	1.0	0.0	42.0	
2.2280016961583993e6	3.4872513648034465e6	1.4336762204463754e7	0.0	6.0	2.0	0.25	0.0	0.5384615384615384	1.0	0.0	43.0	
2.101059850531993e6	3.1619957529782588e6	1.3646483051277688e7	0.0	6.0	2.0	0.25	0.0	0.5384615384615384	1.0	0.0	44.0	
1.9821192743569084e6	2.8670949355187956e6	1.2989859259336475e7	0.0	6.0	2.0	0.25	0.0	0.5384615384615384	1.0	0.0	45.0	
1.8706140669503822e6	2.599712609179274e6	1.236519992642378e7	0.0	6.0	2.0	0.25	0.0	0.5384615384615384	1.0	0.0	46.0	
1.7660228970782985e6	2.3572781711906604e6	1.1770905005435726e7	0.0	6.0	2.0	0.25	0.0	0.5384615384615384	1.0	0.0	47.0	
1.6678651788753741e6	2.137461686566531e6	1.1205459744436463e7	0.0	6.0	2.0	0.25	0.0	0.5384615384615384	1.0	0.0	48.0	
1.5756975980811424e6	1.938151244484452e6	1.0667429540164687e7	0.0	6.0	2.0	0.25	0.0	0.5384615384615384	1.0	0.0	49.0	
1.4891109544452464e6	1.757432468630179e6	1.015545516693179e7	0.0	6.0	2.0	0.25	0.0	0.5384615384615384	1.0	0.0	50.0	
1.4077272900489834e6	1.593569972691131e6	9.668248347700737e6	0.0	6.0	2.0	0.25	0.0	0.5384615384615384	1.0	0.0	51.0	
1.3311972759738613e6	1.444990570947715e6	9.204587636843175e6	0.0	6.0	2.0	0.25	0.0	0.5384615384615384	1.0	0.0	52.0	
1.2591978328057548e6	1.3102680748086977e6	8.76331458763734e6	0.0	6.0	2.0	0.25	0.0	0.5384615384615384	1.0	0.0	53.0	
1.1914299629966698e6	1.1881095236296842e6	8.343330180343675e6	0.0	6.0	2.0	0.25	0.0	0.5384615384615384	1.0	0.0	54.0	
1.1276167751416438e6	1.077342712238383e6	7.943591488894768e6	0.0	6.0	2.0	0.25	0.0	0.5384615384615384	1.0	0.0	55.0	
1.0675016822751807e6	976904.8916199602	7.563108566581486e6	0.0	6.0	2.0	0.25	0.0	0.5384615384615384	1.0	0.0	56.0	
1.0108467580539514e6	885832.5312653586	7.200941533166254e6	0.0	6.0	2.0	0.25	0.0	0.5384615384615384	1.0	0.0	57.0	
957431.2362227293	803252.0425021378	6.856197847279698e6	0.0	6.0	2.0	0.25	0.0	0.5384615384615384	1.0	0.0	58.0	
8232.076476230166	63.56742691896282	65793.04438292237	0.0	0.0	8.0	0.25	0.0	1.0	7.0	1.0	59.0	
859513.0308180448	660472.3819993585	6.215631864545e6	0.0	6.0	2.0	0.25	0.0	0.5384615384615384	1.0	0.0	60.0	
814642.8617038816	598903.9472910165	5.918238946340037e6	0.0	6.0	2.0	0.25	0.0	0.5384615384615384	1.0	0.0	61.0	
772274.9320855151	543075.6943090811	5.635123762375039e6	0.0	6.0	2.0	0.25	0.0	0.5384615384615384	1.0	0.0	62.0	
4904.084563549709	22.57663361558796	39210.099874782085	0.0	0.0	8.0	0.25	0.0	1.0	7.0	1.0	63.0	
694443.0484485041	446548.4948351758	5.108995892752857e6	0.0	0.0	8.0	0.25	0.0	0.5384615384615384	1.0	0.0	64.0	
658703.1948534637	404924.1096969038	4.864701449130806e6	0.0	0.0	8.0	0.25	0.0	0.5384615384615384	1.0	0.0	65.0	
624912.2414016711	367180.1413927755	4.632117789820594e6	0.0	0.0	8.0	0.25	0.0	0.5384615384615384	1.0	0.0	66.0	
592954.3561541246	332954.77589188184	4.410680073341115e6	0.0	0.0	8.0	0.25	0.0	0.5384615384615384	1.0	0.0	67.0	
562721.3820208701	301919.94433253846	4.199851111834424e6	0.0	0.0	8.0	0.25	0.0	0.5384615384615384	1.0	0.0	68.0	
534112.2678578008	273778.1742879262	3.9991199685744797e6	0.0	0.0	8.0	0.25	0.0	0.5384615384615384	1.0	0.0	69.0	
507032.5459233743	248259.73507883333	3.8080006323081614e6	0.0	0.0	8.0	0.25	0.0	0.5384615384615384	1.0	0.0	70.0	
481393.8516531877	225120.04962872737	3.6260307635967736e6	0.0	0.0	8.0	0.25	0.0	0.5384615384615384	1.0	0.0	71.0	
1529.8472915566244	2.198320324942083	12236.580012128054	0.0	0.0	8.0	0.25	0.0	1.0	7.0	1.0	72.0	
434113.98949629336	185110.53960989052	3.2878013763604574e6	0.0	0.0	8.0	0.25	0.0	0.5384615384615384	1.0	0.0	73.0	
412322.8075274342	167857.28490161162	3.1307251753178616e6	0.0	0.0	8.0	0.25	0.0	0.5384615384615384	1.0	0.0	74.0	
391671.90649860515	152212.24584107602	2.981163006147765e6	0.0	0.0	8.0	0.25	0.0	0.5384615384615384	1.0	0.0	75.0	
372097.4759406861	138025.5005180827	2.838754307007407e6	0.0	0.0	8.0	0.25	0.0	0.5384615384615384	1.0	0.0	76.0	
801.0347002720714	0.6026839266988832	6407.674918249872	0.0	0.0	8.0	0.25	0.0	1.0	7.0	1.0	77.0	
335942.14584973414	113495.7913743498	2.5740413754235236e6	0.0	0.0	8.0	0.25	0.0	0.5384615384615384	1.0	0.0	78.0	
319252.19691470143	102917.78246012177	2.4510997928574895e6	0.0	0.0	8.0	0.25	0.0	0.5384615384615384	1.0	0.0	79.0	
303420.1395023607	93325.72339174685	2.3340353926271396e6	0.0	0.0	8.0	0.25	0.0	0.5384615384615384	1.0	0.0	80.0	
4.291302762731265e7	2.252545382921968e8	1.1804968272630428e8	8.0	0.0	0.0	0.25	0.0	0.5384615384615384	1.0	0.0	0.0	
3.8243006636117205e7	1.943577321199739e8	1.1158632096896365e8	7.0	1.0	0.0	0.25	0.0	0.5384615384615384	1.0	0.0	1.0	
3.5395834539855644e7	1.771542299258002e8	1.0601244639304493e8	7.0	1.0	0.0	0.25	0.0	0.5384615384615384	1.0	0.0	2.0	
3.3083916667788766e7	1.632951151719923e8	1.0137621817031781e8	7.0	1.0	0.0	0.25	0.0	0.5384615384615384	1.0	0.0	3.0	
3.1287354986481655e7	1.521606680469339e8	9.813817184491934e7	7.0	1.0	0.0	0.25	0.0	0.5384615384615384	1.0	0.0	4.0	
2.9842472905175693e7	1.4288248374698424e8	9.585729949442138e7	7.0	0.0	1.0	0.25	0.0	0.5384615384615384	1.0	0.0	5.0	
2.8652228808865782e7	1.349985586336389e8	9.421927183728741e7	6.0	1.0	1.0	0.25	0.0	0.5384615384615384	1.0	0.0	6.0	
1.3021947565088663e7	4.576379567932934e7	5.841178484137997e7	0.0	8.0	0.0	0.25	0.0	1.0	7.0	1.0	7.0	
2.4844268949344948e7	1.1254351726782756e8	8.621063432693206e7	6.0	1.0	1.0	0.25	0.0	0.5384615384615384	1.0	0.0	8.0	
2.2862720930224366e7	1.0135532691818938e8	8.15464405236056e7	6.0	1.0	1.0	0.25	0.0	0.5384615384615384	1.0	0.0	9.0	
2.1068504488827333e7	9.136672162933746e7	7.718131428128117e7	6.0	1.0	1.0	0.25	0.0	0.5384615384615384	1.0	0.0	10.0	
1.9439634614306916e7	8.243052141920426e7	7.30865554952511e7	6.0	1.0	1.0	0.25	0.0	0.5384615384615384	1.0	0.0	11.0	
1.795756004388174e7	7.442123763855787e7	6.923924271249606e7	6.0	1.0	1.0	0.25	0.0	0.5384615384615384	1.0	0.0	12.0	
1.6606417547898808e7	6.723128168595347e7	6.562005869723701e7	6.0	1.0	1.0	0.25	0.0	0.5384615384615384	1.0	0.0	13.0	
1.5372504598379206e7	6.076789341788598e7	6.2212143369147666e7	6.0	1.0	1.0	0.25	0.0	0.5384615384615384	1.0	0.0	14.0	
3.2012566167110084e6	5.63345649511261e6	1.9976596438575465e7	0.0	7.0	1.0	0.25	0.0	1.0	7.0	1.0	15.0	
1.3210128758225013e7	4.970957061553631e7	5.597145945026381e7	0.0	7.0	1.0	0.25	0.0	0.5384615384615384	1.0	0.0	16.0	
1.2262010309996376e7	4.49833009633012e7	5.3112781516669825e7	0.0	7.0	1.0	0.25	0.0	0.5384615384615384	1.0	0.0	17.0	
1.1391393356055008e7	4.071799327527539e7	5.041315357316467e7	0.0	7.0	1.0	0.25	0.0	0.5384615384615384	1.0	0.0	18.0	
1.0591044935618768e7	3.686612618403684e7	4.786223330091328e7	0.0	7.0	1.0	0.25	0.0	0.5384615384615384	1.0	0.0	19.0	
9.854518294460662e6	3.3385632760274578e7	4.5450513595410734e7	0.0	7.0	1.0	0.25	0.0	0.5384615384615384	1.0	0.0	20.0	
9.176049659056807e6	3.0239160110287312e7	4.316923716216714e7	0.0	7.0	1.0	0.25	0.0	0.5384615384615384	1.0	0.0	21.0	
8.550471687372267e6	2.73934506996416e7	4.101032279933654e7	0.0	7.0	1.0	0.25	0.0	0.5384615384615384	1.0	0.0	22.0	
7.973140357895341e6	2.4818822049086105e7	3.896630081407663e7	0.0	7.0	1.0	0.25	0.0	0.5384615384615384	1.0	0.0	23.0	
7.439872787801439e6	2.248872636448348e7	3.7030255937928036e7	0.0	6.0	2.0	0.25	0.0	0.5384615384615384	1.0	0.0	24.0	
6.946894011758592e6	2.037937549644113e7	3.519577659762761e7	0.0	6.0	2.0	0.25	0.0	0.5384615384615384	1.0	0.0	25.0	
6.490791161681011e6	1.846941961769553e7	3.3456909675752576e7	0.0	6.0	2.0	0.25	0.0	0.5384615384615384	1.0	0.0	26.0	
6.068473801885706e6	1.6739670348076068e7	3.1808120067009583e7	0.0	6.0	2.0	0.25	0.0	0.5384615384615384	1.0	0.0	27.0	
5.677139417921376e6	1.5172860891858634e7	3.0244254451512374e7	0.0	6.0	2.0	0.25	0.0	0.5384615384615384	1.0	0.0	28.0	
5.314243248272598e6	1.3753437195271235e7	2.876050879090956e7	0.0	6.0	2.0	0.25	0.0	0.5384615384615384	1.0	0.0	29.0	
366152.7606789342	115546.34821685782	2.8136757372146165e6	0.0	0.0	8.0	0.25	0.0	1.0	7.0	1.0	30.0	
320043.4797514915	89194.96092713586	2.471152877084796e6	0.0	0.0	8.0	0.25	0.0	1.0	7.0	1.0	31.0	
4.374068046714317e6	1.0245947248277964e7	2.4746597125436574e7	0.0	6.0	2.0	0.25	0.0	0.5384615384615384	1.0	0.0	32.0	
4.1037680974502554e6	9.288831438052725e6	2.354131334154931e7	0.0	6.0	2.0	0.25	0.0	0.5384615384615384	1.0	0.0	33.0	
3.852222941153771e6	8.421341621037656e6	2.2396441908192515e7	0.0	6.0	2.0	0.25	0.0	0.5384615384615384	1.0	0.0	34.0	
3.617973957313338e6	7.635038960783614e6	2.1308752697723083e7	0.0	6.0	2.0	0.25	0.0	0.5384615384615384	1.0	0.0	35.0	
164569.9551171873	24451.479391064106	1.2921081615464343e6	0.0	0.0	8.0	0.25	0.0	1.0	7.0	1.0	36.0	
3.1961437196394866e6	6.276183740003322e6	1.9292966017112568e7	0.0	6.0	2.0	0.25	0.0	0.5384615384615384	1.0	0.0	37.0	
3.0062251125988523e6	5.690468973284464e6	1.835933192750635e7	0.0	6.0	2.0	0.25	0.0	0.5384615384615384	1.0	0.0	38.0	
2.8289080744119016e6	5.159482836637882e6	1.7471781758657333e7	0.0	6.0	2.0	0.25	0.0	0.5384615384615384	1.0	0.0	39.0	
2.6632539251029007e6	4.67809782960356e6	1.6627933571219645e7	0.0	6.0	2.0	0.25	0.0	0.5384615384615384	1.0	0.0	40.0	
2.5084013514596624e6	4.241669738769042e6	1.5825541072908252e7	0.0	6.0	2.0	0.25	0.0	0.5384615384615384	1.0	0.0	41.0	
2.3635594938050183e6	3.8459914590172367e6	1.5062484491422908e7	0.0	6.0	2.0	0.25	0.0	0.5384615384615384	1.0	0.0	42.0	
2.2280016961583993e6	3.487251364803445e6	1.4336762204463754e7	0.0	6.0	2.0	0.25	0.0	0.5384615384615384	1.0	0.0	43.0	
2.1010598505319934e6	3.1619957529782588e6	1.3646483051277688e7	0.0	6.0	2.0	0.25	0.0	0.5384615384615384	1.0	0.0	44.0	
50644.90385757247	2380.8585051375744	402778.37235544214	0.0	0.0	8.0	0.25	0.0	1.0	7.0	1.0	45.0	
1.870614066950382e6	2.599712609179275e6	1.236519992642378e7	0.0	6.0	2.0	0.25	0.0	0.5384615384615384	1.0	0.0	46.0	
1.7660228970782994e6	2.3572781711906623e6	1.177090500543573e7	0.0	6.0	2.0	0.25	0.0	0.5384615384615384	1.0	0.0	47.0	
1.6678651788753753e6	2.1374616865665326e6	1.1205459744436469e7	0.0	6.0	2.0	0.25	0.0	0.5384615384615384	1.0	0.0	48.0	
1.5756975980811424e6	1.938151244484452e6	1.0667429540164687e7	0.0	6.0	2.0	0.25	0.0	0.5384615384615384	1.0	0.0	49.0	
1.4891109544452464e6	1.757432468630179e6	1.015545516693179e7	0.0	6.0	2.0	0.25	0.0	0.5384615384615384	1.0	0.0	50.0	
1.4077272900489827e6	1.59356997269113e6	9.668248347700732e6	0.0	6.0	2.0	0.25	0.0	0.5384615384615384	1.0	0.0	51.0	
1.3311972759738613e6	1.444990570947715e6	9.204587636843175e6	0.0	6.0	2.0	0.25	0.0	0.5384615384615384	1.0	0.0	52.0	
1.2591978328057548e6	1.3102680748086977e6	8.76331458763734e6	0.0	6.0	2.0	0.25	0.0	0.5384615384615384	1.0	0.0	53.0	
1.1914299629966698e6	1.1881095236296842e6	8.343330180343675e6	0.0	6.0	2.0	0.25	0.0	0.5384615384615384	1.0	0.0	54.0	
1.1276167751416445e6	1.0773427122383853e6	7.94359148889477e6	0.0	6.0	2.0	0.25	0.0	0.5384615384615384	1.0	0.0	55.0	
1.0675016822751807e6	976904.8916199602	7.563108566581486e6	0.0	6.0	2.0	0.25	0.0	0.5384615384615384	1.0	0.0	56.0	
1.0108467580539514e6	885832.5312653586	7.200941533166254e6	0.0	6.0	2.0	0.25	0.0	0.5384615384615384	1.0	0.0	57.0	
957431.2362227291	803252.0425021374	6.856197847279695e6	0.0	6.0	2.0	0.25	0.0	0.5384615384615384	1.0	0.0	58.0	
907050.1401860077	728371.3717842527	6.528029749703806e6	0.0	6.0	2.0	0.25	0.0	0.5384615384615384	1.0	0.0	59.0	
859513.0308180454	660472.3819993593	6.2156318645450035e6	0.0	6.0	2.0	0.25	0.0	0.5384615384615384	1.0	0.0	60.0	
6353.626306477159	37.88327483790545	50791.12717697935	0.0	0.0	8.0	0.25	0.0	1.0	7.0	1.0	61.0	
772274.9320855151	543075.6943090811	5.635123762375039e6	0.0	6.0	2.0	0.25	0.0	0.5384615384615384	1.0	0.0	62.0	
732255.9286901159	492452.3291441818	5.365595100376745e6	0.0	0.0	8.0	0.25	0.0	0.5384615384615384	1.0	0.0	63.0	
694443.0484485041	446548.4948351758	5.108995892752857e6	0.0	0.0	8.0	0.25	0.0	0.5384615384615384	1.0	0.0	64.0	
658703.1948534644	404924.109696905	4.864701449130811e6	0.0	0.0	8.0	0.25	0.0	0.5384615384615384	1.0	0.0	65.0	
624912.2414016706	367180.1413927751	4.632117789820589e6	0.0	0.0	8.0	0.25	0.0	0.5384615384615384	1.0	0.0	66.0	
592954.3561541243	332954.7758918811	4.410680073341113e6	0.0	0.0	8.0	0.25	0.0	0.5384615384615384	1.0	0.0	67.0	
562721.3820208698	301919.94433253823	4.199851111834422e6	0.0	0.0	8.0	0.25	0.0	0.5384615384615384	1.0	0.0	68.0	
534112.2678578005	273778.174287926	3.999119968574477e6	0.0	0.0	8.0	0.25	0.0	0.5384615384615384	1.0	0.0	69.0	
507032.5459233741	248259.735078833	3.80800063230816e6	0.0	0.0	8.0	0.25	0.0	0.5384615384615384	1.0	0.0	70.0	
481393.8516531877	225120.04962872737	3.6260307635967736e6	0.0	0.0	8.0	0.25	0.0	0.5384615384615384	1.0	0.0	71.0	
1529.8472915566244	2.198320324942083	12236.580012128054	0.0	0.0	8.0	0.25	0.0	1.0	7.0	1.0	72.0	
1344.1461913838211	1.6970394207845707	10751.472491649783	0.0	0.0	8.0	0.25	0.0	1.0	7.0	1.0	73.0	
412322.8075274342	167857.28490161162	3.1307251753178616e6	0.0	0.0	8.0	0.25	0.0	0.5384615384615384	1.0	0.0	74.0	
391671.9064986052	152212.24584107622	2.9811630061477656e6	0.0	0.0	8.0	0.25	0.0	0.5384615384615384	1.0	0.0	75.0	
372097.4759406864	138025.50051808296	2.8387543070074082e6	0.0	0.0	8.0	0.25	0.0	0.5384615384615384	1.0	0.0	76.0	
353539.63172783854	125161.10532986361	2.7031559484928446e6	0.0	0.0	8.0	0.25	0.0	0.5384615384615384	1.0	0.0	77.0	
335942.14584973484	113495.79137435024	2.574041375423528e6	0.0	0.0	8.0	0.25	0.0	0.5384615384615384	1.0	0.0	78.0	
319252.19691470143	102917.78246012177	2.4510997928574895e6	0.0	0.0	8.0	0.25	0.0	0.5384615384615384	1.0	0.0	79.0	
543.3310731765295	0.27726889488274903	4346.371316517354	0.0	0.0	8.0	0.25	0.0	1.0	7.0	1.0	80.0	
4.291302762731265e7	2.252545382921968e8	1.1804968272630428e8	8.0	0.0	0.0	0.25	0.0	0.5384615384615384	1.0	0.0	0.0	
3.824300663613551e7	1.9435773212007418e8	1.1158632096900989e8	7.0	1.0	0.0	0.25	0.0	0.5384615384615384	1.0	0.0	1.0	
3.539583453986304e7	1.771542299258402e8	1.0601244639306417e8	7.0	1.0	0.0	0.25	0.0	0.5384615384615384	1.0	0.0	2.0	
3.3083916667788923e7	1.6329511517199302e8	1.0137621817031834e8	7.0	1.0	0.0	0.25	0.0	0.5384615384615384	1.0	0.0	3.0	
3.128735498648165e7	1.5216066804693386e8	9.813817184491928e7	7.0	1.0	0.0	0.25	0.0	0.5384615384615384	1.0	0.0	4.0	
2.9842472905175693e7	1.4288248374698424e8	9.585729949442138e7	7.0	0.0	1.0	0.25	0.0	0.5384615384615384	1.0	0.0	5.0	
2.8652228808865782e7	1.349985586336389e8	9.421927183728741e7	6.0	1.0	1.0	0.25	0.0	0.5384615384615384	1.0	0.0	6.0	
2.7039521672569543e7	1.2510402982428887e8	9.121214355626741e7	6.0	1.0	1.0	0.25	0.0	0.5384615384615384	1.0	0.0	7.0	
2.4844268949344948e7	1.1254351726782756e8	8.621063432693206e7	6.0	1.0	1.0	0.25	0.0	0.5384615384615384	1.0	0.0	8.0	
8.936080142941952e6	2.6981950752132103e7	4.450669039140352e7	0.0	8.0	0.0	0.25	0.0	1.0	7.0	1.0	9.0	
2.1068504488827333e7	9.136672162933747e7	7.718131428128117e7	6.0	1.0	1.0	0.25	0.0	0.5384615384615384	1.0	0.0	10.0	
1.9439634614306916e7	8.243052141920426e7	7.30865554952511e7	6.0	1.0	1.0	0.25	0.0	0.5384615384615384	1.0	0.0	11.0	
1.795756004388174e7	7.442123763855787e7	6.923924271249606e7	6.0	1.0	1.0	0.25	0.0	0.5384615384615384	1.0	0.0	12.0	
4.439964306395078e6	9.47833748532844e6	2.604137696583218e7	0.0	7.0	1.0	0.25	0.0	1.0	7.0	1.0	13.0	
1.5372504598379206e7	6.076789341788598e7	6.2212143369147666e7	6.0	1.0	1.0	0.25	0.0	0.5384615384615384	1.0	0.0	14.0	
1.4243892023849357e7	5.495066983352696e7	5.900046635726789e7	0.0	7.0	1.0	0.25	0.0	0.5384615384615384	1.0	0.0	15.0	
2.731322922668995e6	4.344754436696652e6	1.7505828944655307e7	0.0	7.0	1.0	0.25	0.0	1.0	7.0	1.0	16.0	
1.2262010309996383e7	4.498330096330123e7	5.311278151666984e7	0.0	7.0	1.0	0.25	0.0	0.5384615384615384	1.0	0.0	17.0	
1.1391393356055008e7	4.071799327527539e7	5.041315357316467e7	0.0	7.0	1.0	0.25	0.0	0.5384615384615384	1.0	0.0	18.0	
1.059104493561877e7	3.6866126184036866e7	4.786223330091328e7	0.0	7.0	1.0	0.25	0.0	0.5384615384615384	1.0	0.0	19.0	
9.854518294460662e6	3.3385632760274574e7	4.5450513595410734e7	0.0	7.0	1.0	0.25	0.0	0.5384615384615384	1.0	0.0	20.0	
9.176049659056805e6	3.023916011028731e7	4.316923716216714e7	0.0	7.0	1.0	0.25	0.0	0.5384615384615384	1.0	0.0	21.0	
1.110841359211095e6	916946.0334100465	7.969784840278715e6	0.0	7.0	1.0	0.25	0.0	1.0	7.0	1.0	22.0	
7.973140357895345e6	2.4818822049086116e7	3.896630081407664e7	0.0	7.0	1.0	0.25	0.0	0.5384615384615384	1.0	0.0	23.0	
7.439872787801439e6	2.2488726364483483e7	3.7030255937928036e7	0.0	6.0	2.0	0.25	0.0	0.5384615384615384	1.0	0.0	24.0	
6.946894011758596e6	2.037937549644114e7	3.5195776597627625e7	0.0	6.0	2.0	0.25	0.0	0.5384615384615384	1.0	0.0	25.0	
6.490791161681011e6	1.846941961769553e7	3.3456909675752576e7	0.0	6.0	2.0	0.25	0.0	0.5384615384615384	1.0	0.0	26.0	
6.068473801885706e6	1.6739670348076068e7	3.1808120067009583e7	0.0	6.0	2.0	0.25	0.0	0.5384615384615384	1.0	0.0	27.0	
5.677139417921375e6	1.5172860891858626e7	3.0244254451512374e7	0.0	6.0	2.0	0.25	0.0	0.5384615384615384	1.0	0.0	28.0	
419191.90723084647	149684.36434340704	3.203850893503365e6	0.0	0.0	8.0	0.25	0.0	1.0	7.0	1.0	29.0	
4.977471798627589e6	1.2467375269106723e7	2.7352399119913995e7	0.0	6.0	2.0	0.25	0.0	0.5384615384615384	1.0	0.0	30.0	
4.664719497453429e6	1.1302020719999248e7	2.6015735259628177e7	0.0	6.0	2.0	0.25	0.0	0.5384615384615384	1.0	0.0	31.0	
4.374068046714321e6	1.0245947248277977e7	2.4746597125436593e7	0.0	6.0	2.0	0.25	0.0	0.5384615384615384	1.0	0.0	32.0	
4.1037680974502554e6	9.288831438052725e6	2.3541313341549315e7	0.0	6.0	2.0	0.25	0.0	0.5384615384615384	1.0	0.0	33.0	
3.8522229411537675e6	8.421341621037643e6	2.2396441908192497e7	0.0	6.0	2.0	0.25	0.0	0.5384615384615384	1.0	0.0	34.0	
187824.53494388683	31674.349152086776	1.4709219303990079e6	0.0	0.0	8.0	0.25	0.0	1.0	7.0	1.0	35.0	
3.3996875975145074e6	6.922289197944255e6	2.0275211582171805e7	0.0	6.0	2.0	0.25	0.0	0.5384615384615384	1.0	0.0	36.0	
3.1961437196394913e6	6.276183740003333e6	1.9292966017112594e7	0.0	6.0	2.0	0.25	0.0	0.5384615384615384	1.0	0.0	37.0	
3.0062251125988523e6	5.690468973284464e6	1.835933192750635e7	0.0	6.0	2.0	0.25	0.0	0.5384615384615384	1.0	0.0	38.0	
2.8289080744119016e6	5.159482836637882e6	1.747178175865733e7	0.0	6.0	2.0	0.25	0.0	0.5384615384615384	1.0	0.0	39.0	
2.663253925102904e6	4.678097829603566e6	1.6627933571219668e7	0.0	6.0	2.0	0.25	0.0	0.5384615384615384	1.0	0.0	40.0	
2.5084013514596624e6	4.241669738769044e6	1.5825541072908252e7	0.0	6.0	2.0	0.25	0.0	0.5384615384615384	1.0	0.0	41.0	
2.3635594938050183e6	3.845991459017237e6	1.5062484491422908e7	0.0	6.0	2.0	0.25	0.0	0.5384615384615384	1.0	0.0	42.0	
2.2280016961583984e6	3.487251364803441e6	1.4336762204463745e7	0.0	6.0	2.0	0.25	0.0	0.5384615384615384	1.0	0.0	43.0	
2.1010598505319925e6	3.161995752978257e6	1.3646483051277686e7	0.0	6.0	2.0	0.25	0.0	0.5384615384615384	1.0	0.0	44.0	
1.9821192743569077e6	2.8670949355187947e6	1.2989859259336468e7	0.0	6.0	2.0	0.25	0.0	0.5384615384615384	1.0	0.0	45.0	
1.870614066950382e6	2.599712609179274e6	1.236519992642378e7	0.0	6.0	2.0	0.25	0.0	0.5384615384615384	1.0	0.0	46.0	
1.7660228970782985e6	2.3572781711906604e6	1.1770905005435726e7	0.0	6.0	2.0	0.25	0.0	0.5384615384615384	1.0	0.0	47.0	
1.6678651788753741e6	2.137461686566531e6	1.1205459744436463e7	0.0	6.0	2.0	0.25	0.0	0.5384615384615384	1.0	0.0	48.0	
1.5756975980811438e6	1.9381512444844542e6	1.0667429540164696e7	0.0	6.0	2.0	0.25	0.0	0.5384615384615384	1.0	0.0	49.0	
1.4891109544452464e6	1.757432468630179e6	1.015545516693179e7	0.0	6.0	2.0	0.25	0.0	0.5384615384615384	1.0	0.0	50.0	
1.4077272900489834e6	1.593569972691131e6	9.668248347700737e6	0.0	6.0	2.0	0.25	0.0	0.5384615384615384	1.0	0.0	51.0	
1.33119727597386e6	1.4449905709477128e6	9.204587636843167e6	0.0	6.0	2.0	0.25	0.0	0.5384615384615384	1.0	0.0	52.0	
1.2591978328057553e6	1.3102680748086986e6	8.763314587637344e6	0.0	6.0	2.0	0.25	0.0	0.5384615384615384	1.0	0.0	53.0	
1.1914299629966698e6	1.1881095236296842e6	8.343330180343675e6	0.0	6.0	2.0	0.25	0.0	0.5384615384615384	1.0	0.0	54.0	
1.1276167751416443e6	1.0773427122383832e6	7.943591488894769e6	0.0	6.0	2.0	0.25	0.0	0.5384615384615384	1.0	0.0	55.0	
1.0675016822751807e6	976904.8916199616	7.563108566581486e6	0.0	6.0	2.0	0.25	0.0	0.5384615384615384	1.0	0.0	56.0	
1.0108467580539514e6	885832.5312653586	7.200941533166254e6	0.0	6.0	2.0	0.25	0.0	0.5384615384615384	1.0	0.0	57.0	
957431.2362227293	803252.0425021378	6.856197847279698e6	0.0	6.0	2.0	0.25	0.0	0.5384615384615384	1.0	0.0	58.0	
907050.1401860077	728371.3717842527	6.528029749703806e6	0.0	6.0	2.0	0.25	0.0	0.5384615384615384	1.0	0.0	59.0	
859513.0308180454	660472.3819993593	6.2156318645450035e6	0.0	6.0	2.0	0.25	0.0	0.5384615384615384	1.0	0.0	60.0	
6353.626306477159	37.88327483790545	50791.12717697935	0.0	0.0	8.0	0.25	0.0	1.0	7.0	1.0	61.0	
772274.9320855151	543075.6943090811	5.635123762375039e6	0.0	6.0	2.0	0.25	0.0	0.5384615384615384	1.0	0.0	62.0	
732255.9286901159	492452.32914418157	5.365595100376745e6	0.0	0.0	8.0	0.25	0.0	0.5384615384615384	1.0	0.0	63.0	
694443.0484485041	446548.4948351758	5.108995892752857e6	0.0	0.0	8.0	0.25	0.0	0.5384615384615384	1.0	0.0	64.0	
658703.1948534631	404924.1096969028	4.864701449130803e6	0.0	0.0	8.0	0.25	0.0	0.5384615384615384	1.0	0.0	65.0	
624912.2414016706	367180.14139277505	4.632117789820589e6	0.0	0.0	8.0	0.25	0.0	0.5384615384615384	1.0	0.0	66.0	
592954.3561541243	332954.7758918811	4.410680073341113e6	0.0	0.0	8.0	0.25	0.0	0.5384615384615384	1.0	0.0	67.0	
562721.3820208703	301919.94433253846	4.199851111834424e6	0.0	0.0	8.0	0.25	0.0	0.5384615384615384	1.0	0.0	68.0	
2255.60096315955	4.778424716739906	18040.029280559662	0.0	0.0	8.0	0.25	0.0	1.0	7.0	1.0	69.0	
507032.54592337465	248259.73507883333	3.808000632308164e6	0.0	0.0	8.0	0.25	0.0	0.5384615384615384	1.0	0.0	70.0	
1741.2097732128295	2.8476686082187617	13926.830517094417	0.0	0.0	8.0	0.25	0.0	1.0	7.0	1.0	71.0	
457113.4820697954	204137.34794082172	3.4527705086175418e6	0.0	0.0	8.0	0.25	0.0	0.5384615384615384	1.0	0.0	72.0	
434113.98949629336	185110.53960989052	3.2878013763604574e6	0.0	0.0	8.0	0.25	0.0	0.5384615384615384	1.0	0.0	73.0	
412322.8075274343	167857.28490161165	3.130725175317862e6	0.0	0.0	8.0	0.25	0.0	0.5384615384615384	1.0	0.0	74.0	
1037.6406523780138	1.0113280214114049	8300.1138910027	0.0	0.0	8.0	0.25	0.0	1.0	7.0	1.0	75.0	
372097.47594068653	138025.5005180831	2.8387543070074096e6	0.0	0.0	8.0	0.25	0.0	0.5384615384615384	1.0	0.0	76.0	
353539.6317278386	125161.10532986365	2.703155948492845e6	0.0	0.0	8.0	0.25	0.0	0.5384615384615384	1.0	0.0	77.0	
335942.14584973484	113495.79137435032	2.574041375423528e6	0.0	0.0	8.0	0.25	0.0	0.5384615384615384	1.0	0.0	78.0	
319252.1969147009	102917.78246012147	2.4510997928574854e6	0.0	0.0	8.0	0.25	0.0	0.5384615384615384	1.0	0.0	79.0	
303420.13950236054	93325.7233917467	2.3340353926271372e6	0.0	0.0	8.0	0.25	0.0	0.5384615384615384	1.0	0.0	80.0	
4.291302762731265e7	2.252545382921968e8	1.1804968272630428e8	8.0	0.0	0.0	0.25	0.0	1.0	7.0	1.0	0.0	
3.824300663611762e7	1.9435773211997616e8	1.1158632096896479e8	7.0	1.0	0.0	0.25	0.0	0.5384615384615384	1.0	0.0	1.0	
3.5395834539855644e7	1.771542299258002e8	1.0601244639304493e8	7.0	1.0	0.0	0.25	0.0	0.5384615384615384	1.0	0.0	2.0	
3.3083916667788766e7	1.632951151719923e8	1.0137621817031781e8	7.0	1.0	0.0	0.25	0.0	0.5384615384615384	1.0	0.0	3.0	
3.128735498648165e7	1.5216066804693386e8	9.813817184491928e7	7.0	1.0	0.0	0.25	0.0	0.5384615384615384	1.0	0.0	4.0	
2.984247290517573e7	1.428824837469844e8	9.585729949442145e7	7.0	0.0	1.0	0.25	0.0	0.5384615384615384	1.0	0.0	5.0	
2.8652228808865782e7	1.3499855863363892e8	9.421927183728735e7	6.0	1.0	1.0	0.25	0.0	0.5384615384615384	1.0	0.0	6.0	
2.703952167256954e7	1.2510402982428887e8	9.12121435562674e7	6.0	1.0	1.0	0.25	0.0	0.5384615384615384	1.0	0.0	7.0	
2.4844268949344948e7	1.1254351726782756e8	8.621063432693206e7	6.0	1.0	1.0	0.25	0.0	0.5384615384615384	1.0	0.0	8.0	
2.2862720930224366e7	1.0135532691818938e8	8.15464405236056e7	6.0	1.0	1.0	0.25	0.0	0.5384615384615384	1.0	0.0	9.0	
2.1068504488827333e7	9.136672162933747e7	7.718131428128117e7	6.0	1.0	1.0	0.25	0.0	0.5384615384615384	1.0	0.0	10.0	
6.247348619408551e6	1.5972103544086998e7	3.400668541118142e7	0.0	8.0	0.0	0.25	0.0	1.0	7.0	1.0	11.0	
1.795756004388174e7	7.442123763855787e7	6.923924271249607e7	6.0	1.0	1.0	0.25	0.0	0.5384615384615384	1.0	0.0	12.0	
1.6606417547898808e7	6.723128168595348e7	6.562005869723701e7	6.0	1.0	1.0	0.25	0.0	0.5384615384615384	1.0	0.0	13.0	
1.5372504598379206e7	6.0767893417885974e7	6.2212143369147666e7	6.0	1.0	1.0	0.25	0.0	0.5384615384615384	1.0	0.0	14.0	
1.4243892023849346e7	5.4950669833526894e7	5.9000466357267864e7	0.0	7.0	1.0	0.25	0.0	0.5384615384615384	1.0	0.0	15.0	
1.3210128758225016e7	4.9709570615536295e7	5.597145945026381e7	0.0	7.0	1.0	0.25	0.0	0.5384615384615384	1.0	0.0	16.0	
1.2262010309996383e7	4.498330096330123e7	5.311278151666984e7	0.0	7.0	1.0	0.25	0.0	0.5384615384615384	1.0	0.0	17.0	
2.0050910332572176e6	2.5856780510834414e6	1.34550502149743e7	0.0	7.0	1.0	0.25	0.0	1.0	7.0	1.0	18.0	
1.7244424336954872e6	1.9950925858725125e6	1.1800446883691385e7	0.0	7.0	1.0	0.25	0.0	1.0	7.0	1.0	19.0	
9.854518294460662e6	3.3385632760274578e7	4.5450513595410734e7	0.0	7.0	1.0	0.25	0.0	0.5384615384615384	1.0	0.0	20.0	
9.176049659056813e6	3.023916011028734e7	4.316923716216715e7	0.0	7.0	1.0	0.25	0.0	0.5384615384615384	1.0	0.0	21.0	
8.550471687372267e6	2.73934506996416e7	4.101032279933654e7	0.0	7.0	1.0	0.25	0.0	0.5384615384615384	1.0	0.0	22.0	
7.973140357895346e6	2.4818822049086135e7	3.896630081407663e7	0.0	7.0	1.0	0.25	0.0	0.5384615384615384	1.0	0.0	23.0	
7.439872787801439e6	2.2488726364483483e7	3.7030255937928036e7	0.0	6.0	2.0	0.25	0.0	0.5384615384615384	1.0	0.0	24.0	
726426.589049822	421619.5930003293	5.389793119398248e6	0.0	0.0	8.0	0.25	0.0	1.0	7.0	1.0	25.0	
6.490791161681015e6	1.8469419617695536e7	3.3456909675752576e7	0.0	6.0	2.0	0.25	0.0	0.5384615384615384	1.0	0.0	26.0	
6.068473801885706e6	1.6739670348076068e7	3.1808120067009583e7	0.0	6.0	2.0	0.25	0.0	0.5384615384615384	1.0	0.0	27.0	
5.677139417921375e6	1.5172860891858626e7	3.0244254451512374e7	0.0	6.0	2.0	0.25	0.0	0.5384615384615384	1.0	0.0	28.0	
5.314243248272598e6	1.3753437195271235e7	2.876050879090956e7	0.0	6.0	2.0	0.25	0.0	0.5384615384615384	1.0	0.0	29.0	
4.977471798627589e6	1.2467375269106723e7	2.7352399119913995e7	0.0	6.0	2.0	0.25	0.0	0.5384615384615384	1.0	0.0	30.0	
4.66471949745343e6	1.1302020719999252e7	2.6015735259628188e7	0.0	6.0	2.0	0.25	0.0	0.5384615384615384	1.0	0.0	31.0	
4.374068046714317e6	1.0245947248277964e7	2.4746597125436574e7	0.0	6.0	2.0	0.25	0.0	0.5384615384615384	1.0	0.0	32.0	
4.1037680974502605e6	9.288831438052742e6	2.354131334154934e7	0.0	6.0	2.0	0.25	0.0	0.5384615384615384	1.0	0.0	33.0	
3.8522229411537647e6	8.421341621037636e6	2.2396441908192486e7	0.0	6.0	2.0	0.25	0.0	0.5384615384615384	1.0	0.0	34.0	
3.6179739573133355e6	7.635038960783608e6	2.130875269772308e7	0.0	6.0	2.0	0.25	0.0	0.5384615384615384	1.0	0.0	35.0	
3.3996875975145064e6	6.922289197944252e6	2.0275211582171798e7	0.0	6.0	2.0	0.25	0.0	0.5384615384615384	1.0	0.0	36.0	
3.1961437196394913e6	6.276183740003333e6	1.9292966017112594e7	0.0	6.0	2.0	0.25	0.0	0.5384615384615384	1.0	0.0	37.0	
3.0062251125988457e6	5.690468973284449e6	1.8359331927506324e7	0.0	6.0	2.0	0.25	0.0	0.5384615384615384	1.0	0.0	38.0	
2.8289080744119016e6	5.159482836637882e6	1.747178175865733e7	0.0	6.0	2.0	0.25	0.0	0.5384615384615384	1.0	0.0	39.0	
2.6632539251029007e6	4.67809782960356e6	1.6627933571219645e7	0.0	6.0	2.0	0.25	0.0	0.5384615384615384	1.0	0.0	40.0	
2.508401351459663e6	4.241669738769047e6	1.582554107290826e7	0.0	6.0	2.0	0.25	0.0	0.5384615384615384	1.0	0.0	41.0	
2.3635594938050183e6	3.845991459017237e6	1.5062484491422908e7	0.0	6.0	2.0	0.25	0.0	0.5384615384615384	1.0	0.0	42.0	
2.2280016961583993e6	3.4872513648034465e6	1.4336762204463754e7	0.0	6.0	2.0	0.25	0.0	0.5384615384615384	1.0	0.0	43.0	
57691.58476179839	3084.0934489020187	458448.58464548516	0.0	0.0	8.0	0.25	0.0	1.0	7.0	1.0	44.0	
1.9821192743569077e6	2.8670949355187947e6	1.2989859259336468e7	0.0	6.0	2.0	0.25	0.0	0.5384615384615384	1.0	0.0	45.0	
1.870614066950382e6	2.599712609179275e6	1.236519992642378e7	0.0	6.0	2.0	0.25	0.0	0.5384615384615384	1.0	0.0	46.0	
1.7660228970782985e6	2.3572781711906604e6	1.1770905005435726e7	0.0	6.0	2.0	0.25	0.0	0.5384615384615384	1.0	0.0	47.0	
1.6678651788753732e6	2.13746168656653e6	1.1205459744436458e7	0.0	6.0	2.0	0.25	0.0	0.5384615384615384	1.0	0.0	48.0	
30105.077567717275	845.592532848521	239995.02800888964	0.0	0.0	8.0	0.25	0.0	1.0	7.0	1.0	49.0	
1.4891109544452464e6	1.757432468630179e6	1.015545516693179e7	0.0	6.0	2.0	0.25	0.0	0.5384615384615384	1.0	0.0	50.0	
1.4077272900489834e6	1.593569972691131e6	9.668248347700737e6	0.0	6.0	2.0	0.25	0.0	0.5384615384615384	1.0	0.0	51.0	
1.33119727597386e6	1.4449905709477128e6	9.204587636843167e6	0.0	6.0	2.0	0.25	0.0	0.5384615384615384	1.0	0.0	52.0	
1.2591978328057553e6	1.3102680748086986e6	8.763314587637344e6	0.0	6.0	2.0	0.25	0.0	0.5384615384615384	1.0	0.0	53.0	
1.1914299629966698e6	1.1881095236296842e6	8.343330180343675e6	0.0	6.0	2.0	0.25	0.0	0.5384615384615384	1.0	0.0	54.0	
1.1276167751416443e6	1.0773427122383832e6	7.943591488894769e6	0.0	6.0	2.0	0.25	0.0	0.5384615384615384	1.0	0.0	55.0	
1.0675016822751807e6	976904.8916199602	7.563108566581486e6	0.0	6.0	2.0	0.25	0.0	0.5384615384615384	1.0	0.0	56.0	
1.0108467580539514e6	885832.5312653586	7.200941533166254e6	0.0	6.0	2.0	0.25	0.0	0.5384615384615384	1.0	0.0	57.0	
957431.2362227293	803252.0425021378	6.856197847279698e6	0.0	6.0	2.0	0.25	0.0	0.5384615384615384	1.0	0.0	58.0	
907050.1401860078	728371.3717842535	6.52802974970381e6	0.0	6.0	2.0	0.25	0.0	0.5384615384615384	1.0	0.0	59.0	
7232.061877568701	49.07284201459785	57807.42217853502	0.0	0.0	8.0	0.25	0.0	1.0	7.0	1.0	60.0	
814642.8617038818	598903.947291017	5.918238946340038e6	0.0	6.0	2.0	0.25	0.0	0.5384615384615384	1.0	0.0	61.0	
772274.9320855145	543075.6943090796	5.635123762375037e6	0.0	6.0	2.0	0.25	0.0	0.5384615384615384	1.0	0.0	62.0	
732255.9286901159	492452.32914418157	5.365595100376745e6	0.0	0.0	8.0	0.25	0.0	0.5384615384615384	1.0	0.0	63.0	
694443.0484485041	446548.4948351758	5.108995892752857e6	0.0	0.0	8.0	0.25	0.0	0.5384615384615384	1.0	0.0	64.0	
658703.1948534638	404924.10969690396	4.864701449130807e6	0.0	0.0	8.0	0.25	0.0	0.5384615384615384	1.0	0.0	65.0	
624912.2414016708	367180.14139277546	4.632117789820591e6	0.0	0.0	8.0	0.25	0.0	0.5384615384615384	1.0	0.0	66.0	
592954.3561541245	332954.7758918815	4.4106800733411135e6	0.0	0.0	8.0	0.25	0.0	0.5384615384615384	1.0	0.0	67.0	
562721.3820208701	301919.94433253846	4.199851111834424e6	0.0	0.0	8.0	0.25	0.0	0.5384615384615384	1.0	0.0	68.0	
534112.2678577999	273778.1742879257	3.9991199685744736e6	0.0	0.0	8.0	0.25	0.0	0.5384615384615384	1.0	0.0	69.0	
507032.54592337465	248259.73507883333	3.808000632308164e6	0.0	0.0	8.0	0.25	0.0	0.5384615384615384	1.0	0.0	70.0	
481393.8516531877	225120.04962872737	3.6260307635967736e6	0.0	0.0	8.0	0.25	0.0	0.5384615384615384	1.0	0.0	71.0	
457113.4820697956	204137.3479408218	3.4527705086175427e6	0.0	0.0	8.0	0.25	0.0	0.5384615384615384	1.0	0.0	72.0	
434113.98949629336	185110.53960989052	3.2878013763604574e6	0.0	0.0	8.0	0.25	0.0	0.5384615384615384	1.0	0.0	73.0	
412322.8075274342	167857.28490161162	3.1307251753178616e6	0.0	0.0	8.0	0.25	0.0	0.5384615384615384	1.0	0.0	74.0	
391671.90649860504	152212.24584107567	2.9811630061477646e6	0.0	0.0	8.0	0.25	0.0	0.5384615384615384	1.0	0.0	75.0	
372097.4759406857	138025.5005180825	2.8387543070074026e6	0.0	0.0	8.0	0.25	0.0	0.5384615384615384	1.0	0.0	76.0	
353539.63172783854	125161.10532986361	2.7031559484928446e6	0.0	0.0	8.0	0.25	0.0	0.5384615384615384	1.0	0.0	77.0	
335942.14584973414	113495.7913743498	2.5740413754235236e6	0.0	0.0	8.0	0.25	0.0	0.5384615384615384	1.0	0.0	78.0	
618.3852615403856	0.35916316296901807	4946.722929160117	0.0	0.0	8.0	0.25	0.0	1.0	7.0	1.0	79.0	
303420.13950236054	93325.7233917467	2.3340353926271372e6	0.0	0.0	8.0	0.25	0.0	0.5384615384615384	1.0	0.0	80.0	
