4.291302762731265e7	2.252545382921968e8	1.1804968272630428e8	8.0	0.0	0.0	1.0	1.0	1.0	7.0	0.0	0.0	
3.984279921715424e7	2.005061983951877e8	1.1823619534204625e8	8.0	0.0	0.0	1.0	1.0	1.0	7.0	0.0	1.0	
3.637781991092406e7	1.7518905201250732e8	1.1583350727488515e8	8.0	0.0	0.0	1.0	1.0	1.0	7.0	0.0	2.0	
2.9560012692395885e7	1.347077791736402e8	1.0177232236552688e8	7.0	1.0	0.0	1.0	1.0	1.0	7.0	0.0	3.0	
2.3856407192699213e7	1.024211306174606e8	8.843012692413306e7	7.0	1.0	0.0	1.0	1.0	1.0	7.0	0.0	4.0	
1.938123013178129e7	7.811812508982371e7	7.693171596442662e7	7.0	1.0	0.0	1.0	1.0	1.0	7.0	0.0	5.0	
1.5841723985565543e7	5.973156549518177e7	6.700222638934259e7	0.0	8.0	0.0	1.0	1.0	1.0	7.0	0.0	6.0	
1.3021947565088663e7	4.576379567932935e7	5.841178484137997e7	0.0	8.0	0.0	1.0	1.0	1.0	7.0	0.0	7.0	
1.076064833167234e7	3.5117726624063894e7	5.096746002931484e7	0.0	8.0	0.0	1.0	1.0	1.0	7.0	0.0	8.0	
8.936080142941952e6	2.6981950752132103e7	4.450669039140352e7	0.0	8.0	0.0	1.0	1.0	1.0	7.0	0.0	9.0	
7.45543193931911e6	2.0751463421106637e7	3.889199209344623e7	0.0	8.0	0.0	1.0	1.0	1.0	7.0	0.0	10.0	
6.247348619408551e6	1.5972103544086998e7	3.400668541118142e7	0.0	8.0	0.0	1.0	1.0	1.0	7.0	0.0	11.0	
5.256559003869406e6	1.2301046038083686e7	2.9751425992871556e7	0.0	8.0	0.0	1.0	1.0	1.0	7.0	0.0	12.0	
4.439964306395078e6	9.47833748532844e6	2.604137696583218e7	0.0	7.0	1.0	1.0	1.0	1.0	7.0	0.0	13.0	
3.763753986920765e6	7.306141964943463e6	2.280388993042266e7	0.0	7.0	1.0	1.0	1.0	1.0	7.0	0.0	14.0	
3.2012566167110084e6	5.63345649511261e6	1.9976596438575465e7	0.0	7.0	1.0	1.0	1.0	1.0	7.0	0.0	15.0	
2.731322922668995e6	4.344754436696652e6	1.7505828944655307e7	0.0	7.0	1.0	1.0	1.0	1.0	7.0	0.0	16.0	
2.3370992945981976e6	3.351485882351806e6	1.534530847443378e7	0.0	7.0	1.0	1.0	1.0	1.0	7.0	0.0	17.0	
2.0050910332572176e6	2.5856780510834414e6	1.34550502149743e7	0.0	7.0	1.0	1.0	1.0	1.0	7.0	0.0	18.0	
1.7244424336954872e6	1.9950925858725125e6	1.1800446883691385e7	0.0	7.0	1.0	1.0	1.0	1.0	7.0	0.0	19.0	
1.486380450008189e6	1.5395461210183972e6	1.0351497479047116e7	0.0	7.0	1.0	1.0	1.0	1.0	7.0	0.0	20.0	
1.2837828353550693e6	1.1881058099705589e6	9.082156872869994e6	0.0	7.0	1.0	1.0	1.0	1.0	7.0	0.0	21.0	
1.110841359211095e6	916946.0334100465	7.969784840278715e6	0.0	7.0	1.0	1.0	1.0	1.0	7.0	0.0	22.0	
962798.1091874299	707707.0414705839	6.994677832028856e6	0.0	7.0	1.0	1.0	1.0	1.0	7.0	0.0	23.0	
835738.2648975616	546235.9304348091	6.139670188745684e6	0.0	0.0	8.0	1.0	1.0	1.0	7.0	0.0	24.0	
726426.589049822	421619.5930003293	5.389793119398247e6	0.0	0.0	8.0	1.0	1.0	1.0	7.0	0.0	25.0	
632177.9738333966	325441.1839357181	4.731982606731455e6	0.0	0.0	8.0	1.0	1.0	1.0	7.0	0.0	26.0	
550754.551779449	251207.960788015	4.1548284534475766e6	0.0	0.0	8.0	1.0	1.0	1.0	7.0	0.0	27.0	
480283.6171612561	193910.71617946593	3.648358221110583e6	0.0	0.0	8.0	1.0	1.0	1.0	7.0	0.0	28.0	
419191.90723084647	149684.36434340704	3.203850893503365e6	0.0	0.0	8.0	1.0	1.0	1.0	7.0	0.0	29.0	
366152.7606789342	115546.34821685782	2.8136757372146165e6	0.0	0.0	8.0	1.0	1.0	1.0	7.0	0.0	30.0	
320043.4797514915	89194.96092713586	2.471152877084796e6	0.0	0.0	8.0	1.0	1.0	1.0	7.0	0.0	31.0	
279910.76865863	68853.81861429123	2.1704323306547487e6	0.0	0.0	8.0	1.0	1.0	1.0	7.0	0.0	32.0	
244942.61182264079	53151.90004411404	1.9063889945370122e6	0.0	0.0	8.0	1.0	1.0	1.0	7.0	0.0	33.0	
214445.29309208854	41031.00406451238	1.674531340672196e6	0.0	0.0	8.0	1.0	1.0	1.0	7.0	0.0	34.0	
187824.53494388683	31674.349152086776	1.4709219303990079e6	0.0	0.0	8.0	1.0	1.0	1.0	7.0	0.0	35.0	
164569.9551171873	24451.47939106411	1.2921081615464343e6	0.0	0.0	8.0	1.0	1.0	1.0	7.0	0.0	36.0	
144242.20216231438	18875.749260258443	1.1350618680382567e6	0.0	0.0	8.0	1.0	1.0	1.0	7.0	0.0	37.0	
126462.26428721534	14571.513130883133	997126.6011668394	0.0	0.0	8.0	1.0	1.0	1.0	7.0	0.0	38.0	
110902.54712021847	11248.802855882945	875971.5741058649	0.0	0.0	8.0	1.0	1.0	1.0	7.0	0.0	39.0	
97279.39937577827	8683.783664894941	769551.4113413314	0.0	0.0	8.0	1.0	1.0	1.0	7.0	0.0	40.0	
85346.82682237389	6703.669268256773	676070.9453107344	0.0	0.0	8.0	1.0	1.0	1.0	7.0	0.0	41.0	
74891.18571418698	5175.078407552712	593954.4073059433	0.0	0.0	8.0	1.0	1.0	1.0	7.0	0.0	42.0	
65726.6886150616	3995.047519253579	521818.46140123904	0.0	0.0	8.0	1.0	1.0	1.0	7.0	0.0	43.0	
57691.584761798396	3084.0934489020187	458448.58464548516	0.0	0.0	8.0	1.0	1.0	1.0	7.0	0.0	44.0	
50644.90385757247	2380.8585051375744	402778.37235544214	0.0	0.0	8.0	1.0	1.0	1.0	7.0	0.0	45.0	
44463.672390532636	1837.9768757631446	353871.40224849794	0.0	0.0	8.0	1.0	1.0	1.0	7.0	0.0	46.0	
39040.527374154604	1418.8837981507636	310905.335195086	0.0	0.0	8.0	1.0	1.0	1.0	7.0	0.0	47.0	
34281.665642497406	1095.352443428671	273157.9726965506	0.0	0.0	8.0	1.0	1.0	1.0	7.0	0.0	48.0	
30105.077567717275	845.592532848521	239995.02800888964	0.0	0.0	8.0	1.0	1.0	1.0	7.0	0.0	49.0	
26439.02267493806	652.7825682000756	210859.39883130437	0.0	0.0	8.0	1.0	1.0	1.0	7.0	0.0	50.0	
23220.711387882224	503.93678246456216	185261.7543205932	0.0	0.0	8.0	1.0	1.0	1.0	7.0	0.0	51.0	
20395.163146074676	389.0304742126613	162772.27469438472	0.0	0.0	8.0	1.0	1.0	1.0	7.0	0.0	52.0	
17914.215755104415	300.3247993534107	143013.40124148194	0.0	0.0	8.0	1.0	1.0	1.0	7.0	0.0	53.0	
15735.664744271122	231.8455347685862	125653.47241940041	0.0	0.0	8.0	1.0	1.0	1.0	7.0	0.0	54.0	
13822.514709419034	178.98070087834557	110401.13697447392	0.0	0.0	8.0	1.0	1.0	1.0	7.0	0.0	55.0	
12142.327323406857	138.16993813752643	97000.44864911734	0.0	0.0	8.0	1.0	1.0	1.0	7.0	0.0	56.0	
10666.65300563709	106.66471484003277	85226.5593302567	0.0	0.0	8.0	1.0	1.0	1.0	7.0	0.0	57.0	
9370.535025366325	82.34321330056106	74881.93698963005	0.0	0.0	8.0	1.0	1.0	1.0	7.0	0.0	58.0	
8232.076476230166	63.56742691896282	65793.04438292237	0.0	0.0	8.0	1.0	1.0	1.0	7.0	0.0	59.0	
7232.061877568701	49.07284201459785	57807.42217853502	0.0	0.0	8.0	1.0	1.0	1.0	7.0	0.0	60.0	
6353.626306477159	37.88327483790545	50791.12717697935	0.0	0.0	8.0	1.0	1.0	1.0	7.0	0.0	61.0	
5581.965919426172	29.245127273151493	44626.48222813623	0.0	0.0	8.0	1.0	1.0	1.0	7.0	0.0	62.0	
4904.084563549709	22.57663361558796	39210.099874782085	0.0	0.0	8.0	1.0	1.0	1.0	7.0	0.0	63.0	
4308.571877920751	17.42867997586768	34451.14634339014	0.0	0.0	8.0	1.0	1.0	1.0	7.0	0.0	64.0	
3785.4088964696684	13.45455752833474	30269.816614229014	0.0	0.0	8.0	1.0	1.0	1.0	7.0	0.0	65.0	
3325.7976855075503	10.38661257634656	26595.994871484054	0.0	0.0	8.0	1.0	1.0	1.0	7.0	0.0	66.0	
2922.0119966197303	8.018220739379307	23368.077752218465	0.0	0.0	8.0	1.0	1.0	1.0	7.0	0.0	67.0	
2567.2663079290764	6.18987132951246	20531.940592103103	0.0	0.0	8.0	1.0	1.0	1.0	7.0	0.0	68.0	
2255.60096315955	4.778424716739906	18040.02928055966	0.0	0.0	8.0	1.0	1.0	1.0	7.0	0.0	69.0	
1981.7814073729114	3.688819158688855	15850.562439824604	0.0	0.0	8.0	1.0	1.0	1.0	7.0	0.0	70.0	
1741.2097732128295	2.8476686082187617	13926.830517094417	0.0	0.0	8.0	1.0	1.0	1.0	7.0	0.0	71.0	
1529.8472915566244	2.198320324942083	12236.580012128054	0.0	0.0	8.0	1.0	1.0	1.0	7.0	0.0	72.0	
1344.1461913838211	1.6970394207845707	10751.472491649783	0.0	0.0	8.0	1.0	1.0	1.0	7.0	0.0	73.0	
1180.989917860223	1.31006333773336	9446.60927954405	0.0	0.0	8.0	1.0	1.0	1.0	7.0	0.0	74.0	
1037.6406523780138	1.0113280214114049	8300.1138910027	0.0	0.0	8.0	1.0	1.0	1.0	7.0	0.0	75.0	
911.6932342727207	0.7807125358292619	7292.765161645935	0.0	0.0	8.0	1.0	1.0	1.0	7.0	0.0	76.0	
801.0347002720714	0.602683926698883	6407.674918249872	0.0	0.0	8.0	1.0	1.0	1.0	7.0	0.0	77.0	
703.8088611182858	0.4652521423921867	5630.005636803892	0.0	0.0	8.0	1.0	1.0	1.0	7.0	0.0	78.0	
618.3852615403856	0.35916316296901807	4946.722929160116	0.0	0.0	8.0	1.0	1.0	1.0	7.0	0.0	79.0	
543.3310731765295	0.27726889488274903	4346.371316517354	0.0	0.0	8.0	1.0	1.0	1.0	7.0	0.0	80.0	
4.291302762731265e7	2.252545382921968e8	1.1804968272630428e8	8.0	0.0	0.0	1.0	1.0	1.0	7.0	0.0	0.0	
3.984279921715425e7	2.0050619839518768e8	1.1823619534204625e8	8.0	0.0	0.0	1.0	1.0	1.0	7.0	0.0	1.0	
3.637781991092406e7	1.7518905201250732e8	1.1583350727488516e8	8.0	0.0	0.0	1.0	1.0	1.0	7.0	0.0	2.0	
2.9560012692395885e7	1.347077791736402e8	1.0177232236552688e8	7.0	1.0	0.0	1.0	1.0	1.0	7.0	0.0	3.0	
2.3856407192699213e7	1.024211306174606e8	8.843012692413306e7	7.0	1.0	0.0	1.0	1.0	1.0	7.0	0.0	4.0	
1.938123013178129e7	7.811812508982371e7	7.693171596442664e7	7.0	1.0	0.0	1.0	1.0	1.0	7.0	0.0	5.0	
1.5841723985565543e7	5.973156549518177e7	6.700222638934259e7	0.0	8.0	0.0	1.0	1.0	1.0	7.0	0.0	6.0	
1.3021947565088663e7	4.576379567932935e7	5.841178484137997e7	0.0	8.0	0.0	1.0	1.0	1.0	7.0	0.0	7.0	
1.076064833167234e7	3.5117726624063894e7	5.096746002931484e7	0.0	8.0	0.0	1.0	1.0	1.0	7.0	0.0	8.0	
8.936080142941952e6	2.6981950752132103e7	4.450669039140352e7	0.0	8.0	0.0	1.0	1.0	1.0	7.0	0.0	9.0	
7.45543193931911e6	2.0751463421106637e7	3.889199209344623e7	0.0	8.0	0.0	1.0	1.0	1.0	7.0	0.0	10.0	
6.247348619408551e6	1.5972103544087e7	3.400668541118142e7	0.0	8.0	0.0	1.0	1.0	1.0	7.0	0.0	11.0	
5.256559003869406e6	1.2301046038083686e7	2.9751425992871556e7	0.0	8.0	0.0	1.0	1.0	1.0	7.0	0.0	12.0	
4.439964306395078e6	9.478337485328438e6	2.604137696583218e7	0.0	7.0	1.0	1.0	1.0	1.0	7.0	0.0	13.0	
3.763753986920765e6	7.306141964943463e6	2.280388993042266e7	0.0	7.0	1.0	1.0	1.0	1.0	7.0	0.0	14.0	
3.2012566167110084e6	5.63345649511261e6	1.9976596438575465e7	0.0	7.0	1.0	1.0	1.0	1.0	7.0	0.0	15.0	
2.731322922668995e6	4.344754436696652e6	1.7505828944655307e7	0.0	7.0	1.0	1.0	1.0	1.0	7.0	0.0	16.0	
2.3370992945981976e6	3.351485882351806e6	1.534530847443378e7	0.0	7.0	1.0	1.0	1.0	1.0	7.0	0.0	17.0	
2.0050910332572174e6	2.5856780510834414e6	1.34550502149743e7	0.0	7.0	1.0	1.0	1.0	1.0	7.0	0.0	18.0	
1.7244424336954872e6	1.9950925858725125e6	1.1800446883691385e7	0.0	7.0	1.0	1.0	1.0	1.0	7.0	0.0	19.0	
1.486380450008189e6	1.5395461210183974e6	1.0351497479047116e7	0.0	7.0	1.0	1.0	1.0	1.0	7.0	0.0	20.0	
1.2837828353550693e6	1.1881058099705589e6	9.082156872869994e6	0.0	7.0	1.0	1.0	1.0	1.0	7.0	0.0	21.0	
1.110841359211095e6	916946.0334100465	7.969784840278715e6	0.0	7.0	1.0	1.0	1.0	1.0	7.0	0.0	22.0	
962798.1091874299	707707.0414705839	6.9946778320288565e6	0.0	7.0	1.0	1.0	1.0	1.0	7.0	0.0	23.0	
835738.2648975616	546235.9304348092	6.139670188745684e6	0.0	0.0	8.0	1.0	1.0	1.0	7.0	0.0	24.0	
726426.589049822	421619.5930003293	5.389793119398248e6	0.0	0.0	8.0	1.0	1.0	1.0	7.0	0.0	25.0	
632177.9738333966	325441.1839357181	4.731982606731455e6	0.0	0.0	8.0	1.0	1.0	1.0	7.0	0.0	26.0	
550754.551779449	251207.960788015	4.1548284534475766e6	0.0	0.0	8.0	1.0	1.0	1.0	7.0	0.0	27.0	
480283.6171612561	193910.71617946593	3.6483582211105833e6	0.0	0.0	8.0	1.0	1.0	1.0	7.0	0.0	28.0	
419191.90723084647	149684.36434340704	3.2038508935033646e6	0.0	0.0	8.0	1.0	1.0	1.0	7.0	0.0	29.0	
366152.7606789342	115546.34821685782	2.8136757372146165e6	0.0	0.0	8.0	1.0	1.0	1.0	7.0	0.0	30.0	
320043.47975149145	89194.96092713586	2.471152877084796e6	0.0	0.0	8.0	1.0	1.0	1.0	7.0	0.0	31.0	
279910.76865863	68853.81861429123	2.1704323306547487e6	0.0	0.0	8.0	1.0	1.0	1.0	7.0	0.0	32.0	
244942.61182264079	53151.90004411403	1.9063889945370122e6	0.0	0.0	8.0	1.0	1.0	1.0	7.0	0.0	33.0	
214445.29309208854	41031.00406451239	1.674531340672196e6	0.0	0.0	8.0	1.0	1.0	1.0	7.0	0.0	34.0	
187824.53494388683	31674.349152086776	1.4709219303990079e6	0.0	0.0	8.0	1.0	1.0	1.0	7.0	0.0	35.0	
164569.9551171873	24451.479391064106	1.2921081615464343e6	0.0	0.0	8.0	1.0	1.0	1.0	7.0	0.0	36.0	
144242.20216231438	18875.74926025844	1.1350618680382567e6	0.0	0.0	8.0	1.0	1.0	1.0	7.0	0.0	37.0	
126462.26428721534	14571.513130883133	997126.6011668394	0.0	0.0	8.0	1.0	1.0	1.0	7.0	0.0	38.0	
110902.54712021847	11248.802855882945	875971.574105865	0.0	0.0	8.0	1.0	1.0	1.0	7.0	0.0	39.0	
97279.39937577827	8683.783664894941	769551.4113413314	0.0	0.0	8.0	1.0	1.0	1.0	7.0	0.0	40.0	
85346.82682237389	6703.669268256773	676070.9453107344	0.0	0.0	8.0	1.0	1.0	1.0	7.0	0.0	41.0	
74891.18571418698	5175.078407552712	593954.4073059433	0.0	0.0	8.0	1.0	1.0	1.0	7.0	0.0	42.0	
65726.6886150616	3995.047519253579	521818.46140123904	0.0	0.0	8.0	1.0	1.0	1.0	7.0	0.0	43.0	
57691.58476179839	3084.0934489020187	458448.58464548516	0.0	0.0	8.0	1.0	1.0	1.0	7.0	0.0	44.0	
50644.90385757247	2380.8585051375744	402778.37235544214	0.0	0.0	8.0	1.0	1.0	1.0	7.0	0.0	45.0	
44463.67239053264	1837.9768757631446	353871.40224849794	0.0	0.0	8.0	1.0	1.0	1.0	7.0	0.0	46.0	
39040.527374154604	1418.8837981507638	310905.335195086	0.0	0.0	8.0	1.0	1.0	1.0	7.0	0.0	47.0	
34281.665642497406	1095.352443428671	273157.9726965506	0.0	0.0	8.0	1.0	1.0	1.0	7.0	0.0	48.0	
30105.077567717275	845.592532848521	239995.02800888964	0.0	0.0	8.0	1.0	1.0	1.0	7.0	0.0	49.0	
26439.02267493806	652.7825682000756	210859.39883130434	0.0	0.0	8.0	1.0	1.0	1.0	7.0	0.0	50.0	
23220.711387882224	503.93678246456216	185261.7543205932	0.0	0.0	8.0	1.0	1.0	1.0	7.0	0.0	51.0	
20395.163146074676	389.03047421266126	162772.27469438472	0.0	0.0	8.0	1.0	1.0	1.0	7.0	0.0	52.0	
17914.215755104415	300.3247993534107	143013.40124148194	0.0	0.0	8.0	1.0	1.0	1.0	7.0	0.0	53.0	
15735.664744271122	231.8455347685862	125653.4724194004	0.0	0.0	8.0	1.0	1.0	1.0	7.0	0.0	54.0	
13822.514709419032	178.9807008783456	110401.13697447392	0.0	0.0	8.0	1.0	1.0	1.0	7.0	0.0	55.0	
12142.327323406857	138.16993813752643	97000.44864911734	0.0	0.0	8.0	1.0	1.0	1.0	7.0	0.0	56.0	
10666.65300563709	106.66471484003277	85226.5593302567	0.0	0.0	8.0	1.0	1.0	1.0	7.0	0.0	57.0	
9370.535025366325	82.34321330056106	74881.93698963003	0.0	0.0	8.0	1.0	1.0	1.0	7.0	0.0	58.0	
8232.076476230166	63.56742691896282	65793.04438292237	0.0	0.0	8.0	1.0	1.0	1.0	7.0	0.0	59.0	
7232.061877568701	49.07284201459785	57807.42217853502	0.0	0.0	8.0	1.0	1.0	1.0	7.0	0.0	60.0	
6353.626306477159	37.88327483790545	50791.12717697935	0.0	0.0	8.0	1.0	1.0	1.0	7.0	0.0	61.0	
5581.965919426172	29.24512727315149	44626.482228136236	0.0	0.0	8.0	1.0	1.0	1.0	7.0	0.0	62.0	
4904.084563549709	22.57663361558796	39210.099874782085	0.0	0.0	8.0	1.0	1.0	1.0	7.0	0.0	63.0	
4308.571877920752	17.42867997586768	34451.14634339014	0.0	0.0	8.0	1.0	1.0	1.0	7.0	0.0	64.0	
3785.408896469669	13.45455752833474	30269.816614229014	0.0	0.0	8.0	1.0	1.0	1.0	7.0	0.0	65.0	
3325.7976855075503	10.38661257634656	26595.994871484054	0.0	0.0	8.0	1.0	1.0	1.0	7.0	0.0	66.0	
2922.0119966197303	8.018220739379307	23368.077752218465	0.0	0.0	8.0	1.0	1.0	1.0	7.0	0.0	67.0	
2567.2663079290764	6.18987132951246	20531.940592103103	0.0	0.0	8.0	1.0	1.0	1.0	7.0	0.0	68.0	
2255.60096315955	4.778424716739906	18040.029280559662	0.0	0.0	8.0	1.0	1.0	1.0	7.0	0.0	69.0	
1981.7814073729116	3.6888191586888546	15850.562439824604	0.0	0.0	8.0	1.0	1.0	1.0	7.0	0.0	70.0	
1741.2097732128295	2.8476686082187617	13926.830517094417	0.0	0.0	8.0	1.0	1.0	1.0	7.0	0.0	71.0	
1529.8472915566247	2.198320324942083	12236.580012128054	0.0	0.0	8.0	1.0	1.0	1.0	7.0	0.0	72.0	
1344.1461913838211	1.6970394207845707	10751.472491649783	0.0	0.0	8.0	1.0	1.0	1.0	7.0	0.0	73.0	
1180.989917860223	1.31006333773336	9446.60927954405	0.0	0.0	8.0	1.0	1.0	1.0	7.0	0.0	74.0	
1037.6406523780138	1.0113280214114049	8300.1138910027	0.0	0.0	8.0	1.0	1.0	1.0	7.0	0.0	75.0	
911.6932342727208	0.7807125358292619	7292.765161645935	0.0	0.0	8.0	1.0	1.0	1.0	7.0	0.0	76.0	
801.0347002720714	0.6026839266988832	6407.674918249872	0.0	0.0	8.0	1.0	1.0	1.0	7.0	0.0	77.0	
703.8088611182857	0.4652521423921867	5630.005636803892	0.0	0.0	8.0	1.0	1.0	1.0	7.0	0.0	78.0	
618.3852615403856	0.35916316296901807	4946.722929160117	0.0	0.0	8.0	1.0	1.0	1.0	7.0	0.0	79.0	
543.3310731765295	0.27726889488274903	4346.371316517354	0.0	0.0	8.0	1.0	1.0	1.0	7.0	0.0	80.0	
4.291302762731265e7	2.252545382921968e8	1.1804968272630428e8	8.0	0.0	0.0	1.0	1.0	1.0	7.0	0.0	0.0	
3.984279921715425e7	2.005061983951877e8	1.1823619534204623e8	8.0	0.0	0.0	1.0	1.0	1.0	7.0	0.0	1.0	
3.637781991092406e7	1.7518905201250732e8	1.1583350727488515e8	8.0	0.0	0.0	1.0	1.0	1.0	7.0	0.0	2.0	
2.9560012692395885e7	1.347077791736402e8	1.0177232236552688e8	7.0	1.0	0.0	1.0	1.0	1.0	7.0	0.0	3.0	
2.3856407192699213e7	1.024211306174606e8	8.843012692413309e7	7.0	1.0	0.0	1.0	1.0	1.0	7.0	0.0	4.0	
1.938123013178129e7	7.811812508982371e7	7.693171596442664e7	7.0	1.0	0.0	1.0	1.0	1.0	7.0	0.0	5.0	
1.5841723985565543e7	5.973156549518177e7	6.700222638934259e7	0.0	8.0	0.0	1.0	1.0	1.0	7.0	0.0	6.0	
1.3021947565088663e7	4.576379567932935e7	5.841178484137996e7	0.0	8.0	0.0	1.0	1.0	1.0	7.0	0.0	7.0	
1.0760648331672342e7	3.5117726624063894e7	5.096746002931484e7	0.0	8.0	0.0	1.0	1.0	1.0	7.0	0.0	8.0	
8.936080142941952e6	2.6981950752132103e7	4.450669039140352e7	0.0	8.0	0.0	1.0	1.0	1.0	7.0	0.0	9.0	
7.45543193931911e6	2.0751463421106637e7	3.889199209344623e7	0.0	8.0	0.0	1.0	1.0	1.0	7.0	0.0	10.0	
6.247348619408551e6	1.5972103544087e7	3.400668541118142e7	0.0	8.0	0.0	1.0	1.0	1.0	7.0	0.0	11.0	
5.256559003869406e6	1.2301046038083686e7	2.9751425992871556e7	0.0	8.0	0.0	1.0	1.0	1.0	7.0	0.0	12.0	
4.439964306395078e6	9.47833748532844e6	2.604137696583218e7	0.0	7.0	1.0	1.0	1.0	1.0	7.0	0.0	13.0	
3.763753986920765e6	7.306141964943463e6	2.280388993042266e7	0.0	7.0	1.0	1.0	1.0	1.0	7.0	0.0	14.0	
3.201256616711009e6	5.63345649511261e6	1.9976596438575465e7	0.0	7.0	1.0	1.0	1.0	1.0	7.0	0.0	15.0	
2.7313229226689953e6	4.344754436696652e6	1.750582894465531e7	0.0	7.0	1.0	1.0	1.0	1.0	7.0	0.0	16.0	
2.3370992945981976e6	3.351485882351806e6	1.5345308474433782e7	0.0	7.0	1.0	1.0	1.0	1.0	7.0	0.0	17.0	
2.0050910332572174e6	2.585678051083441e6	1.34550502149743e7	0.0	7.0	1.0	1.0	1.0	1.0	7.0	0.0	18.0	
1.7244424336954872e6	1.9950925858725125e6	1.1800446883691385e7	0.0	7.0	1.0	1.0	1.0	1.0	7.0	0.0	19.0	
1.486380450008189e6	1.5395461210183972e6	1.0351497479047116e7	0.0	7.0	1.0	1.0	1.0	1.0	7.0	0.0	20.0	
1.2837828353550693e6	1.1881058099705589e6	9.082156872869994e6	0.0	7.0	1.0	1.0	1.0	1.0	7.0	0.0	21.0	
1.1108413592110951e6	916946.0334100464	7.969784840278715e6	0.0	7.0	1.0	1.0	1.0	1.0	7.0	0.0	22.0	
962798.1091874299	707707.0414705839	6.994677832028856e6	0.0	7.0	1.0	1.0	1.0	1.0	7.0	0.0	23.0	
835738.2648975616	546235.9304348092	6.139670188745684e6	0.0	0.0	8.0	1.0	1.0	1.0	7.0	0.0	24.0	
726426.589049822	421619.5930003293	5.389793119398247e6	0.0	0.0	8.0	1.0	1.0	1.0	7.0	0.0	25.0	
632177.9738333966	325441.183935718	4.731982606731455e6	0.0	0.0	8.0	1.0	1.0	1.0	7.0	0.0	26.0	
550754.551779449	251207.96078801499	4.1548284534475757e6	0.0	0.0	8.0	1.0	1.0	1.0	7.0	0.0	27.0	
480283.6171612561	193910.71617946593	3.648358221110583e6	0.0	0.0	8.0	1.0	1.0	1.0	7.0	0.0	28.0	
419191.90723084647	149684.36434340704	3.203850893503365e6	0.0	0.0	8.0	1.0	1.0	1.0	7.0	0.0	29.0	
366152.7606789342	115546.34821685783	2.8136757372146165e6	0.0	0.0	8.0	1.0	1.0	1.0	7.0	0.0	30.0	
320043.47975149145	89194.96092713586	2.471152877084796e6	0.0	0.0	8.0	1.0	1.0	1.0	7.0	0.0	31.0	
279910.76865863	68853.81861429125	2.1704323306547487e6	0.0	0.0	8.0	1.0	1.0	1.0	7.0	0.0	32.0	
244942.61182264079	53151.90004411404	1.9063889945370122e6	0.0	0.0	8.0	1.0	1.0	1.0	7.0	0.0	33.0	
214445.29309208854	41031.00406451239	1.674531340672196e6	0.0	0.0	8.0	1.0	1.0	1.0	7.0	0.0	34.0	
187824.53494388683	31674.349152086776	1.4709219303990079e6	0.0	0.0	8.0	1.0	1.0	1.0	7.0	0.0	35.0	
164569.9551171873	24451.479391064106	1.2921081615464343e6	0.0	0.0	8.0	1.0	1.0	1.0	7.0	0.0	36.0	
144242.20216231438	18875.749260258443	1.1350618680382567e6	0.0	0.0	8.0	1.0	1.0	1.0	7.0	0.0	37.0	
126462.26428721534	14571.513130883133	997126.6011668394	0.0	0.0	8.0	1.0	1.0	1.0	7.0	0.0	38.0	
110902.54712021849	11248.802855882945	875971.5741058649	0.0	0.0	8.0	1.0	1.0	1.0	7.0	0.0	39.0	
97279.39937577827	8683.783664894941	769551.4113413314	0.0	0.0	8.0	1.0	1.0	1.0	7.0	0.0	40.0	
85346.82682237389	6703.669268256773	676070.9453107344	0.0	0.0	8.0	1.0	1.0	1.0	7.0	0.0	41.0	
74891.18571418698	5175.078407552712	593954.4073059433	0.0	0.0	8.0	1.0	1.0	1.0	7.0	0.0	42.0	
65726.6886150616	3995.047519253579	521818.46140123904	0.0	0.0	8.0	1.0	1.0	1.0	7.0	0.0	43.0	
57691.584761798396	3084.0934489020187	458448.58464548516	0.0	0.0	8.0	1.0	1.0	1.0	7.0	0.0	44.0	
50644.90385757247	2380.8585051375744	402778.37235544214	0.0	0.0	8.0	1.0	1.0	1.0	7.0	0.0	45.0	
44463.672390532636	1837.9768757631446	353871.40224849794	0.0	0.0	8.0	1.0	1.0	1.0	7.0	0.0	46.0	
39040.527374154604	1418.8837981507636	310905.3351950861	0.0	0.0	8.0	1.0	1.0	1.0	7.0	0.0	47.0	
34281.665642497406	1095.352443428671	273157.9726965506	0.0	0.0	8.0	1.0	1.0	1.0	7.0	0.0	48.0	
30105.077567717275	845.592532848521	239995.02800888964	0.0	0.0	8.0	1.0	1.0	1.0	7.0	0.0	49.0	
26439.02267493806	652.7825682000756	210859.39883130437	0.0	0.0	8.0	1.0	1.0	1.0	7.0	0.0	50.0	
23220.711387882224	503.93678246456216	185261.7543205932	0.0	0.0	8.0	1.0	1.0	1.0	7.0	0.0	51.0	
20395.163146074676	389.03047421266126	162772.27469438472	0.0	0.0	8.0	1.0	1.0	1.0	7.0	0.0	52.0	
17914.215755104415	300.3247993534107	143013.40124148194	0.0	0.0	8.0	1.0	1.0	1.0	7.0	0.0	53.0	
15735.66474427112	231.8455347685862	125653.47241940041	0.0	0.0	8.0	1.0	1.0	1.0	7.0	0.0	54.0	
13822.514709419032	178.9807008783456	110401.13697447392	0.0	0.0	8.0	1.0	1.0	1.0	7.0	0.0	55.0	
12142.327323406857	138.16993813752646	97000.44864911734	0.0	0.0	8.0	1.0	1.0	1.0	7.0	0.0	56.0	
10666.653005637092	106.66471484003277	85226.5593302567	0.0	0.0	8.0	1.0	1.0	1.0	7.0	0.0	57.0	
9370.535025366325	82.34321330056106	74881.93698963003	0.0	0.0	8.0	1.0	1.0	1.0	7.0	0.0	58.0	
8232.076476230166	63.56742691896282	65793.04438292237	0.0	0.0	8.0	1.0	1.0	1.0	7.0	0.0	59.0	
7232.061877568701	49.07284201459785	57807.42217853502	0.0	0.0	8.0	1.0	1.0	1.0	7.0	0.0	60.0	
6353.626306477159	37.88327483790545	50791.12717697935	0.0	0.0	8.0	1.0	1.0	1.0	7.0	0.0	61.0	
5581.965919426172	29.245127273151493	44626.48222813623	0.0	0.0	8.0	1.0	1.0	1.0	7.0	0.0	62.0	
4904.084563549709	22.57663361558796	39210.099874782085	0.0	0.0	8.0	1.0	1.0	1.0	7.0	0.0	63.0	
4308.571877920751	17.42867997586768	34451.14634339014	0.0	0.0	8.0	1.0	1.0	1.0	7.0	0.0	64.0	
3785.4088964696684	13.45455752833474	30269.816614229014	0.0	0.0	8.0	1.0	1.0	1.0	7.0	0.0	65.0	
3325.7976855075494	10.38661257634656	26595.994871484054	0.0	0.0	8.0	1.0	1.0	1.0	7.0	0.0	66.0	
2922.0119966197303	8.018220739379307	23368.077752218465	0.0	0.0	8.0	1.0	1.0	1.0	7.0	0.0	67.0	
2567.2663079290764	6.189871329512459	20531.940592103103	0.0	0.0	8.0	1.0	1.0	1.0	7.0	0.0	68.0	
2255.60096315955	4.778424716739906	18040.029280559662	0.0	0.0	8.0	1.0	1.0	1.0	7.0	0.0	69.0	
1981.7814073729114	3.688819158688855	15850.562439824604	0.0	0.0	8.0	1.0	1.0	1.0	7.0	0.0	70.0	
1741.2097732128295	2.8476686082187617	13926.830517094417	0.0	0.0	8.0	1.0	1.0	1.0	7.0	0.0	71.0	
1529.8472915566247	2.198320324942083	12236.580012128054	0.0	0.0	8.0	1.0	1.0	1.0	7.0	0.0	72.0	
1344.1461913838211	1.6970394207845707	10751.472491649783	0.0	0.0	8.0	1.0	1.0	1.0	7.0	0.0	73.0	
1180.989917860223	1.31006333773336	9446.60927954405	0.0	0.0	8.0	1.0	1.0	1.0	7.0	0.0	74.0	
1037.6406523780138	1.0113280214114049	8300.1138910027	0.0	0.0	8.0	1.0	1.0	1.0	7.0	0.0	75.0	
911.6932342727208	0.7807125358292619	7292.765161645935	0.0	0.0	8.0	1.0	1.0	1.0	7.0	0.0	76.0	
801.0347002720714	0.6026839266988832	6407.674918249872	0.0	0.0	8.0	1.0	1.0	1.0	7.0	0.0	77.0	
703.8088611182858	0.4652521423921867	5630.005636803892	0.0	0.0	8.0	1.0	1.0	1.0	7.0	0.0	78.0	
618.3852615403856	0.35916316296901807	4946.722929160117	0.0	0.0	8.0	1.0	1.0	1.0	7.0	0.0	79.0	
543.3310731765295	0.27726889488274903	4346.371316517354	0.0	0.0	8.0	1.0	1.0	1.0	7.0	0.0	80.0	
4.291302762731265e7	2.252545382921968e8	1.1804968272630428e8	8.0	0.0	0.0	1.0	1.0	1.0	7.0	0.0	0.0	
3.984279921715424e7	2.0050619839518768e8	1.1823619534204625e8	8.0	0.0	0.0	1.0	1.0	1.0	7.0	0.0	1.0	
3.637781991092406e7	1.7518905201250732e8	1.1583350727488515e8	8.0	0.0	0.0	1.0	1.0	1.0	7.0	0.0	2.0	
2.956001269239589e7	1.347077791736402e8	1.0177232236552688e8	7.0	1.0	0.0	1.0	1.0	1.0	7.0	0.0	3.0	
2.3856407192699213e7	1.024211306174606e8	8.843012692413306e7	7.0	1.0	0.0	1.0	1.0	1.0	7.0	0.0	4.0	
1.938123013178129e7	7.811812508982371e7	7.693171596442662e7	7.0	1.0	0.0	1.0	1.0	1.0	7.0	0.0	5.0	
1.5841723985565543e7	5.973156549518178e7	6.700222638934259e7	0.0	8.0	0.0	1.0	1.0	1.0	7.0	0.0	6.0	
1.3021947565088663e7	4.576379567932935e7	5.841178484137996e7	0.0	8.0	0.0	1.0	1.0	1.0	7.0	0.0	7.0	
1.076064833167234e7	3.5117726624063894e7	5.096746002931484e7	0.0	8.0	0.0	1.0	1.0	1.0	7.0	0.0	8.0	
8.936080142941952e6	2.6981950752132103e7	4.450669039140352e7	0.0	8.0	0.0	1.0	1.0	1.0	7.0	0.0	9.0	
7.45543193931911e6	2.0751463421106637e7	3.889199209344623e7	0.0	8.0	0.0	1.0	1.0	1.0	7.0	0.0	10.0	
6.247348619408551e6	1.5972103544087e7	3.400668541118142e7	0.0	8.0	0.0	1.0	1.0	1.0	7.0	0.0	11.0	
5.256559003869406e6	1.2301046038083687e7	2.9751425992871556e7	0.0	8.0	0.0	1.0	1.0	1.0	7.0	0.0	12.0	
4.439964306395078e6	9.47833748532844e6	2.604137696583218e7	0.0	7.0	1.0	1.0	1.0	1.0	7.0	0.0	13.0	
3.7637539869207647e6	7.306141964943463e6	2.2803889930422664e7	0.0	7.0	1.0	1.0	1.0	1.0	7.0	0.0	14.0	
3.2012566167110084e6	5.63345649511261e6	1.997659643857546e7	0.0	7.0	1.0	1.0	1.0	1.0	7.0	0.0	15.0	
2.731322922668995e6	4.344754436696652e6	1.7505828944655307e7	0.0	7.0	1.0	1.0	1.0	1.0	7.0	0.0	16.0	
2.3370992945981976e6	3.3514858823518055e6	1.534530847443378e7	0.0	7.0	1.0	1.0	1.0	1.0	7.0	0.0	17.0	
2.0050910332572176e6	2.5856780510834414e6	1.34550502149743e7	0.0	7.0	1.0	1.0	1.0	1.0	7.0	0.0	18.0	
1.7244424336954872e6	1.9950925858725123e6	1.1800446883691385e7	0.0	7.0	1.0	1.0	1.0	1.0	7.0	0.0	19.0	
1.486380450008189e6	1.5395461210183974e6	1.0351497479047116e7	0.0	7.0	1.0	1.0	1.0	1.0	7.0	0.0	20.0	
1.2837828353550693e6	1.1881058099705589e6	9.082156872869994e6	0.0	7.0	1.0	1.0	1.0	1.0	7.0	0.0	21.0	
1.1108413592110951e6	916946.0334100464	7.969784840278715e6	0.0	7.0	1.0	1.0	1.0	1.0	7.0	0.0	22.0	
962798.1091874299	707707.0414705839	6.994677832028856e6	0.0	7.0	1.0	1.0	1.0	1.0	7.0	0.0	23.0	
835738.2648975616	546235.9304348092	6.139670188745684e6	0.0	0.0	8.0	1.0	1.0	1.0	7.0	0.0	24.0	
726426.589049822	421619.5930003293	5.389793119398247e6	0.0	0.0	8.0	1.0	1.0	1.0	7.0	0.0	25.0	
632177.9738333966	325441.1839357181	4.731982606731456e6	0.0	0.0	8.0	1.0	1.0	1.0	7.0	0.0	26.0	
550754.551779449	251207.960788015	4.1548284534475757e6	0.0	0.0	8.0	1.0	1.0	1.0	7.0	0.0	27.0	
480283.6171612561	193910.71617946593	3.6483582211105833e6	0.0	0.0	8.0	1.0	1.0	1.0	7.0	0.0	28.0	
419191.90723084647	149684.36434340704	3.203850893503365e6	0.0	0.0	8.0	1.0	1.0	1.0	7.0	0.0	29.0	
366152.7606789342	115546.34821685782	2.8136757372146165e6	0.0	0.0	8.0	1.0	1.0	1.0	7.0	0.0	30.0	
320043.4797514915	89194.96092713586	2.471152877084796e6	0.0	0.0	8.0	1.0	1.0	1.0	7.0	0.0	31.0	
279910.76865863	68853.81861429125	2.1704323306547487e6	0.0	0.0	8.0	1.0	1.0	1.0	7.0	0.0	32.0	
244942.61182264079	53151.90004411403	1.9063889945370122e6	0.0	0.0	8.0	1.0	1.0	1.0	7.0	0.0	33.0	
214445.29309208854	41031.00406451239	1.674531340672196e6	0.0	0.0	8.0	1.0	1.0	1.0	7.0	0.0	34.0	
187824.53494388683	31674.349152086776	1.4709219303990079e6	0.0	0.0	8.0	1.0	1.0	1.0	7.0	0.0	35.0	
164569.9551171873	24451.479391064106	1.2921081615464343e6	0.0	0.0	8.0	1.0	1.0	1.0	7.0	0.0	36.0	
144242.20216231438	18875.749260258443	1.1350618680382567e6	0.0	0.0	8.0	1.0	1.0	1.0	7.0	0.0	37.0	
126462.26428721534	14571.513130883131	997126.6011668394	0.0	0.0	8.0	1.0	1.0	1.0	7.0	0.0	38.0	
110902.54712021847	11248.802855882945	875971.5741058649	0.0	0.0	8.0	1.0	1.0	1.0	7.0	0.0	39.0	
97279.39937577827	8683.783664894941	769551.4113413314	0.0	0.0	8.0	1.0	1.0	1.0	7.0	0.0	40.0	
85346.8268223739	6703.669268256773	676070.9453107344	0.0	0.0	8.0	1.0	1.0	1.0	7.0	0.0	41.0	
74891.18571418698	5175.078407552712	593954.4073059433	0.0	0.0	8.0	1.0	1.0	1.0	7.0	0.0	42.0	
65726.6886150616	3995.047519253579	521818.46140123904	0.0	0.0	8.0	1.0	1.0	1.0	7.0	0.0	43.0	
57691.58476179839	3084.0934489020187	458448.58464548516	0.0	0.0	8.0	1.0	1.0	1.0	7.0	0.0	44.0	
50644.90385757247	2380.8585051375744	402778.37235544214	0.0	0.0	8.0	1.0	1.0	1.0	7.0	0.0	45.0	
44463.67239053264	1837.9768757631446	353871.402248498	0.0	0.0	8.0	1.0	1.0	1.0	7.0	0.0	46.0	
39040.527374154604	1418.8837981507638	310905.335195086	0.0	0.0	8.0	1.0	1.0	1.0	7.0	0.0	47.0	
34281.665642497406	1095.352443428671	273157.9726965506	0.0	0.0	8.0	1.0	1.0	1.0	7.0	0.0	48.0	
30105.077567717275	845.592532848521	239995.02800888964	0.0	0.0	8.0	1.0	1.0	1.0	7.0	0.0	49.0	
26439.02267493806	652.7825682000756	210859.39883130434	0.0	0.0	8.0	1.0	1.0	1.0	7.0	0.0	50.0	
23220.711387882224	503.93678246456216	185261.7543205932	0.0	0.0	8.0	1.0	1.0	1.0	7.0	0.0	51.0	
20395.163146074676	389.0304742126613	162772.27469438472	0.0	0.0	8.0	1.0	1.0	1.0	7.0	0.0	52.0	
17914.215755104415	300.3247993534107	143013.40124148194	0.0	0.0	8.0	1.0	1.0	1.0	7.0	0.0	53.0	
15735.664744271122	231.8455347685862	125653.47241940041	0.0	0.0	8.0	1.0	1.0	1.0	7.0	0.0	54.0	
13822.514709419032	178.9807008783456	110401.13697447392	0.0	0.0	8.0	1.0	1.0	1.0	7.0	0.0	55.0	
12142.327323406857	138.16993813752646	97000.44864911734	0.0	0.0	8.0	1.0	1.0	1.0	7.0	0.0	56.0	
10666.653005637092	106.66471484003277	85226.5593302567	0.0	0.0	8.0	1.0	1.0	1.0	7.0	0.0	57.0	
9370.535025366325	82.34321330056106	74881.93698963003	0.0	0.0	8.0	1.0	1.0	1.0	7.0	0.0	58.0	
8232.076476230166	63.56742691896282	65793.04438292237	0.0	0.0	8.0	1.0	1.0	1.0	7.0	0.0	59.0	
7232.061877568701	49.07284201459785	57807.42217853502	0.0	0.0	8.0	1.0	1.0	1.0	7.0	0.0	60.0	
6353.626306477159	37.88327483790545	50791.12717697935	0.0	0.0	8.0	1.0	1.0	1.0	7.0	0.0	61.0	
5581.965919426172	29.245127273151493	44626.48222813623	0.0	0.0	8.0	1.0	1.0	1.0	7.0	0.0	62.0	
4904.084563549709	22.57663361558796	39210.099874782085	0.0	0.0	8.0	1.0	1.0	1.0	7.0	0.0	63.0	
4308.571877920751	17.42867997586768	34451.14634339014	0.0	0.0	8.0	1.0	1.0	1.0	7.0	0.0	64.0	
3785.4088964696684	13.45455752833474	30269.816614229014	0.0	0.0	8.0	1.0	1.0	1.0	7.0	0.0	65.0	
3325.7976855075503	10.38661257634656	26595.994871484054	0.0	0.0	8.0	1.0	1.0	1.0	7.0	0.0	66.0	
2922.0119966197303	8.018220739379307	23368.077752218465	0.0	0.0	8.0	1.0	1.0	1.0	7.0	0.0	67.0	
2567.2663079290764	6.18987132951246	20531.940592103103	0.0	0.0	8.0	1.0	1.0	1.0	7.0	0.0	68.0	
2255.60096315955	4.778424716739906	18040.029280559662	0.0	0.0	8.0	1.0	1.0	1.0	7.0	0.0	69.0	
1981.7814073729114	3.6888191586888546	15850.562439824604	0.0	0.0	8.0	1.0	1.0	1.0	7.0	0.0	70.0	
1741.2097732128295	2.8476686082187617	13926.830517094417	0.0	0.0	8.0	1.0	1.0	1.0	7.0	0.0	71.0	
1529.8472915566247	2.198320324942083	12236.580012128054	0.0	0.0	8.0	1.0	1.0	1.0	7.0	0.0	72.0	
1344.146191383821	1.6970394207845707	10751.472491649783	0.0	0.0	8.0	1.0	1.0	1.0	7.0	0.0	73.0	
1180.989917860223	1.31006333773336	9446.60927954405	0.0	0.0	8.0	1.0	1.0	1.0	7.0	0.0	74.0	
1037.6406523780138	1.0113280214114049	8300.1138910027	0.0	0.0	8.0	1.0	1.0	1.0	7.0	0.0	75.0	
911.6932342727207	0.7807125358292619	7292.765161645935	0.0	0.0	8.0	1.0	1.0	1.0	7.0	0.0	76.0	
801.0347002720714	0.602683926698883	6407.674918249872	0.0	0.0	8.0	1.0	1.0	1.0	7.0	0.0	77.0	
703.8088611182857	0.4652521423921867	5630.005636803892	0.0	0.0	8.0	1.0	1.0	1.0	7.0	0.0	78.0	
618.3852615403856	0.35916316296901807	4946.722929160116	0.0	0.0	8.0	1.0	1.0	1.0	7.0	0.0	79.0	
543.3310731765296	0.27726889488274903	4346.371316517354	0.0	0.0	8.0	1.0	1.0	1.0	7.0	0.0	80.0	
4.291302762731265e7	2.252545382921968e8	1.1804968272630428e8	8.0	0.0	0.0	1.0	1.0	1.0	7.0	0.0	0.0	
3.984279921715425e7	2.0050619839518768e8	1.1823619534204625e8	8.0	0.0	0.0	1.0	1.0	1.0	7.0	0.0	1.0	
3.637781991092406e7	1.7518905201250732e8	1.1583350727488515e8	8.0	0.0	0.0	1.0	1.0	1.0	7.0	0.0	2.0	
2.9560012692395885e7	1.347077791736402e8	1.0177232236552688e8	7.0	1.0	0.0	1.0	1.0	1.0	7.0	0.0	3.0	
2.3856407192699213e7	1.024211306174606e8	8.843012692413306e7	7.0	1.0	0.0	1.0	1.0	1.0	7.0	0.0	4.0	
1.938123013178129e7	7.811812508982371e7	7.693171596442664e7	7.0	1.0	0.0	1.0	1.0	1.0	7.0	0.0	5.0	
1.5841723985565543e7	5.973156549518177e7	6.700222638934259e7	0.0	8.0	0.0	1.0	1.0	1.0	7.0	0.0	6.0	
1.3021947565088663e7	4.576379567932934e7	5.841178484137997e7	0.0	8.0	0.0	1.0	1.0	1.0	7.0	0.0	7.0	
1.076064833167234e7	3.5117726624063894e7	5.096746002931484e7	0.0	8.0	0.0	1.0	1.0	1.0	7.0	0.0	8.0	
8.936080142941952e6	2.6981950752132103e7	4.450669039140352e7	0.0	8.0	0.0	1.0	1.0	1.0	7.0	0.0	9.0	
7.45543193931911e6	2.0751463421106637e7	3.889199209344623e7	0.0	8.0	0.0	1.0	1.0	1.0	7.0	0.0	10.0	
6.247348619408551e6	1.5972103544087e7	3.400668541118142e7	0.0	8.0	0.0	1.0	1.0	1.0	7.0	0.0	11.0	
5.256559003869406e6	1.2301046038083686e7	2.9751425992871553e7	0.0	8.0	0.0	1.0	1.0	1.0	7.0	0.0	12.0	
4.439964306395078e6	9.47833748532844e6	2.604137696583218e7	0.0	7.0	1.0	1.0	1.0	1.0	7.0	0.0	13.0	
3.763753986920765e6	7.306141964943463e6	2.280388993042266e7	0.0	7.0	1.0	1.0	1.0	1.0	7.0	0.0	14.0	
3.201256616711009e6	5.63345649511261e6	1.9976596438575465e7	0.0	7.0	1.0	1.0	1.0	1.0	7.0	0.0	15.0	
2.7313229226689953e6	4.344754436696652e6	1.7505828944655307e7	0.0	7.0	1.0	1.0	1.0	1.0	7.0	0.0	16.0	
2.3370992945981976e6	3.351485882351806e6	1.534530847443378e7	0.0	7.0	1.0	1.0	1.0	1.0	7.0	0.0	17.0	
2.0050910332572176e6	2.5856780510834414e6	1.3455050214974301e7	0.0	7.0	1.0	1.0	1.0	1.0	7.0	0.0	18.0	
1.7244424336954872e6	1.9950925858725125e6	1.1800446883691385e7	0.0	7.0	1.0	1.0	1.0	1.0	7.0	0.0	19.0	
1.486380450008189e6	1.5395461210183972e6	1.0351497479047116e7	0.0	7.0	1.0	1.0	1.0	1.0	7.0	0.0	20.0	
1.2837828353550693e6	1.1881058099705589e6	9.082156872869994e6	0.0	7.0	1.0	1.0	1.0	1.0	7.0	0.0	21.0	
1.110841359211095e6	916946.0334100465	7.969784840278715e6	0.0	7.0	1.0	1.0	1.0	1.0	7.0	0.0	22.0	
962798.1091874299	707707.0414705839	6.9946778320288565e6	0.0	7.0	1.0	1.0	1.0	1.0	7.0	0.0	23.0	
835738.2648975616	546235.9304348092	6.139670188745684e6	0.0	0.0	8.0	1.0	1.0	1.0	7.0	0.0	24.0	
726426.589049822	421619.5930003293	5.389793119398247e6	0.0	0.0	8.0	1.0	1.0	1.0	7.0	0.0	25.0	
632177.9738333966	325441.183935718	4.731982606731455e6	0.0	0.0	8.0	1.0	1.0	1.0	7.0	0.0	26.0	
550754.551779449	251207.960788015	4.1548284534475766e6	0.0	0.0	8.0	1.0	1.0	1.0	7.0	0.0	27.0	
480283.6171612561	193910.71617946593	3.648358221110583e6	0.0	0.0	8.0	1.0	1.0	1.0	7.0	0.0	28.0	
419191.90723084647	149684.36434340704	3.203850893503365e6	0.0	0.0	8.0	1.0	1.0	1.0	7.0	0.0	29.0	
366152.7606789342	115546.34821685783	2.8136757372146165e6	0.0	0.0	8.0	1.0	1.0	1.0	7.0	0.0	30.0	
320043.47975149145	89194.96092713586	2.471152877084796e6	0.0	0.0	8.0	1.0	1.0	1.0	7.0	0.0	31.0	
279910.76865863	68853.81861429125	2.1704323306547487e6	0.0	0.0	8.0	1.0	1.0	1.0	7.0	0.0	32.0	
244942.61182264079	53151.90004411404	1.9063889945370122e6	0.0	0.0	8.0	1.0	1.0	1.0	7.0	0.0	33.0	
214445.29309208854	41031.00406451239	1.674531340672196e6	0.0	0.0	8.0	1.0	1.0	1.0	7.0	0.0	34.0	
187824.53494388683	31674.349152086776	1.4709219303990079e6	0.0	0.0	8.0	1.0	1.0	1.0	7.0	0.0	35.0	
164569.9551171873	24451.479391064106	1.2921081615464343e6	0.0	0.0	8.0	1.0	1.0	1.0	7.0	0.0	36.0	
144242.20216231438	18875.749260258443	1.1350618680382567e6	0.0	0.0	8.0	1.0	1.0	1.0	7.0	0.0	37.0	
126462.26428721534	14571.513130883133	997126.6011668394	0.0	0.0	8.0	1.0	1.0	1.0	7.0	0.0	38.0	
110902.54712021847	11248.802855882945	875971.5741058649	0.0	0.0	8.0	1.0	1.0	1.0	7.0	0.0	39.0	
97279.39937577827	8683.783664894941	769551.4113413314	0.0	0.0	8.0	1.0	1.0	1.0	7.0	0.0	40.0	
85346.82682237389	6703.669268256773	676070.9453107344	0.0	0.0	8.0	1.0	1.0	1.0	7.0	0.0	41.0	
74891.18571418698	5175.078407552712	593954.4073059433	0.0	0.0	8.0	1.0	1.0	1.0	7.0	0.0	42.0	
65726.6886150616	3995.047519253579	521818.46140123904	0.0	0.0	8.0	1.0	1.0	1.0	7.0	0.0	43.0	
57691.584761798396	3084.0934489020187	458448.58464548516	0.0	0.0	8.0	1.0	1.0	1.0	7.0	0.0	44.0	
50644.90385757247	2380.8585051375744	402778.37235544214	0.0	0.0	8.0	1.0	1.0	1.0	7.0	0.0	45.0	
44463.67239053264	1837.9768757631446	353871.40224849794	0.0	0.0	8.0	1.0	1.0	1.0	7.0	0.0	46.0	
39040.527374154604	1418.8837981507636	310905.3351950861	0.0	0.0	8.0	1.0	1.0	1.0	7.0	0.0	47.0	
34281.665642497406	1095.352443428671	273157.9726965506	0.0	0.0	8.0	1.0	1.0	1.0	7.0	0.0	48.0	
30105.077567717275	845.592532848521	239995.02800888964	0.0	0.0	8.0	1.0	1.0	1.0	7.0	0.0	49.0	
26439.022674938056	652.7825682000757	210859.39883130437	0.0	0.0	8.0	1.0	1.0	1.0	7.0	0.0	50.0	
23220.711387882224	503.93678246456216	185261.7543205932	0.0	0.0	8.0	1.0	1.0	1.0	7.0	0.0	51.0	
20395.163146074676	389.03047421266126	162772.27469438472	0.0	0.0	8.0	1.0	1.0	1.0	7.0	0.0	52.0	
17914.215755104415	300.3247993534107	143013.40124148194	0.0	0.0	8.0	1.0	1.0	1.0	7.0	0.0	53.0	
15735.664744271122	231.8455347685862	125653.47241940041	0.0	0.0	8.0	1.0	1.0	1.0	7.0	0.0	54.0	
13822.514709419032	178.9807008783456	110401.13697447392	0.0	0.0	8.0	1.0	1.0	1.0	7.0	0.0	55.0	
12142.327323406857	138.16993813752643	97000.44864911734	0.0	0.0	8.0	1.0	1.0	1.0	7.0	0.0	56.0	
10666.65300563709	106.66471484003277	85226.5593302567	0.0	0.0	8.0	1.0	1.0	1.0	7.0	0.0	57.0	
9370.535025366325	82.34321330056106	74881.93698963003	0.0	0.0	8.0	1.0	1.0	1.0	7.0	0.0	58.0	
8232.076476230166	63.56742691896282	65793.04438292237	0.0	0.0	8.0	1.0	1.0	1.0	7.0	0.0	59.0	
7232.061877568701	49.07284201459785	57807.42217853502	0.0	0.0	8.0	1.0	1.0	1.0	7.0	0.0	60.0	
6353.626306477159	37.88327483790545	50791.12717697935	0.0	0.0	8.0	1.0	1.0	1.0	7.0	0.0	61.0	
5581.965919426172	29.24512727315149	44626.482228136236	0.0	0.0	8.0	1.0	1.0	1.0	7.0	0.0	62.0	
4904.084563549709	22.57663361558796	39210.099874782085	0.0	0.0	8.0	1.0	1.0	1.0	7.0	0.0	63.0	
4308.571877920752	17.42867997586768	34451.14634339014	0.0	0.0	8.0	1.0	1.0	1.0	7.0	0.0	64.0	
3785.4088964696684	13.45455752833474	30269.816614229014	0.0	0.0	8.0	1.0	1.0	1.0	7.0	0.0	65.0	
3325.7976855075503	10.38661257634656	26595.994871484054	0.0	0.0	8.0	1.0	1.0	1.0	7.0	0.0	66.0	
2922.0119966197303	8.018220739379307	23368.077752218465	0.0	0.0	8.0	1.0	1.0	1.0	7.0	0.0	67.0	
2567.2663079290764	6.189871329512459	20531.940592103103	0.0	0.0	8.0	1.0	1.0	1.0	7.0	0.0	68.0	
2255.60096315955	4.778424716739906	18040.029280559662	0.0	0.0	8.0	1.0	1.0	1.0	7.0	0.0	69.0	
1981.7814073729114	3.688819158688855	15850.562439824604	0.0	0.0	8.0	1.0	1.0	1.0	7.0	0.0	70.0	
1741.2097732128295	2.8476686082187617	13926.830517094417	0.0	0.0	8.0	1.0	1.0	1.0	7.0	0.0	71.0	
1529.8472915566247	2.198320324942083	12236.580012128054	0.0	0.0	8.0	1.0	1.0	1.0	7.0	0.0	72.0	
1344.1461913838211	1.6970394207845707	10751.472491649783	0.0	0.0	8.0	1.0	1.0	1.0	7.0	0.0	73.0	
1180.989917860223	1.31006333773336	9446.60927954405	0.0	0.0	8.0	1.0	1.0	1.0	7.0	0.0	74.0	
1037.6406523780138	1.0113280214114049	8300.1138910027	0.0	0.0	8.0	1.0	1.0	1.0	7.0	0.0	75.0	
911.6932342727208	0.7807125358292619	7292.765161645935	0.0	0.0	8.0	1.0	1.0	1.0	7.0	0.0	76.0	
801.0347002720714	0.602683926698883	6407.674918249872	0.0	0.0	8.0	1.0	1.0	1.0	7.0	0.0	77.0	
703.8088611182857	0.4652521423921867	5630.005636803892	0.0	0.0	8.0	1.0	1.0	1.0	7.0	0.0	78.0	
618.3852615403856	0.35916316296901807	4946.722929160117	0.0	0.0	8.0	1.0	1.0	1.0	7.0	0.0	79.0	
543.3310731765295	0.27726889488274903	4346.371316517354	0.0	0.0	8.0	1.0	1.0	1.0	7.0	0.0	80.0	
4.291302762731265e7	2.252545382921968e8	1.1804968272630428e8	8.0	0.0	0.0	1.0	1.0	1.0	7.0	0.0	0.0	
3.984279921715425e7	2.0050619839518768e8	1.1823619534204625e8	8.0	0.0	0.0	1.0	1.0	1.0	7.0	0.0	1.0	
3.637781991092406e7	1.7518905201250732e8	1.1583350727488515e8	8.0	0.0	0.0	1.0	1.0	1.0	7.0	0.0	2.0	
2.9560012692395885e7	1.347077791736402e8	1.0177232236552688e8	7.0	1.0	0.0	1.0	1.0	1.0	7.0	0.0	3.0	
2.3856407192699213e7	1.024211306174606e8	8.843012692413306e7	7.0	1.0	0.0	1.0	1.0	1.0	7.0	0.0	4.0	
1.938123013178129e7	7.811812508982371e7	7.693171596442662e7	7.0	1.0	0.0	1.0	1.0	1.0	7.0	0.0	5.0	
1.5841723985565543e7	5.973156549518178e7	6.700222638934259e7	0.0	8.0	0.0	1.0	1.0	1.0	7.0	0.0	6.0	
1.3021947565088663e7	4.576379567932934e7	5.841178484137996e7	0.0	8.0	0.0	1.0	1.0	1.0	7.0	0.0	7.0	
1.076064833167234e7	3.5117726624063894e7	5.096746002931484e7	0.0	8.0	0.0	1.0	1.0	1.0	7.0	0.0	8.0	
8.936080142941952e6	2.6981950752132103e7	4.450669039140351e7	0.0	8.0	0.0	1.0	1.0	1.0	7.0	0.0	9.0	
7.45543193931911e6	2.0751463421106637e7	3.889199209344623e7	0.0	8.0	0.0	1.0	1.0	1.0	7.0	0.0	10.0	
6.247348619408551e6	1.5972103544086998e7	3.400668541118142e7	0.0	8.0	0.0	1.0	1.0	1.0	7.0	0.0	11.0	
5.256559003869406e6	1.2301046038083686e7	2.9751425992871556e7	0.0	8.0	0.0	1.0	1.0	1.0	7.0	0.0	12.0	
4.439964306395078e6	9.478337485328438e6	2.604137696583218e7	0.0	7.0	1.0	1.0	1.0	1.0	7.0	0.0	13.0	
3.7637539869207647e6	7.306141964943463e6	2.2803889930422664e7	0.0	7.0	1.0	1.0	1.0	1.0	7.0	0.0	14.0	
3.2012566167110084e6	5.63345649511261e6	1.9976596438575465e7	0.0	7.0	1.0	1.0	1.0	1.0	7.0	0.0	15.0	
2.7313229226689953e6	4.344754436696652e6	1.7505828944655307e7	0.0	7.0	1.0	1.0	1.0	1.0	7.0	0.0	16.0	
2.3370992945981976e6	3.351485882351806e6	1.534530847443378e7	0.0	7.0	1.0	1.0	1.0	1.0	7.0	0.0	17.0	
2.0050910332572176e6	2.5856780510834414e6	1.3455050214974301e7	0.0	7.0	1.0	1.0	1.0	1.0	7.0	0.0	18.0	
1.7244424336954872e6	1.9950925858725123e6	1.1800446883691385e7	0.0	7.0	1.0	1.0	1.0	1.0	7.0	0.0	19.0	
1.486380450008189e6	1.5395461210183974e6	1.0351497479047116e7	0.0	7.0	1.0	1.0	1.0	1.0	7.0	0.0	20.0	
1.2837828353550693e6	1.1881058099705589e6	9.082156872869994e6	0.0	7.0	1.0	1.0	1.0	1.0	7.0	0.0	21.0	
1.110841359211095e6	916946.0334100465	7.969784840278715e6	0.0	7.0	1.0	1.0	1.0	1.0	7.0	0.0	22.0	
962798.1091874299	707707.0414705839	6.994677832028856e6	0.0	7.0	1.0	1.0	1.0	1.0	7.0	0.0	23.0	
835738.2648975616	546235.9304348091	6.139670188745684e6	0.0	0.0	8.0	1.0	1.0	1.0	7.0	0.0	24.0	
726426.589049822	421619.5930003293	5.389793119398248e6	0.0	0.0	8.0	1.0	1.0	1.0	7.0	0.0	25.0	
632177.9738333966	325441.183935718	4.731982606731455e6	0.0	0.0	8.0	1.0	1.0	1.0	7.0	0.0	26.0	
550754.551779449	251207.960788015	4.1548284534475766e6	0.0	0.0	8.0	1.0	1.0	1.0	7.0	0.0	27.0	
480283.6171612561	193910.71617946593	3.6483582211105833e6	0.0	0.0	8.0	1.0	1.0	1.0	7.0	0.0	28.0	
419191.90723084647	149684.36434340704	3.2038508935033646e6	0.0	0.0	8.0	1.0	1.0	1.0	7.0	0.0	29.0	
366152.7606789342	115546.34821685783	2.8136757372146165e6	0.0	0.0	8.0	1.0	1.0	1.0	7.0	0.0	30.0	
320043.47975149145	89194.96092713586	2.471152877084796e6	0.0	0.0	8.0	1.0	1.0	1.0	7.0	0.0	31.0	
279910.76865863	68853.81861429125	2.1704323306547487e6	0.0	0.0	8.0	1.0	1.0	1.0	7.0	0.0	32.0	
244942.61182264079	53151.90004411403	1.9063889945370122e6	0.0	0.0	8.0	1.0	1.0	1.0	7.0	0.0	33.0	
214445.29309208854	41031.00406451239	1.674531340672196e6	0.0	0.0	8.0	1.0	1.0	1.0	7.0	0.0	34.0	
187824.53494388683	31674.349152086776	1.4709219303990079e6	0.0	0.0	8.0	1.0	1.0	1.0	7.0	0.0	35.0	
164569.9551171873	24451.479391064106	1.2921081615464343e6	0.0	0.0	8.0	1.0	1.0	1.0	7.0	0.0	36.0	
144242.20216231438	18875.74926025844	1.1350618680382567e6	0.0	0.0	8.0	1.0	1.0	1.0	7.0	0.0	37.0	
126462.26428721534	14571.513130883133	997126.6011668394	0.0	0.0	8.0	1.0	1.0	1.0	7.0	0.0	38.0	
110902.54712021849	11248.802855882945	875971.5741058649	0.0	0.0	8.0	1.0	1.0	1.0	7.0	0.0	39.0	
97279.39937577827	8683.783664894941	769551.4113413314	0.0	0.0	8.0	1.0	1.0	1.0	7.0	0.0	40.0	
85346.82682237389	6703.669268256773	676070.9453107344	0.0	0.0	8.0	1.0	1.0	1.0	7.0	0.0	41.0	
74891.18571418698	5175.078407552712	593954.4073059433	0.0	0.0	8.0	1.0	1.0	1.0	7.0	0.0	42.0	
65726.6886150616	3995.047519253579	521818.46140123904	0.0	0.0	8.0	1.0	1.0	1.0	7.0	0.0	43.0	
57691.584761798396	3084.0934489020187	458448.58464548516	0.0	0.0	8.0	1.0	1.0	1.0	7.0	0.0	44.0	
50644.90385757248	2380.8585051375744	402778.37235544214	0.0	0.0	8.0	1.0	1.0	1.0	7.0	0.0	45.0	
44463.672390532636	1837.9768757631446	353871.40224849794	0.0	0.0	8.0	1.0	1.0	1.0	7.0	0.0	46.0	
39040.527374154604	1418.8837981507636	310905.335195086	0.0	0.0	8.0	1.0	1.0	1.0	7.0	0.0	47.0	
34281.665642497406	1095.352443428671	273157.9726965506	0.0	0.0	8.0	1.0	1.0	1.0	7.0	0.0	48.0	
30105.077567717275	845.592532848521	239995.02800888964	0.0	0.0	8.0	1.0	1.0	1.0	7.0	0.0	49.0	
26439.02267493806	652.7825682000756	210859.39883130434	0.0	0.0	8.0	1.0	1.0	1.0	7.0	0.0	50.0	
23220.711387882224	503.93678246456216	185261.7543205932	0.0	0.0	8.0	1.0	1.0	1.0	7.0	0.0	51.0	
20395.163146074676	389.0304742126613	162772.27469438472	0.0	0.0	8.0	1.0	1.0	1.0	7.0	0.0	52.0	
17914.215755104415	300.3247993534107	143013.40124148194	0.0	0.0	8.0	1.0	1.0	1.0	7.0	0.0	53.0	
15735.664744271122	231.8455347685862	125653.47241940041	0.0	0.0	8.0	1.0	1.0	1.0	7.0	0.0	54.0	
13822.514709419034	178.98070087834557	110401.13697447392	0.0	0.0	8.0	1.0	1.0	1.0	7.0	0.0	55.0	
12142.327323406857	138.16993813752646	97000.44864911734	0.0	0.0	8.0	1.0	1.0	1.0	7.0	0.0	56.0	
10666.65300563709	106.66471484003277	85226.5593302567	0.0	0.0	8.0	1.0	1.0	1.0	7.0	0.0	57.0	
9370.535025366325	82.34321330056106	74881.93698963005	0.0	0.0	8.0	1.0	1.0	1.0	7.0	0.0	58.0	
8232.076476230166	63.56742691896282	65793.04438292237	0.0	0.0	8.0	1.0	1.0	1.0	7.0	0.0	59.0	
7232.061877568701	49.07284201459785	57807.42217853502	0.0	0.0	8.0	1.0	1.0	1.0	7.0	0.0	60.0	
6353.626306477159	37.88327483790545	50791.12717697935	0.0	0.0	8.0	1.0	1.0	1.0	7.0	0.0	61.0	
5581.965919426172	29.245127273151493	44626.48222813623	0.0	0.0	8.0	1.0	1.0	1.0	7.0	0.0	62.0	
4904.084563549709	22.57663361558796	39210.099874782085	0.0	0.0	8.0	1.0	1.0	1.0	7.0	0.0	63.0	
4308.571877920752	17.42867997586768	34451.14634339014	0.0	0.0	8.0	1.0	1.0	1.0	7.0	0.0	64.0	
3785.4088964696684	13.45455752833474	30269.816614229014	0.0	0.0	8.0	1.0	1.0	1.0	7.0	0.0	65.0	
3325.7976855075503	10.38661257634656	26595.994871484054	0.0	0.0	8.0	1.0	1.0	1.0	7.0	0.0	66.0	
2922.011996619731	8.018220739379307	23368.07775221847	0.0	0.0	8.0	1.0	1.0	1.0	7.0	0.0	67.0	
2567.2663079290764	6.18987132951246	20531.940592103103	0.0	0.0	8.0	1.0	1.0	1.0	7.0	0.0	68.0	
2255.60096315955	4.778424716739906	18040.029280559662	0.0	0.0	8.0	1.0	1.0	1.0	7.0	0.0	69.0	
1981.7814073729114	3.688819158688855	15850.562439824604	0.0	0.0	8.0	1.0	1.0	1.0	7.0	0.0	70.0	
1741.2097732128295	2.847668608218761	13926.830517094417	0.0	0.0	8.0	1.0	1.0	1.0	7.0	0.0	71.0	
1529.8472915566247	2.198320324942083	12236.580012128054	0.0	0.0	8.0	1.0	1.0	1.0	7.0	0.0	72.0	
1344.1461913838211	1.6970394207845707	10751.472491649783	0.0	0.0	8.0	1.0	1.0	1.0	7.0	0.0	73.0	
1180.989917860223	1.31006333773336	9446.60927954405	0.0	0.0	8.0	1.0	1.0	1.0	7.0	0.0	74.0	
1037.6406523780138	1.0113280214114049	8300.1138910027	0.0	0.0	8.0	1.0	1.0	1.0	7.0	0.0	75.0	
911.6932342727207	0.7807125358292619	7292.765161645935	0.0	0.0	8.0	1.0	1.0	1.0	7.0	0.0	76.0	
801.0347002720714	0.602683926698883	6407.674918249872	0.0	0.0	8.0	1.0	1.0	1.0	7.0	0.0	77.0	
703.8088611182858	0.4652521423921867	5630.005636803892	0.0	0.0	8.0	1.0	1.0	1.0	7.0	0.0	78.0	
618.3852615403856	0.35916316296901807	4946.722929160117	0.0	0.0	8.0	1.0	1.0	1.0	7.0	0.0	79.0	
543.3310731765296	0.27726889488274903	4346.371316517354	0.0	0.0	8.0	1.0	1.0	1.0	7.0	0.0	80.0	
4.291302762731265e7	2.252545382921968e8	1.1804968272630428e8	8.0	0.0	0.0	1.0	1.0	1.0	7.0	0.0	0.0	
3.984279921715424e7	2.005061983951877e8	1.1823619534204625e8	8.0	0.0	0.0	1.0	1.0	1.0	7.0	0.0	1.0	
3.637781991092406e7	1.7518905201250732e8	1.1583350727488515e8	8.0	0.0	0.0	1.0	1.0	1.0	7.0	0.0	2.0	
2.956001269239589e7	1.347077791736402e8	1.0177232236552688e8	7.0	1.0	0.0	1.0	1.0	1.0	7.0	0.0	3.0	
2.3856407192699213e7	1.024211306174606e8	8.843012692413306e7	7.0	1.0	0.0	1.0	1.0	1.0	7.0	0.0	4.0	
1.938123013178129e7	7.811812508982371e7	7.693171596442662e7	7.0	1.0	0.0	1.0	1.0	1.0	7.0	0.0	5.0	
1.5841723985565543e7	5.973156549518177e7	6.700222638934259e7	0.0	8.0	0.0	1.0	1.0	1.0	7.0	0.0	6.0	
1.3021947565088663e7	4.576379567932934e7	5.841178484137997e7	0.0	8.0	0.0	1.0	1.0	1.0	7.0	0.0	7.0	
1.076064833167234e7	3.5117726624063894e7	5.096746002931484e7	0.0	8.0	0.0	1.0	1.0	1.0	7.0	0.0	8.0	
8.936080142941952e6	2.6981950752132103e7	4.450669039140352e7	0.0	8.0	0.0	1.0	1.0	1.0	7.0	0.0	9.0	
7.4554319393191105e6	2.0751463421106637e7	3.8891992093446225e7	0.0	8.0	0.0	1.0	1.0	1.0	7.0	0.0	10.0	
6.247348619408551e6	1.5972103544087e7	3.400668541118142e7	0.0	8.0	0.0	1.0	1.0	1.0	7.0	0.0	11.0	
5.256559003869406e6	1.2301046038083687e7	2.9751425992871556e7	0.0	8.0	0.0	1.0	1.0	1.0	7.0	0.0	12.0	
4.439964306395078e6	9.47833748532844e6	2.604137696583218e7	0.0	7.0	1.0	1.0	1.0	1.0	7.0	0.0	13.0	
3.7637539869207647e6	7.306141964943463e6	2.2803889930422664e7	0.0	7.0	1.0	1.0	1.0	1.0	7.0	0.0	14.0	
3.2012566167110084e6	5.63345649511261e6	1.9976596438575465e7	0.0	7.0	1.0	1.0	1.0	1.0	7.0	0.0	15.0	
2.731322922668995e6	4.344754436696652e6	1.7505828944655307e7	0.0	7.0	1.0	1.0	1.0	1.0	7.0	0.0	16.0	
2.3370992945981976e6	3.351485882351806e6	1.534530847443378e7	0.0	7.0	1.0	1.0	1.0	1.0	7.0	0.0	17.0	
2.0050910332572174e6	2.585678051083441e6	1.34550502149743e7	0.0	7.0	1.0	1.0	1.0	1.0	7.0	0.0	18.0	
1.7244424336954872e6	1.9950925858725125e6	1.1800446883691385e7	0.0	7.0	1.0	1.0	1.0	1.0	7.0	0.0	19.0	
1.486380450008189e6	1.5395461210183972e6	1.0351497479047116e7	0.0	7.0	1.0	1.0	1.0	1.0	7.0	0.0	20.0	
1.2837828353550693e6	1.1881058099705589e6	9.082156872869994e6	0.0	7.0	1.0	1.0	1.0	1.0	7.0	0.0	21.0	
1.110841359211095e6	916946.0334100465	7.969784840278715e6	0.0	7.0	1.0	1.0	1.0	1.0	7.0	0.0	22.0	
962798.1091874299	707707.0414705839	6.994677832028856e6	0.0	7.0	1.0	1.0	1.0	1.0	7.0	0.0	23.0	
835738.2648975616	546235.9304348092	6.139670188745684e6	0.0	0.0	8.0	1.0	1.0	1.0	7.0	0.0	24.0	
726426.589049822	421619.5930003293	5.389793119398248e6	0.0	0.0	8.0	1.0	1.0	1.0	7.0	0.0	25.0	
632177.9738333966	325441.183935718	4.731982606731455e6	0.0	0.0	8.0	1.0	1.0	1.0	7.0	0.0	26.0	
550754.551779449	251207.960788015	4.154828453447576e6	0.0	0.0	8.0	1.0	1.0	1.0	7.0	0.0	27.0	
480283.6171612561	193910.71617946593	3.6483582211105833e6	0.0	0.0	8.0	1.0	1.0	1.0	7.0	0.0	28.0	
419191.90723084647	149684.36434340704	3.203850893503365e6	0.0	0.0	8.0	1.0	1.0	1.0	7.0	0.0	29.0	
366152.7606789342	115546.34821685782	2.8136757372146165e6	0.0	0.0	8.0	1.0	1.0	1.0	7.0	0.0	30.0	
320043.47975149145	89194.96092713586	2.471152877084796e6	0.0	0.0	8.0	1.0	1.0	1.0	7.0	0.0	31.0	
279910.76865863	68853.81861429125	2.1704323306547487e6	0.0	0.0	8.0	1.0	1.0	1.0	7.0	0.0	32.0	
244942.61182264079	53151.90004411404	1.9063889945370122e6	0.0	0.0	8.0	1.0	1.0	1.0	7.0	0.0	33.0	
214445.29309208854	41031.00406451238	1.674531340672196e6	0.0	0.0	8.0	1.0	1.0	1.0	7.0	0.0	34.0	
187824.53494388683	31674.349152086776	1.4709219303990079e6	0.0	0.0	8.0	1.0	1.0	1.0	7.0	0.0	35.0	
164569.9551171873	24451.479391064106	1.2921081615464343e6	0.0	0.0	8.0	1.0	1.0	1.0	7.0	0.0	36.0	
144242.20216231438	18875.74926025844	1.1350618680382567e6	0.0	0.0	8.0	1.0	1.0	1.0	7.0	0.0	37.0	
126462.26428721534	14571.513130883133	997126.6011668394	0.0	0.0	8.0	1.0	1.0	1.0	7.0	0.0	38.0	
110902.54712021847	11248.802855882945	875971.574105865	0.0	0.0	8.0	1.0	1.0	1.0	7.0	0.0	39.0	
97279.39937577827	8683.783664894941	769551.4113413314	0.0	0.0	8.0	1.0	1.0	1.0	7.0	0.0	40.0	
85346.82682237389	6703.669268256773	676070.9453107344	0.0	0.0	8.0	1.0	1.0	1.0	7.0	0.0	41.0	
74891.18571418698	5175.078407552712	593954.4073059433	0.0	0.0	8.0	1.0	1.0	1.0	7.0	0.0	42.0	
65726.6886150616	3995.047519253579	521818.46140123904	0.0	0.0	8.0	1.0	1.0	1.0	7.0	0.0	43.0	
57691.584761798396	3084.0934489020187	458448.58464548516	0.0	0.0	8.0	1.0	1.0	1.0	7.0	0.0	44.0	
50644.90385757248	2380.8585051375744	402778.37235544214	0.0	0.0	8.0	1.0	1.0	1.0	7.0	0.0	45.0	
44463.672390532636	1837.9768757631446	353871.40224849794	0.0	0.0	8.0	1.0	1.0	1.0	7.0	0.0	46.0	
39040.527374154604	1418.8837981507636	310905.3351950861	0.0	0.0	8.0	1.0	1.0	1.0	7.0	0.0	47.0	
34281.665642497406	1095.352443428671	273157.9726965506	0.0	0.0	8.0	1.0	1.0	1.0	7.0	0.0	48.0	
30105.077567717275	845.592532848521	239995.02800888964	0.0	0.0	8.0	1.0	1.0	1.0	7.0	0.0	49.0	
26439.02267493806	652.7825682000756	210859.39883130434	0.0	0.0	8.0	1.0	1.0	1.0	7.0	0.0	50.0	
23220.711387882224	503.93678246456216	185261.7543205932	0.0	0.0	8.0	1.0	1.0	1.0	7.0	0.0	51.0	
20395.163146074676	389.03047421266126	162772.27469438472	0.0	0.0	8.0	1.0	1.0	1.0	7.0	0.0	52.0	
17914.215755104415	300.3247993534107	143013.40124148194	0.0	0.0	8.0	1.0	1.0	1.0	7.0	0.0	53.0	
15735.664744271122	231.8455347685862	125653.47241940041	0.0	0.0	8.0	1.0	1.0	1.0	7.0	0.0	54.0	
13822.514709419032	178.9807008783456	110401.13697447392	0.0	0.0	8.0	1.0	1.0	1.0	7.0	0.0	55.0	
12142.327323406857	138.16993813752643	97000.44864911734	0.0	0.0	8.0	1.0	1.0	1.0	7.0	0.0	56.0	
10666.65300563709	106.66471484003277	85226.5593302567	0.0	0.0	8.0	1.0	1.0	1.0	7.0	0.0	57.0	
9370.535025366325	82.34321330056106	74881.93698963003	0.0	0.0	8.0	1.0	1.0	1.0	7.0	0.0	58.0	
8232.076476230166	63.56742691896282	65793.04438292237	0.0	0.0	8.0	1.0	1.0	1.0	7.0	0.0	59.0	
7232.061877568701	49.072842014597846	57807.42217853502	0.0	0.0	8.0	1.0	1.0	1.0	7.0	0.0	60.0	
6353.626306477159	37.88327483790545	50791.12717697935	0.0	0.0	8.0	1.0	1.0	1.0	7.0	0.0	61.0	
5581.965919426172	29.245127273151493	44626.48222813623	0.0	0.0	8.0	1.0	1.0	1.0	7.0	0.0	62.0	
4904.084563549709	22.57663361558796	39210.099874782085	0.0	0.0	8.0	1.0	1.0	1.0	7.0	0.0	63.0	
4308.571877920752	17.42867997586768	34451.14634339014	0.0	0.0	8.0	1.0	1.0	1.0	7.0	0.0	64.0	
3785.4088964696684	13.45455752833474	30269.816614229014	0.0	0.0	8.0	1.0	1.0	1.0	7.0	0.0	65.0	
3325.7976855075503	10.38661257634656	26595.994871484054	0.0	0.0	8.0	1.0	1.0	1.0	7.0	0.0	66.0	
2922.011996619731	8.018220739379307	23368.07775221847	0.0	0.0	8.0	1.0	1.0	1.0	7.0	0.0	67.0	
2567.2663079290764	6.18987132951246	20531.940592103103	0.0	0.0	8.0	1.0	1.0	1.0	7.0	0.0	68.0	
2255.60096315955	4.778424716739906	18040.029280559662	0.0	0.0	8.0	1.0	1.0	1.0	7.0	0.0	69.0	
1981.7814073729116	3.6888191586888546	15850.562439824604	0.0	0.0	8.0	1.0	1.0	1.0	7.0	0.0	70.0	
1741.2097732128295	2.8476686082187617	13926.830517094417	0.0	0.0	8.0	1.0	1.0	1.0	7.0	0.0	71.0	
1529.8472915566244	2.198320324942083	12236.580012128054	0.0	0.0	8.0	1.0	1.0	1.0	7.0	0.0	72.0	
1344.146191383821	1.6970394207845707	10751.472491649783	0.0	0.0	8.0	1.0	1.0	1.0	7.0	0.0	73.0	
1180.989917860223	1.31006333773336	9446.60927954405	0.0	0.0	8.0	1.0	1.0	1.0	7.0	0.0	74.0	
1037.6406523780138	1.0113280214114049	8300.1138910027	0.0	0.0	8.0	1.0	1.0	1.0	7.0	0.0	75.0	
911.6932342727208	0.7807125358292619	7292.765161645935	0.0	0.0	8.0	1.0	1.0	1.0	7.0	0.0	76.0	
801.0347002720715	0.602683926698883	6407.6749182498725	0.0	0.0	8.0	1.0	1.0	1.0	7.0	0.0	77.0	
703.8088611182858	0.4652521423921867	5630.005636803892	0.0	0.0	8.0	1.0	1.0	1.0	7.0	0.0	78.0	
618.3852615403856	0.35916316296901807	4946.722929160117	0.0	0.0	8.0	1.0	1.0	1.0	7.0	0.0	79.0	
543.3310731765295	0.27726889488274903	4346.371316517354	0.0	0.0	8.0	1.0	1.0	1.0	7.0	0.0	80.0	
4.291302762731265e7	2.252545382921968e8	1.1804968272630428e8	8.0	0.0	0.0	1.0	1.0	1.0	7.0	0.0	0.0	
3.984279921715424e7	2.0050619839518768e8	1.1823619534204623e8	8.0	0.0	0.0	1.0	1.0	1.0	7.0	0.0	1.0	
3.637781991092406e7	1.7518905201250732e8	1.1583350727488516e8	8.0	0.0	0.0	1.0	1.0	1.0	7.0	0.0	2.0	
2.9560012692395885e7	1.347077791736402e8	1.0177232236552688e8	7.0	1.0	0.0	1.0	1.0	1.0	7.0	0.0	3.0	
2.3856407192699213e7	1.024211306174606e8	8.843012692413306e7	7.0	1.0	0.0	1.0	1.0	1.0	7.0	0.0	4.0	
1.938123013178129e7	7.811812508982371e7	7.693171596442664e7	7.0	1.0	0.0	1.0	1.0	1.0	7.0	0.0	5.0	
1.5841723985565543e7	5.973156549518177e7	6.700222638934259e7	0.0	8.0	0.0	1.0	1.0	1.0	7.0	0.0	6.0	
1.3021947565088663e7	4.576379567932934e7	5.841178484137997e7	0.0	8.0	0.0	1.0	1.0	1.0	7.0	0.0	7.0	
1.076064833167234e7	3.5117726624063894e7	5.096746002931484e7	0.0	8.0	0.0	1.0	1.0	1.0	7.0	0.0	8.0	
8.936080142941952e6	2.6981950752132103e7	4.450669039140352e7	0.0	8.0	0.0	1.0	1.0	1.0	7.0	0.0	9.0	
7.45543193931911e6	2.0751463421106637e7	3.889199209344623e7	0.0	8.0	0.0	1.0	1.0	1.0	7.0	0.0	10.0	
6.247348619408551e6	1.5972103544087e7	3.400668541118142e7	0.0	8.0	0.0	1.0	1.0	1.0	7.0	0.0	11.0	
5.256559003869406e6	1.2301046038083686e7	2.9751425992871553e7	0.0	8.0	0.0	1.0	1.0	1.0	7.0	0.0	12.0	
4.439964306395078e6	9.47833748532844e6	2.604137696583218e7	0.0	7.0	1.0	1.0	1.0	1.0	7.0	0.0	13.0	
3.763753986920765e6	7.306141964943463e6	2.280388993042266e7	0.0	7.0	1.0	1.0	1.0	1.0	7.0	0.0	14.0	
3.201256616711009e6	5.63345649511261e6	1.9976596438575465e7	0.0	7.0	1.0	1.0	1.0	1.0	7.0	0.0	15.0	
2.731322922668995e6	4.344754436696652e6	1.7505828944655307e7	0.0	7.0	1.0	1.0	1.0	1.0	7.0	0.0	16.0	
2.3370992945981976e6	3.351485882351806e6	1.534530847443378e7	0.0	7.0	1.0	1.0	1.0	1.0	7.0	0.0	17.0	
2.0050910332572174e6	2.5856780510834414e6	1.3455050214974301e7	0.0	7.0	1.0	1.0	1.0	1.0	7.0	0.0	18.0	
1.7244424336954872e6	1.9950925858725125e6	1.1800446883691385e7	0.0	7.0	1.0	1.0	1.0	1.0	7.0	0.0	19.0	
1.486380450008189e6	1.5395461210183972e6	1.0351497479047116e7	0.0	7.0	1.0	1.0	1.0	1.0	7.0	0.0	20.0	
1.2837828353550693e6	1.1881058099705589e6	9.082156872869994e6	0.0	7.0	1.0	1.0	1.0	1.0	7.0	0.0	21.0	
1.110841359211095e6	916946.0334100465	7.969784840278715e6	0.0	7.0	1.0	1.0	1.0	1.0	7.0	0.0	22.0	
962798.1091874299	707707.0414705839	6.994677832028856e6	0.0	7.0	1.0	1.0	1.0	1.0	7.0	0.0	23.0	
835738.2648975616	546235.9304348092	6.139670188745684e6	0.0	0.0	8.0	1.0	1.0	1.0	7.0	0.0	24.0	
726426.589049822	421619.5930003293	5.389793119398247e6	0.0	0.0	8.0	1.0	1.0	1.0	7.0	0.0	25.0	
632177.9738333966	325441.183935718	4.731982606731455e6	0.0	0.0	8.0	1.0	1.0	1.0	7.0	0.0	26.0	
550754.551779449	251207.960788015	4.1548284534475757e6	0.0	0.0	8.0	1.0	1.0	1.0	7.0	0.0	27.0	
480283.6171612561	193910.7161794659	3.648358221110583e6	0.0	0.0	8.0	1.0	1.0	1.0	7.0	0.0	28.0	
419191.90723084647	149684.36434340704	3.203850893503365e6	0.0	0.0	8.0	1.0	1.0	1.0	7.0	0.0	29.0	
366152.7606789342	115546.34821685782	2.8136757372146165e6	0.0	0.0	8.0	1.0	1.0	1.0	7.0	0.0	30.0	
320043.47975149145	89194.96092713586	2.471152877084796e6	0.0	0.0	8.0	1.0	1.0	1.0	7.0	0.0	31.0	
279910.76865863	68853.81861429125	2.1704323306547487e6	0.0	0.0	8.0	1.0	1.0	1.0	7.0	0.0	32.0	
244942.61182264079	53151.90004411403	1.9063889945370122e6	0.0	0.0	8.0	1.0	1.0	1.0	7.0	0.0	33.0	
214445.29309208854	41031.00406451239	1.674531340672196e6	0.0	0.0	8.0	1.0	1.0	1.0	7.0	0.0	34.0	
187824.53494388683	31674.349152086776	1.4709219303990079e6	0.0	0.0	8.0	1.0	1.0	1.0	7.0	0.0	35.0	
164569.95511718732	24451.479391064106	1.2921081615464343e6	0.0	0.0	8.0	1.0	1.0	1.0	7.0	0.0	36.0	
144242.20216231438	18875.74926025844	1.1350618680382567e6	0.0	0.0	8.0	1.0	1.0	1.0	7.0	0.0	37.0	
126462.26428721534	14571.513130883133	997126.6011668394	0.0	0.0	8.0	1.0	1.0	1.0	7.0	0.0	38.0	
110902.54712021849	11248.802855882945	875971.5741058649	0.0	0.0	8.0	1.0	1.0	1.0	7.0	0.0	39.0	
97279.39937577827	8683.783664894941	769551.4113413314	0.0	0.0	8.0	1.0	1.0	1.0	7.0	0.0	40.0	
85346.82682237389	6703.669268256773	676070.9453107344	0.0	0.0	8.0	1.0	1.0	1.0	7.0	0.0	41.0	
74891.18571418698	5175.078407552712	593954.4073059433	0.0	0.0	8.0	1.0	1.0	1.0	7.0	0.0	42.0	
65726.6886150616	3995.047519253579	521818.46140123904	0.0	0.0	8.0	1.0	1.0	1.0	7.0	0.0	43.0	
57691.58476179839	3084.0934489020187	458448.58464548516	0.0	0.0	8.0	1.0	1.0	1.0	7.0	0.0	44.0	
50644.90385757247	2380.8585051375744	402778.37235544214	0.0	0.0	8.0	1.0	1.0	1.0	7.0	0.0	45.0	
44463.672390532636	1837.9768757631446	353871.40224849794	0.0	0.0	8.0	1.0	1.0	1.0	7.0	0.0	46.0	
39040.527374154604	1418.8837981507636	310905.335195086	0.0	0.0	8.0	1.0	1.0	1.0	7.0	0.0	47.0	
34281.665642497406	1095.352443428671	273157.9726965506	0.0	0.0	8.0	1.0	1.0	1.0	7.0	0.0	48.0	
30105.077567717275	845.592532848521	239995.02800888964	0.0	0.0	8.0	1.0	1.0	1.0	7.0	0.0	49.0	
26439.02267493806	652.7825682000756	210859.39883130434	0.0	0.0	8.0	1.0	1.0	1.0	7.0	0.0	50.0	
23220.711387882224	503.93678246456216	185261.7543205932	0.0	0.0	8.0	1.0	1.0	1.0	7.0	0.0	51.0	
20395.163146074676	389.03047421266126	162772.27469438472	0.0	0.0	8.0	1.0	1.0	1.0	7.0	0.0	52.0	
17914.215755104415	300.3247993534107	143013.40124148194	0.0	0.0	8.0	1.0	1.0	1.0	7.0	0.0	53.0	
15735.664744271122	231.8455347685862	125653.47241940041	0.0	0.0	8.0	1.0	1.0	1.0	7.0	0.0	54.0	
13822.514709419034	178.98070087834557	110401.1369744739	0.0	0.0	8.0	1.0	1.0	1.0	7.0	0.0	55.0	
12142.327323406857	138.16993813752643	97000.44864911732	0.0	0.0	8.0	1.0	1.0	1.0	7.0	0.0	56.0	
10666.65300563709	106.66471484003276	85226.5593302567	0.0	0.0	8.0	1.0	1.0	1.0	7.0	0.0	57.0	
9370.535025366325	82.34321330056106	74881.93698963003	0.0	0.0	8.0	1.0	1.0	1.0	7.0	0.0	58.0	
8232.076476230166	63.56742691896282	65793.04438292237	0.0	0.0	8.0	1.0	1.0	1.0	7.0	0.0	59.0	
7232.061877568701	49.072842014597846	57807.42217853502	0.0	0.0	8.0	1.0	1.0	1.0	7.0	0.0	60.0	
6353.626306477158	37.88327483790545	50791.12717697935	0.0	0.0	8.0	1.0	1.0	1.0	7.0	0.0	61.0	
5581.965919426172	29.24512727315149	44626.482228136236	0.0	0.0	8.0	1.0	1.0	1.0	7.0	0.0	62.0	
4904.084563549709	22.57663361558796	39210.099874782085	0.0	0.0	8.0	1.0	1.0	1.0	7.0	0.0	63.0	
4308.571877920751	17.42867997586768	34451.14634339014	0.0	0.0	8.0	1.0	1.0	1.0	7.0	0.0	64.0	
3785.4088964696684	13.45455752833474	30269.816614229014	0.0	0.0	8.0	1.0	1.0	1.0	7.0	0.0	65.0	
3325.7976855075503	10.38661257634656	26595.994871484054	0.0	0.0	8.0	1.0	1.0	1.0	7.0	0.0	66.0	
2922.011996619731	8.018220739379307	23368.07775221847	0.0	0.0	8.0	1.0	1.0	1.0	7.0	0.0	67.0	
2567.2663079290764	6.18987132951246	20531.940592103103	0.0	0.0	8.0	1.0	1.0	1.0	7.0	0.0	68.0	
2255.60096315955	4.778424716739906	18040.029280559662	0.0	0.0	8.0	1.0	1.0	1.0	7.0	0.0	69.0	
1981.7814073729116	3.6888191586888546	15850.562439824604	0.0	0.0	8.0	1.0	1.0	1.0	7.0	0.0	70.0	
1741.2097732128295	2.8476686082187617	13926.830517094417	0.0	0.0	8.0	1.0	1.0	1.0	7.0	0.0	71.0	
1529.8472915566244	2.198320324942083	12236.580012128054	0.0	0.0	8.0	1.0	1.0	1.0	7.0	0.0	72.0	
1344.1461913838211	1.6970394207845707	10751.472491649783	0.0	0.0	8.0	1.0	1.0	1.0	7.0	0.0	73.0	
1180.989917860223	1.31006333773336	9446.60927954405	0.0	0.0	8.0	1.0	1.0	1.0	7.0	0.0	74.0	
1037.6406523780138	1.0113280214114049	8300.1138910027	0.0	0.0	8.0	1.0	1.0	1.0	7.0	0.0	75.0	
911.6932342727208	0.7807125358292619	7292.765161645935	0.0	0.0	8.0	1.0	1.0	1.0	7.0	0.0	76.0	
801.0347002720714	0.6026839266988832	6407.674918249872	0.0	0.0	8.0	1.0	1.0	1.0	7.0	0.0	77.0	
703.8088611182858	0.4652521423921867	5630.005636803892	0.0	0.0	8.0	1.0	1.0	1.0	7.0	0.0	78.0	
618.3852615403856	0.35916316296901807	4946.722929160117	0.0	0.0	8.0	1.0	1.0	1.0	7.0	0.0	79.0	
543.3310731765296	0.27726889488274903	4346.371316517354	0.0	0.0	8.0	1.0	1.0	1.0	7.0	0.0	80.0	
4.291302762731265e7	2.252545382921968e8	1.1804968272630428e8	8.0	0.0	0.0	1.0	1.0	1.0	7.0	0.0	0.0	
3.984279921715425e7	2.005061983951877e8	1.1823619534204623e8	8.0	0.0	0.0	1.0	1.0	1.0	7.0	0.0	1.0	
3.637781991092406e7	1.7518905201250732e8	1.1583350727488515e8	8.0	0.0	0.0	1.0	1.0	1.0	7.0	0.0	2.0	
2.956001269239589e7	1.347077791736402e8	1.0177232236552688e8	7.0	1.0	0.0	1.0	1.0	1.0	7.0	0.0	3.0	
2.3856407192699213e7	1.024211306174606e8	8.843012692413306e7	7.0	1.0	0.0	1.0	1.0	1.0	7.0	0.0	4.0	
1.938123013178129e7	7.811812508982371e7	7.693171596442662e7	7.0	1.0	0.0	1.0	1.0	1.0	7.0	0.0	5.0	
1.5841723985565543e7	5.973156549518178e7	6.700222638934259e7	0.0	8.0	0.0	1.0	1.0	1.0	7.0	0.0	6.0	
1.3021947565088663e7	4.576379567932935e7	5.841178484137996e7	0.0	8.0	0.0	1.0	1.0	1.0	7.0	0.0	7.0	
1.076064833167234e7	3.5117726624063894e7	5.096746002931484e7	0.0	8.0	0.0	1.0	1.0	1.0	7.0	0.0	8.0	
8.936080142941952e6	2.6981950752132103e7	4.450669039140352e7	0.0	8.0	0.0	1.0	1.0	1.0	7.0	0.0	9.0	
7.45543193931911e6	2.0751463421106637e7	3.889199209344623e7	0.0	8.0	0.0	1.0	1.0	1.0	7.0	0.0	10.0	
6.247348619408551e6	1.5972103544087e7	3.400668541118142e7	0.0	8.0	0.0	1.0	1.0	1.0	7.0	0.0	11.0	
5.256559003869406e6	1.2301046038083687e7	2.9751425992871556e7	0.0	8.0	0.0	1.0	1.0	1.0	7.0	0.0	12.0	
4.439964306395078e6	9.47833748532844e6	2.604137696583218e7	0.0	7.0	1.0	1.0	1.0	1.0	7.0	0.0	13.0	
3.7637539869207647e6	7.306141964943463e6	2.2803889930422664e7	0.0	7.0	1.0	1.0	1.0	1.0	7.0	0.0	14.0	
3.2012566167110084e6	5.63345649511261e6	1.9976596438575465e7	0.0	7.0	1.0	1.0	1.0	1.0	7.0	0.0	15.0	
2.7313229226689953e6	4.344754436696652e6	1.750582894465531e7	0.0	7.0	1.0	1.0	1.0	1.0	7.0	0.0	16.0	
2.3370992945981976e6	3.351485882351806e6	1.5345308474433782e7	0.0	7.0	1.0	1.0	1.0	1.0	7.0	0.0	17.0	
2.0050910332572174e6	2.5856780510834414e6	1.3455050214974301e7	0.0	7.0	1.0	1.0	1.0	1.0	7.0	0.0	18.0	
1.7244424336954872e6	1.9950925858725125e6	1.1800446883691385e7	0.0	7.0	1.0	1.0	1.0	1.0	7.0	0.0	19.0	
1.4863804500081893e6	1.5395461210183974e6	1.0351497479047116e7	0.0	7.0	1.0	1.0	1.0	1.0	7.0	0.0	20.0	
1.2837828353550693e6	1.1881058099705589e6	9.082156872869994e6	0.0	7.0	1.0	1.0	1.0	1.0	7.0	0.0	21.0	
1.110841359211095e6	916946.0334100465	7.969784840278715e6	0.0	7.0	1.0	1.0	1.0	1.0	7.0	0.0	22.0	
962798.1091874299	707707.0414705839	6.994677832028856e6	0.0	7.0	1.0	1.0	1.0	1.0	7.0	0.0	23.0	
835738.2648975616	546235.9304348091	6.139670188745684e6	0.0	0.0	8.0	1.0	1.0	1.0	7.0	0.0	24.0	
726426.589049822	421619.59300032933	5.389793119398247e6	0.0	0.0	8.0	1.0	1.0	1.0	7.0	0.0	25.0	
632177.9738333966	325441.1839357181	4.731982606731455e6	0.0	0.0	8.0	1.0	1.0	1.0	7.0	0.0	26.0	
550754.551779449	251207.960788015	4.1548284534475766e6	0.0	0.0	8.0	1.0	1.0	1.0	7.0	0.0	27.0	
480283.6171612561	193910.71617946593	3.648358221110583e6	0.0	0.0	8.0	1.0	1.0	1.0	7.0	0.0	28.0	
419191.90723084647	149684.36434340704	3.203850893503365e6	0.0	0.0	8.0	1.0	1.0	1.0	7.0	0.0	29.0	
366152.7606789342	115546.34821685782	2.8136757372146165e6	0.0	0.0	8.0	1.0	1.0	1.0	7.0	0.0	30.0	
320043.4797514915	89194.96092713586	2.471152877084796e6	0.0	0.0	8.0	1.0	1.0	1.0	7.0	0.0	31.0	
279910.76865863	68853.81861429125	2.1704323306547487e6	0.0	0.0	8.0	1.0	1.0	1.0	7.0	0.0	32.0	
244942.61182264079	53151.90004411404	1.9063889945370122e6	0.0	0.0	8.0	1.0	1.0	1.0	7.0	0.0	33.0	
214445.29309208854	41031.00406451239	1.674531340672196e6	0.0	0.0	8.0	1.0	1.0	1.0	7.0	0.0	34.0	
187824.53494388683	31674.349152086776	1.4709219303990079e6	0.0	0.0	8.0	1.0	1.0	1.0	7.0	0.0	35.0	
164569.9551171873	24451.479391064106	1.2921081615464343e6	0.0	0.0	8.0	1.0	1.0	1.0	7.0	0.0	36.0	
144242.20216231438	18875.749260258443	1.1350618680382567e6	0.0	0.0	8.0	1.0	1.0	1.0	7.0	0.0	37.0	
126462.26428721534	14571.513130883133	997126.6011668394	0.0	0.0	8.0	1.0	1.0	1.0	7.0	0.0	38.0	
110902.54712021847	11248.802855882945	875971.5741058649	0.0	0.0	8.0	1.0	1.0	1.0	7.0	0.0	39.0	
97279.39937577827	8683.783664894941	769551.4113413314	0.0	0.0	8.0	1.0	1.0	1.0	7.0	0.0	40.0	
85346.8268223739	6703.669268256773	676070.9453107344	0.0	0.0	8.0	1.0	1.0	1.0	7.0	0.0	41.0	
74891.18571418698	5175.078407552712	593954.4073059433	0.0	0.0	8.0	1.0	1.0	1.0	7.0	0.0	42.0	
65726.68861506159	3995.047519253579	521818.46140123904	0.0	0.0	8.0	1.0	1.0	1.0	7.0	0.0	43.0	
57691.584761798396	3084.0934489020187	458448.58464548516	0.0	0.0	8.0	1.0	1.0	1.0	7.0	0.0	44.0	
50644.90385757247	2380.8585051375744	402778.37235544214	0.0	0.0	8.0	1.0	1.0	1.0	7.0	0.0	45.0	
44463.672390532636	1837.9768757631443	353871.40224849794	0.0	0.0	8.0	1.0	1.0	1.0	7.0	0.0	46.0	
39040.527374154604	1418.8837981507638	310905.335195086	0.0	0.0	8.0	1.0	1.0	1.0	7.0	0.0	47.0	
34281.665642497406	1095.352443428671	273157.9726965506	0.0	0.0	8.0	1.0	1.0	1.0	7.0	0.0	48.0	
30105.077567717275	845.592532848521	239995.02800888964	0.0	0.0	8.0	1.0	1.0	1.0	7.0	0.0	49.0	
26439.02267493806	652.7825682000756	210859.39883130434	0.0	0.0	8.0	1.0	1.0	1.0	7.0	0.0	50.0	
23220.711387882224	503.93678246456216	185261.7543205932	0.0	0.0	8.0	1.0	1.0	1.0	7.0	0.0	51.0	
20395.163146074676	389.03047421266126	162772.27469438472	0.0	0.0	8.0	1.0	1.0	1.0	7.0	0.0	52.0	
17914.215755104415	300.3247993534107	143013.40124148194	0.0	0.0	8.0	1.0	1.0	1.0	7.0	0.0	53.0	
15735.664744271122	231.8455347685862	125653.47241940041	0.0	0.0	8.0	1.0	1.0	1.0	7.0	0.0	54.0	
13822.514709419032	178.9807008783456	110401.13697447392	0.0	0.0	8.0	1.0	1.0	1.0	7.0	0.0	55.0	
12142.327323406857	138.16993813752643	97000.44864911732	0.0	0.0	8.0	1.0	1.0	1.0	7.0	0.0	56.0	
10666.65300563709	106.66471484003277	85226.5593302567	0.0	0.0	8.0	1.0	1.0	1.0	7.0	0.0	57.0	
9370.535025366325	82.34321330056106	74881.93698963005	0.0	0.0	8.0	1.0	1.0	1.0	7.0	0.0	58.0	
8232.076476230166	63.56742691896282	65793.04438292237	0.0	0.0	8.0	1.0	1.0	1.0	7.0	0.0	59.0	
7232.061877568702	49.07284201459785	57807.42217853502	0.0	0.0	8.0	1.0	1.0	1.0	7.0	0.0	60.0	
6353.626306477159	37.88327483790545	50791.12717697935	0.0	0.0	8.0	1.0	1.0	1.0	7.0	0.0	61.0	
5581.965919426172	29.245127273151493	44626.48222813623	0.0	0.0	8.0	1.0	1.0	1.0	7.0	0.0	62.0	
4904.084563549709	22.57663361558796	39210.099874782085	0.0	0.0	8.0	1.0	1.0	1.0	7.0	0.0	63.0	
4308.571877920752	17.42867997586768	34451.14634339014	0.0	0.0	8.0	1.0	1.0	1.0	7.0	0.0	64.0	
3785.408896469669	13.45455752833474	30269.816614229014	0.0	0.0	8.0	1.0	1.0	1.0	7.0	0.0	65.0	
3325.7976855075503	10.38661257634656	26595.994871484054	0.0	0.0	8.0	1.0	1.0	1.0	7.0	0.0	66.0	
2922.0119966197303	8.018220739379307	23368.077752218465	0.0	0.0	8.0	1.0	1.0	1.0	7.0	0.0	67.0	
2567.2663079290764	6.189871329512459	20531.940592103103	0.0	0.0	8.0	1.0	1.0	1.0	7.0	0.0	68.0	
2255.60096315955	4.778424716739906	18040.029280559662	0.0	0.0	8.0	1.0	1.0	1.0	7.0	0.0	69.0	
1981.7814073729114	3.688819158688855	15850.562439824604	0.0	0.0	8.0	1.0	1.0	1.0	7.0	0.0	70.0	
1741.2097732128295	2.847668608218761	13926.830517094417	0.0	0.0	8.0	1.0	1.0	1.0	7.0	0.0	71.0	
1529.8472915566247	2.198320324942083	12236.580012128054	0.0	0.0	8.0	1.0	1.0	1.0	7.0	0.0	72.0	
1344.1461913838211	1.6970394207845707	10751.472491649783	0.0	0.0	8.0	1.0	1.0	1.0	7.0	0.0	73.0	
1180.989917860223	1.31006333773336	9446.60927954405	0.0	0.0	8.0	1.0	1.0	1.0	7.0	0.0	74.0	
1037.6406523780138	1.0113280214114049	8300.1138910027	0.0	0.0	8.0	1.0	1.0	1.0	7.0	0.0	75.0	
911.6932342727208	0.7807125358292619	7292.765161645935	0.0	0.0	8.0	1.0	1.0	1.0	7.0	0.0	76.0	
801.0347002720714	0.6026839266988832	6407.674918249872	0.0	0.0	8.0	1.0	1.0	1.0	7.0	0.0	77.0	
703.8088611182858	0.4652521423921867	5630.005636803892	0.0	0.0	8.0	1.0	1.0	1.0	7.0	0.0	78.0	
618.3852615403856	0.35916316296901807	4946.722929160117	0.0	0.0	8.0	1.0	1.0	1.0	7.0	0.0	79.0	
543.3310731765295	0.27726889488274903	4346.371316517354	0.0	0.0	8.0	1.0	1.0	1.0	7.0	0.0	80.0	
4.291302762731265e7	2.252545382921968e8	1.1804968272630428e8	8.0	0.0	0.0	1.0	1.0	1.0	7.0	0.0	0.0	
3.984279921715424e7	2.0050619839518768e8	1.1823619534204623e8	8.0	0.0	0.0	1.0	1.0	1.0	7.0	0.0	1.0	
3.637781991092406e7	1.7518905201250732e8	1.1583350727488516e8	8.0	0.0	0.0	1.0	1.0	1.0	7.0	0.0	2.0	
2.956001269239589e7	1.347077791736402e8	1.0177232236552688e8	7.0	1.0	0.0	1.0	1.0	1.0	7.0	0.0	3.0	
2.3856407192699213e7	1.024211306174606e8	8.843012692413309e7	7.0	1.0	0.0	1.0	1.0	1.0	7.0	0.0	4.0	
1.938123013178129e7	7.811812508982371e7	7.693171596442662e7	7.0	1.0	0.0	1.0	1.0	1.0	7.0	0.0	5.0	
1.5841723985565543e7	5.973156549518177e7	6.700222638934259e7	0.0	8.0	0.0	1.0	1.0	1.0	7.0	0.0	6.0	
1.3021947565088663e7	4.576379567932934e7	5.841178484137996e7	0.0	8.0	0.0	1.0	1.0	1.0	7.0	0.0	7.0	
1.076064833167234e7	3.5117726624063894e7	5.096746002931484e7	0.0	8.0	0.0	1.0	1.0	1.0	7.0	0.0	8.0	
8.936080142941952e6	2.6981950752132103e7	4.450669039140352e7	0.0	8.0	0.0	1.0	1.0	1.0	7.0	0.0	9.0	
7.4554319393191105e6	2.0751463421106637e7	3.8891992093446225e7	0.0	8.0	0.0	1.0	1.0	1.0	7.0	0.0	10.0	
6.247348619408551e6	1.5972103544086998e7	3.400668541118142e7	0.0	8.0	0.0	1.0	1.0	1.0	7.0	0.0	11.0	
5.256559003869406e6	1.2301046038083686e7	2.9751425992871556e7	0.0	8.0	0.0	1.0	1.0	1.0	7.0	0.0	12.0	
4.439964306395078e6	9.47833748532844e6	2.604137696583218e7	0.0	7.0	1.0	1.0	1.0	1.0	7.0	0.0	13.0	
3.7637539869207647e6	7.306141964943463e6	2.2803889930422664e7	0.0	7.0	1.0	1.0	1.0	1.0	7.0	0.0	14.0	
3.201256616711009e6	5.63345649511261e6	1.9976596438575465e7	0.0	7.0	1.0	1.0	1.0	1.0	7.0	0.0	15.0	
2.731322922668995e6	4.344754436696652e6	1.7505828944655307e7	0.0	7.0	1.0	1.0	1.0	1.0	7.0	0.0	16.0	
2.3370992945981976e6	3.351485882351806e6	1.534530847443378e7	0.0	7.0	1.0	1.0	1.0	1.0	7.0	0.0	17.0	
2.0050910332572174e6	2.5856780510834414e6	1.3455050214974301e7	0.0	7.0	1.0	1.0	1.0	1.0	7.0	0.0	18.0	
1.7244424336954872e6	1.9950925858725125e6	1.1800446883691385e7	0.0	7.0	1.0	1.0	1.0	1.0	7.0	0.0	19.0	
1.486380450008189e6	1.5395461210183974e6	1.0351497479047116e7	0.0	7.0	1.0	1.0	1.0	1.0	7.0	0.0	20.0	
1.2837828353550693e6	1.1881058099705589e6	9.082156872869994e6	0.0	7.0	1.0	1.0	1.0	1.0	7.0	0.0	21.0	
1.110841359211095e6	916946.0334100465	7.969784840278715e6	0.0	7.0	1.0	1.0	1.0	1.0	7.0	0.0	22.0	
962798.1091874299	707707.0414705839	6.994677832028856e6	0.0	7.0	1.0	1.0	1.0	1.0	7.0	0.0	23.0	
835738.2648975616	546235.9304348092	6.139670188745684e6	0.0	0.0	8.0	1.0	1.0	1.0	7.0	0.0	24.0	
726426.589049822	421619.59300032933	5.389793119398247e6	0.0	0.0	8.0	1.0	1.0	1.0	7.0	0.0	25.0	
632177.9738333966	325441.1839357181	4.731982606731455e6	0.0	0.0	8.0	1.0	1.0	1.0	7.0	0.0	26.0	
550754.551779449	251207.960788015	4.1548284534475766e6	0.0	0.0	8.0	1.0	1.0	1.0	7.0	0.0	27.0	
480283.6171612561	193910.71617946593	3.648358221110583e6	0.0	0.0	8.0	1.0	1.0	1.0	7.0	0.0	28.0	
419191.90723084647	149684.36434340704	3.203850893503365e6	0.0	0.0	8.0	1.0	1.0	1.0	7.0	0.0	29.0	
366152.7606789342	115546.34821685783	2.8136757372146165e6	0.0	0.0	8.0	1.0	1.0	1.0	7.0	0.0	30.0	
320043.47975149145	89194.96092713586	2.471152877084796e6	0.0	0.0	8.0	1.0	1.0	1.0	7.0	0.0	31.0	
279910.76865863	68853.81861429125	2.1704323306547487e6	0.0	0.0	8.0	1.0	1.0	1.0	7.0	0.0	32.0	
244942.61182264079	53151.90004411403	1.9063889945370122e6	0.0	0.0	8.0	1.0	1.0	1.0	7.0	0.0	33.0	
214445.29309208854	41031.00406451239	1.674531340672196e6	0.0	0.0	8.0	1.0	1.0	1.0	7.0	0.0	34.0	
187824.53494388683	31674.349152086776	1.4709219303990079e6	0.0	0.0	8.0	1.0	1.0	1.0	7.0	0.0	35.0	
164569.95511718732	24451.479391064106	1.2921081615464343e6	0.0	0.0	8.0	1.0	1.0	1.0	7.0	0.0	36.0	
144242.20216231438	18875.74926025844	1.1350618680382567e6	0.0	0.0	8.0	1.0	1.0	1.0	7.0	0.0	37.0	
126462.26428721534	14571.513130883131	997126.6011668394	0.0	0.0	8.0	1.0	1.0	1.0	7.0	0.0	38.0	
110902.54712021849	11248.802855882945	875971.5741058649	0.0	0.0	8.0	1.0	1.0	1.0	7.0	0.0	39.0	
97279.39937577827	8683.783664894941	769551.4113413314	0.0	0.0	8.0	1.0	1.0	1.0	7.0	0.0	40.0	
85346.82682237389	6703.669268256773	676070.9453107344	0.0	0.0	8.0	1.0	1.0	1.0	7.0	0.0	41.0	
74891.18571418698	5175.078407552712	593954.4073059433	0.0	0.0	8.0	1.0	1.0	1.0	7.0	0.0	42.0	
65726.6886150616	3995.047519253579	521818.46140123904	0.0	0.0	8.0	1.0	1.0	1.0	7.0	0.0	43.0	
57691.584761798396	3084.0934489020187	458448.58464548516	0.0	0.0	8.0	1.0	1.0	1.0	7.0	0.0	44.0	
50644.90385757247	2380.8585051375744	402778.37235544214	0.0	0.0	8.0	1.0	1.0	1.0	7.0	0.0	45.0	
44463.672390532636	1837.9768757631446	353871.40224849794	0.0	0.0	8.0	1.0	1.0	1.0	7.0	0.0	46.0	
39040.527374154604	1418.8837981507636	310905.335195086	0.0	0.0	8.0	1.0	1.0	1.0	7.0	0.0	47.0	
34281.665642497406	1095.352443428671	273157.9726965506	0.0	0.0	8.0	1.0	1.0	1.0	7.0	0.0	48.0	
30105.077567717275	845.592532848521	239995.02800888964	0.0	0.0	8.0	1.0	1.0	1.0	7.0	0.0	49.0	
26439.022674938056	652.7825682000757	210859.39883130437	0.0	0.0	8.0	1.0	1.0	1.0	7.0	0.0	50.0	
23220.711387882224	503.93678246456216	185261.7543205932	0.0	0.0	8.0	1.0	1.0	1.0	7.0	0.0	51.0	
20395.163146074676	389.0304742126613	162772.27469438472	0.0	0.0	8.0	1.0	1.0	1.0	7.0	0.0	52.0	
17914.215755104415	300.3247993534107	143013.40124148194	0.0	0.0	8.0	1.0	1.0	1.0	7.0	0.0	53.0	
15735.664744271122	231.8455347685862	125653.47241940041	0.0	0.0	8.0	1.0	1.0	1.0	7.0	0.0	54.0	
13822.514709419032	178.9807008783456	110401.13697447392	0.0	0.0	8.0	1.0	1.0	1.0	7.0	0.0	55.0	
12142.327323406857	138.16993813752643	97000.44864911734	0.0	0.0	8.0	1.0	1.0	1.0	7.0	0.0	56.0	
10666.65300563709	106.66471484003276	85226.5593302567	0.0	0.0	8.0	1.0	1.0	1.0	7.0	0.0	57.0	
9370.535025366325	82.34321330056106	74881.93698963005	0.0	0.0	8.0	1.0	1.0	1.0	7.0	0.0	58.0	
8232.076476230166	63.56742691896282	65793.04438292237	0.0	0.0	8.0	1.0	1.0	1.0	7.0	0.0	59.0	
7232.061877568701	49.07284201459785	57807.42217853502	0.0	0.0	8.0	1.0	1.0	1.0	7.0	0.0	60.0	
6353.626306477159	37.88327483790545	50791.12717697935	0.0	0.0	8.0	1.0	1.0	1.0	7.0	0.0	61.0	
5581.965919426172	29.245127273151493	44626.48222813623	0.0	0.0	8.0	1.0	1.0	1.0	7.0	0.0	62.0	
4904.084563549709	22.57663361558796	39210.099874782085	0.0	0.0	8.0	1.0	1.0	1.0	7.0	0.0	63.0	
4308.571877920752	17.42867997586768	34451.14634339014	0.0	0.0	8.0	1.0	1.0	1.0	7.0	0.0	64.0	
3785.4088964696684	13.45455752833474	30269.816614229014	0.0	0.0	8.0	1.0	1.0	1.0	7.0	0.0	65.0	
3325.7976855075494	10.38661257634656	26595.994871484054	0.0	0.0	8.0	1.0	1.0	1.0	7.0	0.0	66.0	
2922.011996619731	8.018220739379307	23368.07775221847	0.0	0.0	8.0	1.0	1.0	1.0	7.0	0.0	67.0	
2567.2663079290764	6.18987132951246	20531.940592103103	0.0	0.0	8.0	1.0	1.0	1.0	7.0	0.0	68.0	
2255.60096315955	4.778424716739906	18040.029280559662	0.0	0.0	8.0	1.0	1.0	1.0	7.0	0.0	69.0	
1981.7814073729114	3.688819158688855	15850.562439824604	0.0	0.0	8.0	1.0	1.0	1.0	7.0	0.0	70.0	
1741.2097732128295	2.847668608218761	13926.830517094417	0.0	0.0	8.0	1.0	1.0	1.0	7.0	0.0	71.0	
1529.8472915566247	2.198320324942083	12236.580012128054	0.0	0.0	8.0	1.0	1.0	1.0	7.0	0.0	72.0	
1344.146191383821	1.6970394207845707	10751.472491649783	0.0	0.0	8.0	1.0	1.0	1.0	7.0	0.0	73.0	
1180.989917860223	1.31006333773336	9446.60927954405	0.0	0.0	8.0	1.0	1.0	1.0	7.0	0.0	74.0	
1037.6406523780138	1.0113280214114049	8300.1138910027	0.0	0.0	8.0	1.0	1.0	1.0	7.0	0.0	75.0	
911.6932342727208	0.7807125358292619	7292.765161645935	0.0	0.0	8.0	1.0	1.0	1.0	7.0	0.0	76.0	
801.0347002720714	0.6026839266988832	6407.674918249872	0.0	0.0	8.0	1.0	1.0	1.0	7.0	0.0	77.0	
703.8088611182858	0.4652521423921867	5630.005636803892	0.0	0.0	8.0	1.0	1.0	1.0	7.0	0.0	78.0	
618.3852615403856	0.35916316296901807	4946.722929160117	0.0	0.0	8.0	1.0	1.0	1.0	7.0	0.0	79.0	
543.3310731765296	0.27726889488274903	4346.371316517354	0.0	0.0	8.0	1.0	1.0	1.0	7.0	0.0	80.0	
