1.3922944711308727e9	6.180272887903597e8	7.742671823405131e8	0.0	50.0	0.0	0.8595918367346939	0.8591260705405654	0.8166666666666667	38.0	0.0023015871061707665	
1.3933609513216386e9	6.188021648360512e8	7.745587864855874e8	0.0	50.0	0.0	0.6481632653061224	0.6427787934186472	0.765625	34.0	0.008010397047452086	
1.370851446653101e9	6.127226717522084e8	7.581287749008927e8	0.0	50.0	0.0	0.25142857142857145	0.24443237370994025	0.5833333333333334	14.0	0.01846403685865559	
1.3172420515302448e9	5.924580959074895e8	7.247839556227554e8	0.0	50.0	0.0	0.17959183673469387	0.1881918819188192	0.5157894736842106	10.0	0.03553774189271094	
1.4001033457828841e9	6.241081565328643e8	7.759951892500199e8	0.0	50.0	0.0	0.4546938775510204	0.46220427005193304	0.6282051282051282	20.0	0.008684259445814068	
1.3866081178989868e9	6.186718638377155e8	7.679362540612715e8	0.0	50.0	0.0	0.2914285714285714	0.28490945674044266	0.6049382716049383	17.0	0.017376370445913482	
1.3919045905989745e9	6.177439739449549e8	7.741606166540194e8	0.0	50.0	0.0	0.7387755102040816	0.7383867651182353	0.8448275862068966	40.0	0.006895253604813443	
1.394351675152024e9	6.195169119604474e8	7.748347631915767e8	0.0	50.0	0.0	0.6653061224489796	0.6613864431542927	0.7313432835820896	31.0	0.0069330195471121745	
1.3743007259790926e9	6.155825011841589e8	7.587182247949336e8	0.0	50.0	0.0	0.2946938775510204	0.3050652340752111	0.5697674418604651	12.0	0.008138163962089278	
1.3861822472203908e9	6.188663507408617e8	7.67315896479529e8	0.0	50.0	0.0	0.3420408163265306	0.35504507124164003	0.5975609756097561	16.0	0.011640190402945507	
1.3830731914379473e9	6.170135988296378e8	7.660595926083095e8	0.0	50.0	0.0	0.2946938775510204	0.29077736440180146	0.6049382716049383	17.0	0.01808359462383336	
1.3964047903653538e9	6.209999750981933e8	7.754048152671607e8	0.0	50.0	0.0	0.47346938775510206	0.46541411042944786	0.6901408450704225	27.0	0.01387614840308418	
1.3951931695145185e9	6.201224407170215e8	7.750707287974972e8	0.0	50.0	0.0	0.6489795918367347	0.646316300521908	0.7101449275362319	29.0	0.005750175817757483	
1.3932463170015056e9	6.214440704220431e8	7.718022465794625e8	0.0	50.0	0.0	0.3510204081632653	0.35257901217676835	0.6125	18.0	0.015182967542661418	
1.347745677894446e9	6.053044367101463e8	7.424412411842997e8	0.0	50.0	0.0	0.21551020408163266	0.20919713531850734	0.532608695652174	10.0	0.013296872666608889	
1.3920984741304493e9	6.178850869447681e8	7.742133871856813e8	0.0	50.0	0.0	0.7428571428571429	0.7405830633965756	0.8305084745762712	39.0	0.006321456746174728	
1.3218047854320202e9	5.967216804352498e8	7.250831049967703e8	0.0	50.0	0.0	0.17469387755102042	0.17796610169491525	0.49	8.0	0.010320799199969288	
1.39630743616782e9	6.216347783079298e8	7.746726578598903e8	0.0	50.0	0.0	0.38285714285714284	0.37403868562106735	0.6533333333333333	23.0	0.019992969992969994	
1.3930539542325997e9	6.185792115802407e8	7.744747426523588e8	0.0	50.0	0.0	0.72	0.7195982538484261	0.7777777777777778	35.0	0.005553036483071465	
1.3952872723776789e9	6.231560445382471e8	7.721312278394316e8	0.0	50.0	0.0	0.3853061224489796	0.3859164653089403	0.5975609756097561	16.0	0.008234820734820734	
1.3925376443103306e9	6.182044384332857e8	7.743332058770449e8	0.0	50.0	0.0	0.7461224489795918	0.7450519242516799	0.8032786885245902	37.0	0.005526830305095999	
1.3710470578291044e9	6.140933596904379e8	7.569536981386664e8	0.0	50.0	0.0	0.2636734693877551	0.2643139190523198	0.5632183908045977	12.0	0.010554588899051682	
1.3821282503710933e9	6.17920357974051e8	7.642078923970422e8	0.0	50.0	0.0	0.28244897959183674	0.2767646427805192	0.5833333333333334	14.0	0.01613527332186224	
1.3797856073062134e9	6.146186135802791e8	7.651669937259343e8	0.0	50.0	0.0	0.2702040816326531	0.26517424417262864	0.6282051282051282	20.0	0.03693752814885374	
1.3981948999768953e9	6.223155756040876e8	7.758793243728077e8	0.0	50.0	0.0	0.4946938775510204	0.48455706865084935	0.6621621621621622	24.0	0.010318540919531315	
1.3923463501660237e9	6.180665117258008e8	7.742798384402229e8	0.0	50.0	0.0	0.6179591836734694	0.617894502559537	0.8166666666666667	38.0	0.012580306702516801	
1.3925264862383478e9	6.181960280909727e8	7.74330458147375e8	0.0	50.0	0.0	0.8024489795918367	0.8023154389025454	0.8032786885245902	37.0	0.003644616445017521	
1.3957627924918833e9	6.205348297160516e8	7.752279627758317e8	0.0	50.0	0.0	0.5714285714285714	0.5734903350179753	0.7	28.0	0.008459306461967193	
1.3515536509180992e9	6.052224846882586e8	7.463311662298406e8	0.0	50.0	0.0	0.20081632653061224	0.19245773732119636	0.5444444444444444	12.0	0.029495477825124326	
1.3963629719668026e9	6.211376787586039e8	7.752252932081985e8	0.0	50.0	0.0	0.4383673469387755	0.44150052465897166	0.6805555555555556	26.0	0.015814404817374426	
1.3923041225468829e9	6.180345581350567e8	7.742695644118261e8	0.0	50.0	0.0	0.8	0.8026183015561102	0.8166666666666667	38.0	0.0038036716859617993	
1.3925310441396623e9	6.181994615840714e8	7.743315825555909e8	0.0	50.0	0.0	0.7608163265306123	0.7610164512338425	0.8032786885245902	37.0	0.0051547605496101035	
1.3988354406713977e9	6.227986462471238e8	7.76036794424274e8	0.0	50.0	0.0	0.4816326530612245	0.47813260564938415	0.6533333333333333	23.0	0.010072325702952953	
1.3925549660418758e9	6.182175215953658e8	7.743374444465101e8	0.0	50.0	0.0	0.6808163265306122	0.6801704190693062	0.8032786885245902	37.0	0.008395732996909664	
1.3975390928531282e9	6.226631213394458e8	7.748759715136825e8	0.0	50.0	0.0	0.40653061224489795	0.389375	0.6363636363636364	21.0	0.011667230162128119	
1.3961911972599514e9	6.208376031039623e8	7.75353594155989e8	0.0	50.0	0.0	0.6685714285714286	0.6672886519421173	0.6901408450704225	27.0	0.004353249762813858	
1.3953948718915277e9	6.202762411411295e8	7.751186307503978e8	0.0	50.0	0.0	0.4751020408163265	0.4768211920529801	0.7101449275362319	29.0	0.017155941196050656	
1.379480449515388e9	6.167267118335717e8	7.627537376818161e8	0.0	50.0	0.0	0.29306122448979594	0.3087629876494805	0.5764705882352941	14.0	0.013096279122929145	
1.392310975014182e9	6.180397259429282e8	7.742712490712538e8	0.0	50.0	0.0	0.756734693877551	0.7554194296589253	0.8166666666666667	38.0	0.0050568684127961765	
1.3962472104035072e9	6.208797706355306e8	7.753674397679765e8	0.0	50.0	0.0	0.566530612244898	0.5615135250039858	0.6901408450704225	27.0	0.009326644061122805	
1.3982058469466958e9	6.223132362983816e8	7.758926106483142e8	0.0	50.0	0.0	0.5061224489795918	0.5082119205298014	0.6621621621621622	24.0	0.010281235038868354	
1.3930753126346262e9	6.185953332049539e8	7.744799794296722e8	0.0	50.0	0.0	0.6204081632653061	0.6155892524607608	0.7777777777777778	35.0	0.011170839713257826	
1.394045631988521e9	6.19315431330427e8	7.74730200658094e8	0.0	50.0	0.0	0.4840816326530612	0.48877374784110533	0.7424242424242424	32.0	0.022061806477678088	
1.394424975788032e9	6.195722816432679e8	7.748526941447642e8	0.0	50.0	0.0	0.5787755102040816	0.5814944452899102	0.7313432835820896	31.0	0.011017785406033272	
1.393388905146311e9	6.188233519676921e8	7.745655531786189e8	0.0	50.0	0.0	0.5853061224489796	0.584965695535448	0.765625	34.0	0.01219385514800906	
1.3749915845473425e9	6.136469173907763e8	7.613446671565663e8	0.0	50.0	0.0	0.24653061224489795	0.2557012542759407	0.5975609756097561	16.0	0.03216582111447623	
1.2948106239178963e9	5.943726431647661e8	7.004379807531302e8	0.0	50.0	0.0	0.1510204081632653	0.16274089935760172	0.4375	5.0	0.007891145881210329	
1.3948597979488177e9	6.19886593943986e8	7.749732040048317e8	0.0	50.0	0.0	0.5142857142857142	0.5200153227351082	0.7205882352941176	30.0	0.016020333573137015	
1.3127138435079336e9	5.905701485045791e8	7.221436950033548e8	0.0	50.0	0.0	0.15020408163265306	0.13884673748103188	0.5104166666666666	10.0	0.039800478410922574	
1.3668913777218494e9	6.16382254465059e8	7.505091232567903e8	0.0	50.0	0.0	0.25142857142857145	0.2337452982267598	0.5268817204301075	8.0	0.004285629447652653	
1.3974239220856063e9	6.217826214776336e8	7.756413006079729e8	0.0	50.0	0.0	0.5028571428571429	0.5156905856486108	0.6712328767123288	25.0	0.009150228172310688	
1.395731571305515e9	6.205109844218005e8	7.752205868837144e8	0.0	50.0	0.0	0.590204081632653	0.5943340835698209	0.7	28.0	0.00788957178594555	
1.3928178879163117e9	6.184089164280216e8	7.744089714882901e8	0.0	50.0	0.0	0.6351020408163265	0.6346031880258762	0.7903225806451613	36.0	0.010022594963829753	
1.3963466768005712e9	6.209651149113904e8	7.753815618891808e8	0.0	50.0	0.0	0.5036734693877551	0.49811549333692284	0.6901408450704225	27.0	0.011533129698882842	
1.3933709854616044e9	6.188097672199755e8	7.745612182416289e8	0.0	50.0	0.0	0.643265306122449	0.6454620123203285	0.765625	34.0	0.008591406140848114	
1.382284635704031e9	6.157010590868464e8	7.665835766171845e8	0.0	50.0	0.0	0.2857142857142857	0.28970223325062033	0.6282051282051282	20.0	0.0392276813070285	
1.3495218888453221e9	6.036821347765253e8	7.458397540687969e8	0.0	50.0	0.0	0.2073469387755102	0.2032878909382518	0.5632183908045977	13.0	0.03058322714225722	
1.3483478761133451e9	6.036814511318547e8	7.446664249814904e8	0.0	50.0	0.0	0.2179591836734694	0.2224231464737794	0.550561797752809	12.0	0.018563396187004266	
