0.0	2.8140821241804976e7	1.4750670175058736e7	-0.030385799687677868	1.095212848802264e-11	
0.01	2.7878578005513713e7	1.4751129398834279e7	-0.02003672046921633	-6.10524382530169e-13	
0.02	2.7621455705200408e7	1.4752793290007181e7	-0.009689406946566809	2.659107797756973e-12	
0.03	2.73693955023633e7	1.4755661739418915e7	0.0006563357880298428	7.277991363467488e-14	
0.04	2.7122320819480933e7	1.4759751229840882e7	0.011000341279751743	-9.494826654915873e-12	
0.05	2.688016457030617e7	1.4765072414521363e7	0.02134284597280502	-4.89462972993897e-11	
0.06	2.6642856970717434e7	1.4771640565151442e7	0.03168391424632052	6.728820869837027e-12	
0.07	2.641033235462615e7	1.4779469234965572e7	0.0420235505344944	8.383458852880022e-12	
0.08	2.61825270150006e7	1.4788571947377635e7	0.05236182010101199	-1.7288221035460038e-10	
0.09	2.5959375240248214e7	1.4798969165332468e7	0.0626988734056325	1.4111722957635903e-11	
0.1	2.5740822408167962e7	1.4810665069505336e7	0.07303468430997012	4.939128978776399e-12	
0.11	2.552680703919746e7	1.4823678676824046e7	0.08336930084564528	-1.2165723670785123e-11	
0.12	2.531727173015994e7	1.4838024431417562e7	0.09370279706220964	-2.922320828329812e-10	
0.13	2.511215960266783e7	1.4853720372837523e7	0.104035266925893	-3.3700244579038845e-11	
0.14	2.491141582297843e7	1.487078384660483e7	0.11436675518285457	-4.106255824902583e-11	
0.15	2.471498740281139e7	1.4889232441903645e7	0.12469733232292812	-1.3832418731117026e-10	
0.16	2.4522822461835124e7	1.4909090146311928e7	0.13502710955062971	-5.86883670545574e-11	
0.17	2.4334872010915942e7	1.4930364845143357e7	0.14535606364238862	-6.024926216557465e-11	
0.18	2.415108684155736e7	1.4953079923191518e7	0.1556842918838653	-1.0924467905825497e-10	
0.19	2.3971419496597674e7	1.497725371496649e7	0.1660118464597376	9.551162283558106e-9	
0.2	2.379582420145548e7	1.5002908552661482e7	0.1763388061020699	5.551771518848479e-7	
0.21	2.3320696627675686e7	1.486744654928348e7	0.18666360994638548	22.471811976170898	
0.22	2.278786443950252e7	1.469675864189632e7	0.19698320453182175	49.669906098592094	
0.23	2.2266916334057037e7	1.4527869690759275e7	0.20729764165795111	76.44709727867618	
0.24	2.175794010986548e7	1.4360941195764143e7	0.2176068862500619	102.78366973793092	
0.25	2.12605317410922e7	1.419589063468617e7	0.2279111459033037	128.69769562329026	
0.26	2.077454044706599e7	1.403275184105146e7	0.23821042610062548	154.18777282834853	
0.27	2.029967690829524e7	1.3871490728455946e7	0.24850484839801007	179.26370436598586	
0.28	1.9835656931911603e7	1.371207145086286e7	0.258794529398594	203.93530941794037	
0.29	1.9382318970363386e7	1.3554516933338774e7	0.2690794754663721	228.2026366808471	
0.3	1.8939300810998358e7	1.3398746206708726e7	0.27935988523389194	252.08270675921838	
0.31	1.8506476504521642e7	1.324479605243453e7	0.2896357330705512	275.5731118393682	
0.32	1.8083555808823712e7	1.3092616276925243e7	0.29990715676906593	298.685588376499	
0.33	1.7670307719784528e7	1.29421842101612e7	0.31017423987239223	321.427241813923	
0.34	1.72665683346183e7	1.2793512039124256e7	0.320437000280437	343.79954956032725	
0.35	1.6872017778477285e7	1.2646522319722412e7	0.3306956212724159	365.8181556739517	
0.36	1.6486544828854978e7	1.250125245135486e7	0.3409500718113592	387.48040254211054	
0.37	1.6109891957212793e7	1.2357654366240766e7	0.3512004782524173	408.79706848847843	
0.38	1.5741847092883203e7	1.2215702682725068e7	0.361446923397343	429.77522497475115	
0.39	1.5382267914208882e7	1.2075412317518843e7	0.37168941632325325	450.4156659155981	
0.4	1.5030875922050616e7	1.1936711669858629e7	0.38192812137874443	470.7324000369246	
0.41	1.4687557121336274e7	1.1799628969481537e7	0.39216302216738846	490.7240672327812	
0.42	1.4352104924953235e7	1.1664132291412905e7	0.40239420973521156	510.39844150408453	
0.43	1.4024298989151865e7	1.1530176548600012e7	0.41262179665522286	529.7651248932173	
0.44	1.370403304984408e7	1.139779073932383e7	0.42284576437381477	548.8225844076511	
0.45	1.339107103311359e7	1.1266913377893671e7	0.4330662521857337	567.5826869780316	
0.46	1.3085277976623688e7	1.1137549670247901e7	0.4432832819314291	586.047332009498	
0.47	1.2786507238941034e7	1.1009695538976619e7	0.45349689150988615	604.2197820003324	
0.48	1.2494529528446954e7	1.0883282966502322e7	0.46370722710836076	622.1124804630247	
0.49	1.2209261520666372e7	1.0758349529024e7	0.47391425387689884	639.7225220987779	
0.5	1.1930522935610043e7	1.0634858489902072e7	0.48411806305488675	657.0576898504634	
0.51	1.1658135624288479e7	1.051277038489959e7	0.4943187488292348	674.1260137424233	
0.52	1.1392007280624595e7	1.0392111896793488e7	0.5045162942534406	690.9261088566435	
0.53	1.1131951283385105e7	1.0272831383572802e7	0.5147108122277009	707.4675875264262	
0.54	1.0877839623996861e7	1.0154921917631209e7	0.524902340445795	723.7536918771067	
0.55	1.0629560618325315e7	1.0038389180732843e7	0.5350908957911161	739.7859025754733	
0.56	1.0386935039712708e7	9.923177190917397e6	0.5452765948717985	755.5741392463951	
0.57	1.0149866523601443e7	9.809300152236205e6	0.5554594394469085	771.1186014051797	
0.58	9.918234746326488e6	9.696749753370864e6	0.5656394676768656	786.4225689758758	
0.59	9.691870676060108e6	9.585468545620268e6	0.5758167952767674	801.4958793958984	
0.6	9.47069705043617e6	9.475483324602194e6	0.5859914029534681	816.336951454564	
0.61	9.254592285470169e6	9.36677729185622e6	0.5961633406658527	830.9500603221119	
0.62	9.04339882549299e6	9.259293441478036e6	0.6063327203741707	845.3447194707184	
0.63	8.837050059584351e6	9.153064688432042e6	0.6164995125918635	859.5184865138451	
0.64	8.63542815028353e6	9.048070150073683e6	0.6266637718259256	873.4760177743252	
0.65	8.438387442442028e6	8.944254595911449e6	0.6368256044451736	887.2263480041734	
0.66	8.245866190951304e6	8.841651915667387e6	0.6469849790281009	900.766871982295	
0.67	8.0577536709410325e6	8.740240779268138e6	0.6571419489292565	914.1021451439725	
0.68	7.873916241544229e6	8.6399689240487e6	0.667296613384872	927.2405939725955	
0.69	7.69429271914457e6	8.540866564662647e6	0.6774489461394341	940.1800498793947	
0.7	7.518781857593484e6	8.44291520626841e6	0.6875989945090528	952.9245549990466	
0.71	7.347262209699069e6	8.346067020817577e6	0.6977468487140676	965.4817693586722	
0.72	7.179669471984173e6	8.25034358803698e6	0.7078924948938049	977.8505702687766	
0.73	7.015913714708311e6	8.155732573273907e6	0.718035969602092	990.034088552829	
0.74	6.855886151155329e6	8.062192695288876e6	0.7281773512914783	1002.0389866348827	
0.75	6.6995157475707e6	7.969730898387246e6	0.7383166469328737	1013.8658978262042	
0.76	6.546725514967174e6	7.87834473566896e6	0.7484538772061836	1025.5166116147116	
0.77	6.39742017803609e6	7.788002551449372e6	0.7585891047562466	1036.9964535421827	
0.78	6.251518140600979e6	7.698688980405337e6	0.768722367895861	1048.308696565402	
0.79	6.108956949132007e6	7.610415908821849e6	0.7788536654848819	1059.4532892256714	
0.8	5.969655262140493e6	7.523164296240709e6	0.788983040595614	1070.433904654945	
0.81	5.833519200963198e6	7.436890538025261e6	0.7991105705167663	1081.257095396973	
0.82	5.700500076386238e6	7.351622349935662e6	0.8092362307546698	1091.920841886684	
0.83	5.57052309600649e6	7.267342963491348e6	0.8193600598708298	1102.4284343345635	
0.84	5.443506856367772e6	7.1840201620283425e6	0.8294821175282836	1112.7849372816347	
0.85	5.319389009228811e6	7.101652057949619e6	0.8396024202900372	1122.9917863267508	
0.86	5.198110555970187e6	7.020241410940786e6	0.8497209781211669	1133.0498619915393	
0.87	5.079603333396234e6	6.93977162306779e6	0.8598378276926831	1142.9622911957863	
0.88	4.963790277073213e6	6.8602044737712005e6	0.8699530349792206	1152.7346635428053	
0.89	4.8506262492600605e6	6.781562269070067e6	0.8800665820167028	1162.3655085912155	
0.9	4.740049001825749e6	6.703831568319498e6	0.8901785000459997	1171.8574938526099	
0.91	4.631993822252276e6	6.626990164844681e6	0.9002888318581447	1181.214256406395	
0.92	4.52639940189067e6	6.551019215556496e6	0.910397615135609	1190.439002256054	
0.93	4.423219613955448e6	6.475931475788979e6	0.9205048443559939	1199.5313063408364	
0.94	4.322397078437972e6	6.401712337225361e6	0.9306105510018393	1208.4938528503058	
0.95	4.223871632788962e6	6.328336646672577e6	0.9407147803399746	1217.330482313467	
0.96	4.12759263043432e6	6.255798722082746e6	0.9508175510071195	1226.0427973396643	
0.97	4.033514099071163e6	6.184102721433049e6	0.9609188682896648	1234.6312794375026	
0.98	3.9415840700182286e6	6.113235104922796e6	0.9710187609813156	1243.0983834259664	
0.99	3.851747845483299e6	6.043170988362347e6	0.9811172725949725	1251.4477981327987	
1.0	3.763960526095664e6	5.973908808460074e6	0.991214415276199	1259.6805787608464	
1.01	3.678178845796804e6	5.905449769911207e6	1.0013101973749998	1267.7974620476282	
1.02	3.5943556739930585e6	5.837781274079671e6	1.0114046453072196	1275.8006999420359	
1.03	3.512442018288128e6	5.770881028797533e6	1.0214977979170825	1283.6935854759163	
1.04	3.432395916038821e6	5.704744919649215e6	1.0315896698195357	1291.4773786663527	
1.05	3.354178092995741e6	5.639375398098341e6	1.0416802668752945	1299.1526054604049	
1.06	3.277745759298703e6	5.57476069582226e6	1.051769613390137	1306.7213377503515	
1.07	3.203055572779378e6	5.51088318001503e6	1.0618577410312844	1314.1862632707623	
1.08	3.1300668380281334e6	5.447730528490733e6	1.0719446742479075	1321.5494636867613	
1.09	3.0587448506992585e6	5.385309912696804e6	1.0820304119755617	1328.8108827829947	
1.1	2.9890507276704833e6	5.323610299700114e6	1.0921149766395957	1335.9724319571123	
1.11	2.9209465926294993e6	5.262620901006415e6	1.1021983901098726	1343.0359752181776	
1.12	2.854391998102068e6	5.202315708320912e6	1.1122806936407243	1350.0049983847866	
1.13	2.789356983326959e6	5.142709815091399e6	1.1223618752539797	1356.8785299776607	
1.14	2.725806190777486e6	5.083792843341119e6	1.1324419556914014	1363.6583376672486	
1.15	2.6637051769068902e6	5.02555468719284e6	1.1425209551311546	1370.3461411497158	
1.16	2.6030184668792807e6	4.967975821681539e6	1.152598905612521	1376.9446514992303	
1.17	2.5437154513937617e6	4.911056557588345e6	1.1626758135368	1383.4544340660618	
1.18	2.485765732154664e6	4.854795728492512e6	1.172751687067852	1389.8762015902266	
1.19	2.4291379608916384e6	4.7991837879823055e6	1.1828265449289255	1396.2115495158735	
1.2	2.373801390009914e6	4.744210286536842e6	1.1929004068106774	1402.4621534070416	
1.21	2.319724503784487e6	4.689855356792654e6	1.2029733042251167	1408.630676001382	
1.22	2.2668815614504423e6	4.636129854478228e6	1.2130452293478136	1414.7164915315811	
1.23	2.2152440218585515e6	4.583024739282603e6	1.223116199585181	1420.7210829585144	
1.24	2.1647840581476544e6	4.530531181724655e6	1.2331862319102074	1426.6458963385537	
1.25	2.115473642059038e6	4.478634049151054e6	1.2432553511514624	1432.4930331378596	
1.26	2.0672868935808316e6	4.42732849966882e6	1.2533235688944595	1438.263487840127	
1.27	2.0201992843768895e6	4.376616172189801e6	1.2633908883510498	1443.957555417322	
1.28	1.9741854671109223e6	4.326488678798631e6	1.2734573253400583	1449.5765833041269	
1.29	1.929220719054868e6	4.2769378147803955e6	1.2835228953053506	1455.1218870013624	
1.3	1.8852799018027347e6	4.2279462342211045e6	1.2935876251703866	1460.5957393627284	
1.31	1.842340851470753e6	4.17951779749661e6	1.3036515147842	1465.9981529993509	
1.32	1.800380954808719e6	4.131648694853493e6	1.313714573610026	1471.3299427798227	
1.33	1.7593776847355007e6	4.0843311116363434e6	1.3237768160727952	1476.5923371120282	
1.34	1.7193090623233248e6	4.0375573937468403e6	1.333838256271123	1481.7865366049352	
1.35	1.6801527244968645e6	3.991309366582305e6	1.3438989215834034	1486.9148486295617	
1.36	1.6418891969283323e6	3.9455958541098973e6	1.353958804911047	1491.9767048937597	
1.37	1.6044979949147783e6	3.900409882690508e6	1.3640179191340742	1496.9732030141633	
1.38	1.5679590873117016e6	3.8557441468398734e6	1.3740762774458914	1501.9054662082679	
1.39	1.53225280029669e6	3.811589680618838e6	1.3841338950579316	1506.7747853291526	
1.4	1.4973596920316366e6	3.7679336370124095e6	1.3941907920591696	1511.5828570081399	
1.41	1.4632620326146698e6	3.7247822333694063e6	1.4042469640577717	1516.3293374907707	
1.42	1.4299415655993426e6	3.682128489522051e6	1.4143024234139665	1521.015278756348	
1.43	1.3973804723315919e6	3.6399655568563514e6	1.424357182227169	1525.6417105569474	
1.44	1.3655611902326199e6	3.598283449754838e6	1.4344112565464966	1530.2099910704073	
1.45	1.334466693952832e6	3.557074007689504e6	1.444464660013692	1534.721277356001	
1.46	1.3040809011996961e6	3.5163406553219995e6	1.4545173912421012	1539.175474741248	
1.47	1.2743875704078441e6	3.476076839598869e6	1.4645694615849771	1543.5735491695802	
1.48	1.245370846410717e6	3.436276125697126e6	1.4746208821653974	1547.9164469639716	
1.49	1.2170150896382397e6	3.3969279221240394e6	1.4846716694369575	1552.205557615159	
1.5	1.1893052725606996e6	3.358027567688029e6	1.4947218321082	1556.441625463947	
1.51	1.1622268975949562e6	3.319576417489651e6	1.504771370945619	1560.6247337124491	
1.52	1.135765512020164e6	3.2815683074531374e6	1.5148202964014874	1564.7557713126282	
1.53	1.1099070045610084e6	3.243997180725349e6	1.5248686187241212	1568.8356098269808	
1.54	1.0846374651533533e6	3.2068520391708002e6	1.53491635460991	1572.865656712484	
1.55	1.0599435652306504e6	3.1701310875505907e6	1.544963508620858	1576.846309634656	
1.56	1.0358122874326475e6	3.1338339990230454e6	1.555010083258005	1580.7777946859242	
1.57	1.0122307681848339e6	3.0979549665573705e6	1.565056088164638	1584.6609316794238	
1.58	989186.445885951	3.062488281223968e6	1.5751015328026585	1588.4965249617544	
1.59	966666.9556047193	3.027422619643693e6	1.5851464341012897	1592.2859992557105	
1.6	944660.4389228007	2.992758739811278e6	1.5951907928266538	1596.0294351723842	
1.61	923155.2398693622	2.958494820587905e6	1.6052346130604915	1599.7271888090859	
1.62	902139.9071761485	2.924625385050915e6	1.6152779037174305	1603.3800177020946	
1.63	881603.25679546	2.8911450467931163e6	1.6253206735503027	1606.988665589924	
1.64	861534.2989150712	2.8580421880994034e6	1.6353629397796017	1610.5545794560392	
1.65	841922.4616307288	2.8253199633174874e6	1.6454046994953109	1614.0775331816765	
1.66	822757.3296556216	2.7929751417659936e6	1.6554459583511283	1617.558012089961	
1.67	804028.7071782454	2.7610025537477257e6	1.6654867246035687	1620.9967174689211	
1.68	785726.6349631292	2.7293971137374705e6	1.6755270063644507	1624.3943382672844	
1.69	767841.3436598012	2.6981469365706695e6	1.6855668212131791	1627.7523494940594	
1.7	750363.397105751	2.6672574561195876e6	1.6956061625995558	1631.0702215857023	
1.71	733283.5030976713	2.6367240831781467e6	1.7056450377993333	1634.3485732289873	
1.72	716592.5820284621	2.6065419356785705e6	1.7156834544731476	1637.5880547861516	
1.73	700281.7596137613	2.576705013537104e6	1.7257214218578105	1640.7894472137693	
1.74	684342.3598739251	2.5472048070012857e6	1.7357589528103416	1643.953831757235	
1.75	668765.9448310594	2.518045286216094e6	1.7457960423128112	1647.0808051450101	
1.76	653544.2368826474	2.4892217639842033e6	1.7558326976053604	1650.1709817829883	
1.77	638669.148951592	2.460729628887891e6	1.765868925807961	1653.2249658325045	
1.78	624132.7747471448	2.4325616952267857e6	1.7759047378111217	1656.243674221495	
1.79	609927.3958257445	2.404713685808359e6	1.785940140303706	1659.2276747750184	
1.8	596045.4782882719	2.377187112338703e6	1.7959751313648973	1662.1768203651682	
1.81	582479.6488619329	2.3499775475272774e6	1.8060097177310788	1665.0916823592322	
1.82	569222.7031834772	2.32308063562095e6	1.816043906030917	1667.9728229438958	
1.83	556267.5967149365	2.296488157085352e6	1.826077708756438	1670.8212907730765	
1.84	543607.45566558	2.2701997041258863e6	1.836111126640657	1673.6371581801368	
1.85	531235.5619409054	2.244214508501396e6	1.8461441608161084	1676.420530480534	
1.86	519145.3465187441	2.218528388856236e6	1.85617681756106	1679.171939911411	
1.87	507330.3903130369	2.1931372315144604e6	1.8662091030575176	1681.8919105081513	
1.88	495784.4145194324	2.168031981276849e6	1.8762410312792337	1684.5816128375884	
1.89	484501.2978110963	2.1432156380073167e6	1.8862725973351504	1687.2406514402496	
1.9	473475.0516287675	2.1186853862540415e6	1.8963038053041066	1689.8693751921087	
1.91	462699.82246775506	2.0944372776584981e6	1.9063346610479217	1692.4682807688635	
1.92	452169.889223155	2.0704666319882064e6	1.916365171637971	1695.0379650601456	
1.93	441879.65824299573	2.0467661804341846e6	1.9263953484605367	1697.5793829530112	
1.94	431823.67607164773	2.0233394020528912e6	1.9364251853320555	1700.0920307537353	
1.95	421996.6045950908	2.0001825073620556e6	1.9464546878150695	1702.5763795711023	
1.96	412393.2272807933	1.9772917686513546e6	1.9564838613936912	1705.032893835658	
1.97	403008.4451548754	1.9546610497619638e6	1.966512715680543	1707.4623805543993	
1.98	393837.2794895493	1.9322877592056706e6	1.976541254388589	1709.8651568457217	
1.99	384874.86512893863	1.910172627296324e6	1.9865694754353516	1712.2410585043058	
2.0	376116.4444423468	1.8883120766689873e6	1.9965973840320617	1714.5905266544685	
2.01	367557.3685102719	1.8667025884415929e6	2.006624985321472	1716.9139965919371	
2.02	359193.10123527516	1.8453369041331739e6	2.0166522911795717	1719.2124625922297	
2.03	351019.2020223517	1.8242163516613143e6	2.026679298276333	1721.48565618674	
2.04	343031.3294284327	1.8033393089184433e6	2.036706008359629	1723.7337303255638	
2.05	335225.24337346747	1.7827023993999863e6	2.046732426323694	1725.9570990848888	
2.06	327596.80313505157	1.7623020051097262e6	2.0567585575595992	1728.1562176900352	
2.07	320141.98946795834	1.7421310016074635e6	2.0667844141707103	1730.3320988571484	
2.08	312856.8145272255	1.722192913082024e6	2.0768099882594844	1732.4840938055165	
2.09	305737.41071249975	1.702484499816324e6	2.0868352844883793	1734.6125968249132	
2.1	298780.00030898524	1.6830025778046197e6	2.096860307462982	1736.7179973771722	
2.11	291980.92028214753	1.6637421408089728e6	2.1068850654671945	1738.8009905065442	
2.12	285336.5767402097	1.6447004563400422e6	2.116909562456529	1740.8619115676706	
2.13	278843.39415162615	1.625878430397987e6	2.1269337949960896	1742.900481525654	
2.14	272497.9271716721	1.6072730120025538e6	2.1369577674750384	1744.9170713868054	
2.15	266296.81230996654	1.5888812095598713e6	2.1469814842209276	1746.912046956583	
2.16	260236.84647122858	1.5706973260569498e6	2.1570049553792647	1748.88625775247	
2.17	254314.76468801656	1.5527214065674911e6	2.167028179114916	1750.8395571267104	
2.18	248527.37253176328	1.5349526122995338e6	2.1770511552466463	1752.7719356672435	
2.19	242871.6036539144	1.51738808929341e6	2.187073887881935	1754.6837404711096	
2.2	237344.4663378211	1.50002505515417e6	2.1970963810390187	1756.5753111525223	
2.21	231943.179233022	1.4828582193937313e6	2.2071186445538973	1758.4474714124638	
2.22	226664.77669908013	1.4658877956167993e6	2.2171406759019394	1760.3000164449695	
2.23	221506.38938059733	1.4491126571395528e6	2.2271624753907355	1762.1329768214298	
2.24	216465.29127317746	1.4325301727012738e6	2.2371840467883963	1763.9466709918984	
2.25	211538.82284958148	1.4161377996216575e6	2.2472053937231116	1765.7414057131782	
2.26	206724.38875831064	1.3999330889113643e6	2.2572265196627206	1767.517474346401	
2.27	202019.7213597171	1.383911042895568e6	2.26724743459614	1769.2757134886156	
2.28	197422.02096862654	1.3680730743729256e6	2.277268132530091	1771.0156283873314	
2.29	192928.85940877083	1.3524168618879186e6	2.2872886166580706	1772.7374892953776	
2.3	188537.87206754842	1.3369401040849877e6	2.2973088901813297	1774.4415670679218	
2.31	184246.74909270144	1.321640584496205e6	2.3073289561370296	1776.128118841198	
2.32	180053.233629052	1.3065161609205357e6	2.3173488174156622	1777.7973894785266	
2.33	175955.1193205297	1.2915647601173457e6	2.327368476765269	1779.4496119144321	
2.34	171950.24824461294	1.2767843694925318e6	2.3373879368046677	1781.085008251134	
2.35	168036.51172731197	1.2621730164196994e6	2.3474072000748047	1782.703794036901	
2.36	164211.84789008662	1.2477287687525759e6	2.357426269032486	1784.3061777406551	
2.37	160474.24085353658	1.2334497274102936e6	2.3674451460676957	1785.8923621938102	
2.38	156821.7197552725	1.2193340218158034e6	2.377463833514141	1787.4625454691818	
2.39	153252.35691863185	1.2053798093635219e6	2.3874823336481654	1789.0169207882182	
2.4	149764.264693301	1.1915852784010584e6	2.397500648675783	1790.5556754360414	
2.41	146355.59421469568	1.177948643812809e6	2.407518780742885	1792.0789916100462	
2.42	143024.52766919677	1.1644681598010748e6	2.417536731887041	1793.5870423858996	
2.43	139769.272898008	1.1511421201784527e6	2.427554504026356	1795.079990775857	
2.44	136588.05595750504	1.1379688605532853e6	2.437572098939561	1796.557988048269	
2.45	133479.112970117	1.124946758226765e6	2.4475895182513443	1798.0211724841517	
2.46	130440.68328532555	1.1120742267551827e6	2.457606763435877	1799.4696696510173	
2.47	127471.4247214821	1.0993490142476074e6	2.467623838583654	1800.903824183925	
2.48	124570.59303463831	1.0867681994348092e6	2.477640750806473	1802.3242341327616	
2.49	121735.76699516941	1.0743316677645561e6	2.487657496071781	1803.7305638022383	
2.5	118965.28768474054	1.0620379418366845e6	2.4976740755608677	1805.1229140031146	
2.51	116257.47781831199	1.0498855625302147e6	2.5076904903265596	1806.5013746214386	
2.52	113610.64151008394	1.0378730755414524e6	2.517706741339181	1807.8660284522334	
2.53	111025.45495359834	1.0259966329653516e6	2.5277228409000707	1809.2179095684792	
2.54	108499.2146414531	1.0142562459302519e6	2.5377387838056773	1810.556582986788	
2.55	106030.07737799101	1.002650787339728e6	2.5477545697108885	1811.8820210122976	
2.56	103616.41095514309	991178.8660069256	2.5577701994118685	1813.1942915510535	
2.57	101257.89851134086	979838.1172113114	2.5677856789420916	1814.4939028125993	
2.58	98954.2446604825	968626.4512868023	2.5778010135090303	1815.7812941130462	
2.59	96702.58298678715	957543.5689975849	2.587816198381625	1817.0560686212514	
2.6	94501.3510842692	946588.1191762792	2.597831234294874	1818.3182888471883	
2.61	92350.15054012406	935758.1272802548	2.6078461258740018	1819.5683448838158	
2.62	90249.3545846192	925051.437812953	2.6178608795498786	1820.806779478363	
2.63	88195.8605666514	914467.6614101406	2.6278754904388966	1822.0331819176101	
2.64	86188.19686550323	904005.4735460537	2.6378899593186267	1823.2476180776598	
2.65	84226.38787454863	893662.9881752181	2.6479042911560096	1824.4505072999216	
2.66	82310.48727752888	883438.4863213089	2.657918490365562	1825.642222822059	
2.67	80437.6036751693	873331.2911894275	2.6679325533597287	1826.8224622039745	
2.68	78606.37280534478	863340.1069262655	2.677946480996434	1827.9912979287344	
2.69	76817.46148270374	853463.111597239	2.6879602789419956	1829.149209019775	
2.7	75070.11135452321	843698.9972226425	2.6979739489465397	1830.296343827398	
2.71	73361.88185273905	834046.840596138	2.7079874890025772	1831.4325326054425	
2.72	71691.52119378863	824505.3828350911	2.718000900037264	1832.5578535687043	
2.73	70060.3610495808	815072.9091156399	2.728014188214207	1833.6728285931529	
2.74	68466.69123229895	805748.3651758456	2.738027353047776	1834.777416603967	
2.75	66908.60915527339	796530.6809093549	2.7480403938993354	1835.8715632012947	
2.76	65384.97186416525	787418.6416948523	2.7580533117372705	1836.9553500142354	
2.77	63897.67360858886	778410.6747754508	2.7680661128651134	1838.0293116434777	
2.78	62444.15129033778	769505.8385355901	2.7780787953258335	1839.0932817377611	
2.79	61023.01738307031	760703.0057349424	2.7880913594701826	1840.1472895289874	
2.8	59633.261798266205	752001.0073585779	2.798103806331665	1841.1914221406917	
2.81	58277.07352947923	743398.4312865607	2.8081161418633322	1842.2261852512158	
2.82	56951.37661343919	734894.3538795277	2.8181283635462733	1843.2513641173832	
2.83	55655.17075451723	726487.6543055113	2.828140472280594	1844.267034550444	
2.84	54387.7375653066	718177.2030754548	2.8381524693695726	1845.2733066569008	
2.85	53150.85912813081	709961.7607699967	2.848164359489529	1846.2705781376578	
2.86	51941.76069218015	701840.3632865349	2.858176140840704	1847.2586948789592	
2.87	50759.529002569216	693811.9364007394	2.868187814323856	1848.2377327260956	
2.88	49603.59268668002	685875.4029421306	2.87819938126946	1849.2078041704917	
2.89	48475.53464353944	678029.6357341096	2.8882108455994486	1850.1692430926623	
2.9	47372.799741434	670273.665862402	2.8982222059804728	1851.121934722071	
2.91	46294.55457635051	662606.4656329066	2.9082334633019844	1852.0659539403819	
2.92	45240.23600693521	655027.0117361275	2.9182446187556272	1853.0014014476114	
2.93	44211.43289929201	647534.2570209823	2.928255675887787	1853.9285794493296	
2.94	43205.72788738831	640127.2480307546	2.9382666336439947	1854.8473966792542	
2.95	42222.35825957219	632805.0026674768	2.9482774928918	1855.7579261643543	
2.96	41260.649567639666	625566.5480588883	2.958288254582282	1856.6602480708873	
2.97	40322.37742377824	618410.9006106297	2.9682989221442093	1857.5546548914056	
2.98	39405.186416274955	611337.1332030594	2.978309494667126	1858.4410674432074	
2.99	38508.37843144543	604344.3078171172	2.988319972992228	1859.3195565263775	
3.0	37631.291024460705	597431.496459873	2.998330357984768	1860.1901949984249	
3.01	36775.37307977735	590597.7733601653	3.008340652488832	1861.0532255109754	
3.02	35938.92468521461	583842.2400630027	3.0183508562768973	1861.9086272801765	
3.03	35121.08932619905	577164.0019537152	3.028360969952285	1862.7564507414156	
3.04	34321.259494835045	570562.1733327407	3.0383709943441213	1863.596765702077	
3.05	33540.3274542415	564035.8767240215	3.0483809315938597	1864.4297546922232	
3.06	32777.52722702666	557584.2486036409	3.0583907823068817	1865.2554683826309	
3.07	32031.735577554122	551206.4347548971	3.068400546782007	1866.0739310879787	
3.08	31302.394488345813	544901.5897477968	3.078410225811964	1866.8852095420639	
3.09	30589.79605692899	538668.877764805	3.0884198208877445	1867.6894305044952	
3.1	29894.165947454836	532507.4730973014	3.098429333397619	1868.4867119477287	
3.11	29214.0899225181	526416.5595521068	3.1084387633476918	1869.2770530482433	
3.12	28549.055039641815	520395.3300269782	3.118448111495054	1870.06051753087	
3.13	27898.74926541976	514442.98675132723	3.1284573787441996	1870.8371818069002	
3.14	27264.371299714072	508558.7413957454	3.1384665671803993	1871.6072238359725	
3.15	26644.22899648176	502741.814236443	3.1484756765510107	1872.3706205694261	
3.16	26037.852343758423	496991.4346576752	3.158484707580004	1873.127432937899	
3.17	25444.792874421604	491306.8408940761	3.168493660994461	1873.877722154585	
3.18	24865.82712616779	485687.28008801816	3.178502538451638	1874.6216294280975	
3.19	24300.34121118351	480132.0078222646	3.188511340506055	1875.3592011545434	
3.2	23747.462302989232	474640.2881657187	3.1985200675066525	1876.0904660687136	
3.21	23206.77521597656	469211.3936425626	3.2085287201439137	1876.8154822896834	
3.22	22678.209158701353	463844.6051562159	3.2185372993546486	1877.5343291262193	
3.23	22162.550492728864	458539.212351483	3.2285458067027863	1878.2471397899521	
3.24	21658.447918504127	453294.51219619473	3.2385542421242666	1878.9539075699086	
3.25	21165.516697949206	448109.8098772383	3.248562606274971	1879.6546876599155	
3.26	20683.39104902294	442984.4183760554	3.2585708998116276	1880.3495353441413	
3.27	20212.731518509812	437917.65992159373	3.2685791241424433	1881.0385704643136	
3.28	19753.08926720441	432908.86361894064	3.27858727983255	1881.721840433285	
3.29	19303.693297701207	427957.3652762887	3.288595367195915	1882.3993711196804	
3.3	18864.20408995635	423062.50857732986	3.2986033868557336	1883.0712149716471	
3.31	18434.363832869138	418223.6446628677	3.308611339483041	1883.7374285589428	
3.32	18015.235697993194	413440.13750272535	3.3186192267202754	1884.3981517973214	
3.33	17605.515588847462	408711.3502169799	3.3286270484356058	1885.053372356012	
3.34	17204.887643085596	404036.6557767318	3.338634805220319	1885.7031399861692	
3.35	16813.051597183046	399415.4339732893	3.348642497664883	1886.3475043833819	
3.36	16430.169515696274	394847.07479829603	3.3586501266945725	1886.9865439488922	
3.37	16056.595482597597	390330.9783655382	3.368657693370612	1887.620348709122	
3.38	15691.375710363713	385866.54110566695	3.378665197759902	1888.2489235030816	
3.39	15334.230343312178	381453.1703825497	3.3886726404224397	1888.8723154502472	
3.4	14984.893266815237	377090.2798891727	3.39868002191666	1889.4905715505881	
3.41	14643.82454429084	372777.29979082936	3.4086873433451013	1890.1037853668406	
3.42	14310.853831283286	368513.6606357774	3.4186946053233984	1890.7120087713831	
3.43	13985.307870101395	364298.7908143702	3.428701808068633	1891.3152595670065	
3.44	13666.938153703186	360132.1300030123	3.438708952110327	1891.9135823080758	
3.45	13355.508325991526	356013.12376632734	3.4487160379760136	1892.507021392074	
3.46	13051.650401555697	351941.2436961031	3.458723066865468	1893.095678640173	
3.47	12754.874930532482	347915.94526878453	3.468730039095171	1893.6795803951843	
3.48	12464.703741173289	343936.6876880847	3.478736954975009	1894.2587524714188	
3.49	12180.915665440625	340002.9410253274	3.4887438150051584	1894.8332369524203	
3.5	11903.300321215662	336114.18084603094	3.498750619683598	1895.4030757453002	
3.51	11632.542982218078	332269.9199099577	3.5087573702276957	1895.9683720951346	
3.52	11368.03576555857	328469.6357275406	3.518764066803017	1896.5291395364288	
3.53	11109.408162855452	324712.8163697867	3.5287707097517793	1897.0854067003536	
3.54	10856.4628843018	320998.96053067193	3.538777299546115	1897.6372133080952	
3.55	10609.012251236616	317327.5720461634	3.548783836655889	1898.1845988968405	
3.56	10367.691517508605	313698.2017791539	3.5587903222397146	1898.7276616218726	
3.57	10131.952433374816	310110.3512237916	3.5687967564551513	1899.2664144096454	
3.58	9901.45256155592	306563.5336088124	3.578803139617527	1899.8008836475865	
3.59	9676.015496285732	303057.27460605424	3.5888094721723003	1900.331106808714	
3.6	9455.473429707403	299591.1047135679	3.598815754562677	1900.8571211825194	
3.61	9240.329034462691	296164.60617111606	3.6088219878184655	1901.3790138940876	
3.62	9030.237045818683	292777.3127115293	3.6188281722200495	1901.8968083701598	
3.63	8824.81806065949	289428.7566222323	3.6288343080017653	1902.410524155433	
3.64	8623.913961211929	286118.48901913327	3.6388403955837645	1902.9201965894515	
3.65	8427.374352071884	282846.06555995735	3.648846435384019	1903.4258608340865	
3.66	8235.510590415786	279611.0892678922	3.6588524282430734	1903.9275878896456	
3.67	8048.281598202804	276413.14093084977	3.668858374675903	1904.4254211180166	
3.68	7865.224781907002	273251.7633411077	3.6788642747906564	1904.9193694002624	
3.69	7686.198056662455	270126.53162152343	3.688870128983491	1905.4094660545302	
3.7	7511.066302221809	267037.0251793599	3.698875937648527	1905.8957442307078	
3.71	7339.915993064129	263982.8539335954	3.7088817013897453	1906.3782548504785	
3.72	7173.065628140464	260963.6658807035	3.718887421042098	1906.8570683648861	
3.73	7009.944270669604	257979.00394870865	3.728893096555031	1907.3321802670325	
3.74	6850.423906692024	255028.46591487908	3.738898728302011	1907.8036219613002	
3.75	6694.382830187261	252111.65360680796	3.7489043166545954	1908.2714246955622	
3.76	6541.705241203707	249228.1728750972	3.7589098619823176	1908.7356195505204	
3.77	6392.984871984115	246377.74715270457	3.7689153653941183	1909.1963000906476	
3.78	6247.632344805783	243559.92316671516	3.778920826762213	1909.6534553392046	
3.79	6105.500882598211	240774.3152579272	3.7889262464061204	1910.1071121461016	
3.8	5966.480571500833	238020.5464167141	3.798931624676072	1910.5572999609683	
3.81	5830.4668695040145	235298.24344768704	3.808936961920456	1911.0040480806813	
3.82	5697.698453698039	232607.10458594272	3.818942258863292	1911.447417500747	
3.83	5568.179981146802	229946.7927700692	3.828947515972879	1911.8874476143608	
3.84	5441.5460652273105	227316.89721404976	3.8389527332929503	1912.3241420009008	
3.85	5317.69716964834	224717.06087766428	3.8489579111535654	1912.7575284092309	
3.86	5196.538665409871	222146.93034322633	3.85896304988312	1913.1876344504808	
3.87	5077.992423015623	219606.15870448668	3.868968149822367	1913.6144887791345	
3.88	4962.580124250665	217094.55381123404	3.878973212024123	1914.03818003949	
3.89	4849.754218178321	214611.6675376003	3.888978236270508	1914.4586897934698	
3.9	4739.424312845937	212157.161677643	3.89898322287249	1914.8760441805882	
3.91	4631.504519046721	209730.7014717188	3.90898817213956	1915.29026921794	
3.92	4525.913163975664	207331.95559112326	3.9189930843796468	1915.7013907929984	
3.93	4422.808539732889	204960.66800883436	3.9289979601995646	1916.1094599435999	
3.94	4322.281448819027	202616.5732711379	3.939002800125534	1916.5145209077718	
3.95	4223.994114456198	200299.27570761336	3.949007604128717	1916.916571223781	
3.96	4127.868365375623	198008.4581495525	3.9590123725007142	1917.3156354005869	
3.97	4033.829914176078	195743.80669938715	3.969017105531747	1917.7117378331807	
3.98	3941.8081117077054	193505.01071717727	3.9790218035106073	1918.1049027964127	
3.99	3852.1409424822364	191291.91437451993	3.9890264672794324	1918.4952010656284	
4.0	3764.5772650042945	189104.15534041033	3.999031096882525	1918.8826363492858	
