0.0	500000.0	500000.0	1.0	2000.0	
0.031042040646859902	501359.55002823024	501674.3485514299	0.9999968910882533	1999.7373046124017	
0.1	504392.66899187735	505413.35464843595	0.9999899518902529	1999.1509644711941	
0.2	508824.47966920264	510886.2808208684	0.9999798038047055	1998.2934971256796	
0.3	513295.7157169371	516419.30847840384	0.9999695549299964	1997.4275294899937	
0.4	517806.3771350807	522012.43762104237	0.9999592052661256	1996.5530615641367	
0.5	522356.46392363345	527665.6682487838	0.9999487548130932	1995.6700933481084	
0.5328722272701623	523860.78891233134	529537.1366503619	0.999945297505046	1995.3779856484693	
0.6	526945.8505472526	533378.759681971	0.9999382039365536	1994.7786556176177	
0.7	531576.0870367213	539154.6294967902	0.999927548167008	1993.8783721234815	
0.8	536247.5271404168	544993.9452516044	0.9999167864829956	1992.9691568797925	
0.9	540960.1708583392	550896.7069464137	0.9999059188845165	1992.051009886551	
1.0	545714.0181904885	556862.9145812182	0.9998949453715705	1991.1239311437562	
1.0351602628318322	547395.2739428385	558975.7244797309	0.9998910618888678	1990.795845516696	
1.1	550508.9295175485	562892.2983196101	0.9998838663527965	1990.1879550425656	
1.2	555346.5006053603	568987.8912361213	0.9998726772002852	1989.2426920315593	
1.3	560227.1339090883	575150.4602617185	0.9998613767452122	1988.2880437282322	
1.4	565150.8294287327	581380.0053964016	0.9998499649875779	1987.3240101325844	
1.5	570117.5871642935	587676.5266401707	0.9998384419273821	1986.350591244616	
1.5369677332670835	571964.5869484135	590021.164115435	0.9998341539348297	1985.988364278358	
1.6	575127.2548138695	594039.7271243525	0.9998268080126534	1985.367824767783	
1.7	580181.4776801551	600472.7646959687	0.999815058444244	1984.3753067709192	
1.8	585280.7038801741	606976.5016746793	0.9998031919131873	1983.372927084784	
1.9	590424.9334139264	613550.9380604842	0.9997912084194834	1982.3606857093769	
2.0	595614.1662814121	620196.0738533835	0.9997791079631323	1981.3385826446986	
2.038295964346625	597613.3503319797	622759.6145172362	0.9997744430039363	1980.9445469567108	
2.1	600848.2389800391	626911.5874911948	0.9997668910276764	1980.306658579693	
2.2	606128.8526294504	633700.7758950933	0.9997545526224308	1979.2644934975115	
2.3	611456.4968881889	640564.5905508123	0.9997420913088014	1978.2119663290578	
2.4	616831.1717562546	647503.0314583519	0.9997295070867882	1977.1490770743317	
2.5	622252.8772336476	654516.098617712	0.9997167999563911	1976.0758257333332	
2.5391480779816957	624388.1804014553	657281.9054950321	0.9997117918826416	1975.6528461504433	
2.6	627721.4399567777	661603.4479089287	0.9997039704331404	1974.992255683206	
2.7	633238.6245702333	668768.5328066392	0.9996910133099657	1973.897928733021	
2.8	638804.9570342354	676012.385328584	0.9996779270326651	1972.792714095442	
2.9	644420.4373487841	683335.0054747632	0.9996647116012387	1971.6766117704688	
3.0	650085.0655138795	690736.3932451769	0.9996513670156864	1970.5496217581017	
3.0395272104784192	652337.6878296718	693683.6760180775	0.9996460566582333	1970.1011516979465	
3.1	655798.6596079854	698216.1840933088	0.9996378938200454	1969.4117898302948	
3.2	661563.0568180484	705778.0085847034	0.9996242865617124	1968.2626571724045	
3.3	667378.8130646617	713422.9681695779	0.9996105435884293	1967.102084757325	
3.4	673245.9283478252	721151.0628479323	0.9995966649001962	1965.930072585056	
3.5	679164.402667539	728962.2926197666	0.9995826504970129	1964.7466206555976	
3.53943650566356	681512.5630087184	732065.6262217921	0.9995770863920386	1964.2767632709229	
3.6	685134.046941377	736856.2748972513	0.9995685009476007	1963.5517768135696	
3.7	691156.781066785	744836.8407230007	0.9995542105207561	1962.3450588418302	
3.8	697233.1835181362	752905.147397192	0.9995397774872196	1961.1263212463368	
3.9	703363.2542954306	761061.1949198253	0.9995252018469911	1959.895564027089	
4.0	709546.9933986681	769304.9832909005	0.9995104836000708	1958.652787184087	
4.038879111323369	711965.6653052784	772533.7827688485	0.9995047227762496	1958.1663615960179	
4.1	715784.2062337929	777636.1148471248	0.9994956233352157	1957.3980402431573	
4.2	722076.9065212004	786058.6470236366	0.9994806150061722	1956.1308145219543	
4.3	728425.686873957	794573.7769311959	0.9994654568311451	1954.850960118801	
4.4	734830.5472920629	803181.5045698024	0.9994501488101338	1953.5584770336966	
4.5	741291.4877755179	811881.8299394564	0.9994346909431387	1952.2533652666416	
4.537858175594126	743752.1162273178	815199.7780463271	0.999428799773957	1951.7559782703488	
4.6	747808.3103091795	820674.3442528057	0.9994190838328909	1950.9356755143506	
4.7	754383.1342328717	829563.359334367	0.9994033210789705	1949.6048693430096	
4.8	761016.5569550021	838550.0936873151	0.9993874008747534	1948.2607947748725	
4.9	767708.578475571	847634.5473116505	0.9993713232202399	1946.903451809939	
5.0	774459.1987945781	856816.7202073727	0.9993550881154298	1945.5328404482093	
5.036376843294519	776929.396681425	860181.1439179054	0.9993491432415706	1945.0309641023127	
5.1	781268.2192312456	866096.197894755	0.9993386961688414	1944.149011868352	
5.2	788137.8769044225	875477.576068909	0.9993221405850293	1942.7513944529821	
5.3	795068.76385304	884962.0739678255	0.9993054195632367	1941.339836730585	
5.4	802060.8800770983	894549.6915915048	0.9992885331034635	1939.9143387011611	
5.5	809114.2255765969	904240.4289399468	0.9992714812057097	1938.47490036471	
5.534438252203267	811557.4485098922	907601.6207884961	0.9992655705327653	1937.9759559055694	
5.6	816228.6046876606	914033.8733502792	0.9992542644731209	1937.0215724429881	
5.7	823406.3844419251	923934.9345844636	0.9992368756737819	1935.5537466546557	
5.8	830648.1406593629	933944.809929418	0.9992193130461311	1934.0712748374758	
5.9	837953.8733399743	944063.4993851426	0.9992015765901685	1932.5741569914487	
6.0	845323.582483759	954291.002951637	0.9991836663058942	1931.0623931165742	
6.032045529273215	847698.7805054098	957591.4827770944	0.9991778900830496	1930.57484167075	
6.1	852757.0803585156	964626.9200836625	0.999165582775943	1929.5360322045283	
6.2	860256.8755514247	975076.5045538668	0.9991473182913312	1927.994425901488	
6.3	867823.5162999517	985640.9072786033	0.9991288711651808	1926.4374323385737	
6.4	875457.002604097	996320.1282578722	0.9991102413974918	1924.8650515157851	
6.5	883157.3344638604	1.0071141674916734e6	0.9990914289882643	1923.2772834331224	
6.529201786786443	885418.5791122097	1.0102878798362133e6	0.9990859009740088	1922.8107240356026	
6.6	890924.3385786674	1.0180226504912772e6	0.9990724344793286	1921.6741736456434	
6.7	898760.6756926555	1.0290512035369821e6	0.9990532496466101	1920.0550305361194	
6.8	906666.8547917212	1.040200905412897e6	0.9990338729149607	1918.4197216433095	
6.9	914642.8758758649	1.051471756119022e6	0.9990143042843802	1916.7682469672136	
7.0	922688.7389450863	1.062863755655357e6	0.9989945437548687	1915.1006065078316	
7.025910118441768	924784.8240323024	1.0658351976986846e6	0.9989893924762313	1914.6658819706347	
7.1	930804.2936216383	1.074376574163308e6	0.998974591800625	1913.4168401280979	
7.2	938992.3617212933	1.0860162360273134e6	0.998954439649118	1911.7162101488025	
7.3	947253.4012549048	1.0977837212982373e6	0.9989340858747776	1909.9985966973184	
7.4	955587.412222473	1.1096790299760795e6	0.9989135304776037	1908.2639997736455	
7.5	963994.3946239975	1.1217021620608398e6	0.9988927734575962	1906.5124193777842	
7.522173595378012	965868.4089676266	1.124385436579666e6	0.9988881435698734	1906.1217305931111	
7.6	972474.2319520157	1.1338528566986967e6	0.9988718151863646	1904.7438867419346	
7.7	981029.9135706163	1.1461375573256705e6	0.9988506463166821	1902.9576159261321	
7.8	989661.8350364157	1.1585571184498346e6	0.9988292656102802	1901.1535028161206	
7.9	998369.9963494142	1.1711115400711894e6	0.9988076730671588	1899.3315474119004	
8.0	1.0071543975096117e6	1.1838008221897343e6	0.9987858686873179	1897.4917497134713	
8.01799526212321	1.0087432677399395e6	1.1860986096085967e6	0.9987819224417762	1897.1587790182725	
8.1	1.0160149698139002e6	1.1966248044895786e6	0.9987638526948448	1895.634128545682	
8.2	1.0249548733443179e6	1.2095903636733312e6	0.9987416151516101	1893.757848353143	
8.3	1.0339744303201691e6	1.2226982024652213e6	0.9987191550431262	1891.8628238442743	
8.4	1.0430736407414536e6	1.235948320865248e6	0.9986964723693932	1889.9490550190765	
8.5	1.0522525046081715e6	1.2493407188734123e6	0.9986735671304111	1888.0165418775491	
8.5133781324723	1.0534865060439312e6	1.2511431620179683e6	0.9986704859579856	1887.756586152031	
8.6	1.0615110185449936e6	1.2628753769761985e6	0.9986504393457146	1886.0652860444463	
8.7	1.0708525122145477e6	1.276559610162875e6	0.9986270784835009	1884.0944021240866	
8.8	1.080277224622969e6	1.2903939446450113e6	0.9986034837869564	1882.10382649375	
8.9	1.0897851557702576e6	1.3043783804226078e6	0.9985796552560811	1880.093559153436	
9.0	1.0993763056564135e6	1.318512917495664e6	0.998555592890875	1878.0636001031448	
9.008325185284301	1.1001785391016041e6	1.3196964121679128e6	0.9985535791104795	1877.8937143249912	
9.1	1.1090507580295005e6	1.3327977279633945e6	0.9985312964347631	1876.0139277546323	
9.2	1.1188120055431551e6	1.3472405580360375e6	0.9985067547768869	1873.943608108995	
9.3	1.1286601955987923e6	1.361841735329165e6	0.9984819674478265	1871.8526017069792	
9.4	1.1385953281964115e6	1.3766012598427765e6	0.998456934447582	1869.740908548585	
9.5	1.148617403336013e6	1.3915191315768724e6	0.9984316557761534	1867.608528633812	
9.502839360199	1.1489032355009993e6	1.3919450155429034e6	0.9984309344368435	1867.5476806626605	
9.6	1.1587266187282943e6	1.406595777685602e6	0.9984061308119938	1865.4554096954175	
9.7	1.1689266166697266e6	1.4218393530749576e6	0.9983803479017741	1863.280572214418	
9.8	1.1792174466002453e6	1.4372499686747082e6	0.998354306887146	1861.0840028812202	
9.9	1.1895991085198505e6	1.4528276244848531e6	0.9983280077681096	1858.8657016958246	
9.996923553264946	1.1997480675168072e6	1.4680854529149835e6	0.9983022714115789	1856.6949060818263	
10.0	1.2000715502170844e6	1.4685722022441365e6	0.9983014507128445	1856.625682792994	
10.1	1.210635272751877e6	1.484484817409366e6	0.9982746341209681	1854.3638116379834	
10.2	1.2212938898374499e6	1.5005736368964536e6	0.9982475463650388	1852.0791109674985	
10.3	1.2320474014738027e6	1.5168386607053997e6	0.9982201874450565	1849.7715807815393	
10.4	1.2428958076609352e6	1.5332798888362036e6	0.9981925573610213	1847.4412210801056	
10.490580612476217	1.2528042682270051e6	1.5483245439308928e6	0.9981672958076614	1845.3106617976925	
10.5	1.2538389542355281e6	1.5498969687812817e6	0.9981646566123445	1845.0880738330056	
10.6	1.2648778344707137e6	1.5666921484709785e6	0.9981364819972773	1842.7118699338112	
10.7	1.2760158527572968e6	1.5836731930689164e6	0.9981080225005179	1840.3116836427457	
10.8	1.2872530090952774e6	1.600840102575096e6	0.9980792781220661	1837.8875149598098	
10.9	1.298589303484655e6	1.6181928769895164e6	0.9980502488619222	1835.4393638850033	
10.983813333210247	1.3081669957562832e6	1.6328799874452073e6	0.9980256990269057	1833.3690132209608	
11.0	1.3100244837222984e6	1.635730934127266e6	0.9980209355417564	1832.967299464429	
11.1	1.3215600711887148e6	1.653457757762587e6	0.9979913332238858	1830.4709067330805	
11.2	1.3331992293426273e6	1.6713806300885435e6	0.9979614316155107	1827.949320740475	
11.3	1.3449419581840362e6	1.6894995511051356e6	0.9979312307166311	1825.402541486613	
11.4	1.3567882577129412e6	1.7078145208123631e6	0.9979007305272471	1822.8305689714941	
11.476624453562128	1.365935504995492e6	1.7219809299908963e6	0.9978771573976195	1820.842761118218	
11.5	1.368737786745439e6	1.7263247440632873e6	0.9978699321652758	1820.2334971271055	
11.6	1.3807926244391303e6	1.7450350318033996e6	0.9978388288409518	1817.6107553933016	
11.7	1.3929556631802851e6	1.7639521033764323e6	0.9978074110912731	1814.961548614856	
11.8	1.405226902968903e6	1.7830759587823858e6	0.99777567891624	1812.2858767917683	
11.9	1.4176063438049841e6	1.8024065980212593e6	0.9977436323158522	1809.5837399240388	
11.969016649568005	1.4262133271653822e6	1.81586856385071e6	0.9977213314379597	1807.7033799030291	
12.0	1.4300935707878193e6	1.821943044758113e6	0.9977112726573691	1806.8552528841842	
12.1	1.4426912424981336e6	1.8416915116640597e6	0.9976785912075995	1804.0996818667259	
12.2	1.455401952340767e6	1.861658078591116e6	0.9976455794349482	1801.3163100377906	
12.3	1.4682257003157195e6	1.881842745539282e6	0.9976122373394154	1798.5051373973783	
12.4	1.481162486422991e6	1.9022455125085574e6	0.997578564921001	1795.6661639454892	
12.46099253031076	1.4891084576135045e6	1.9147967562690536e6	0.9975578650833296	1793.920952918842	
12.5	1.494211844708672e6	1.92286527215906e6	0.9975445637241112	1792.799519425821	
12.6	1.5073770247500998e6	1.9437096911524106e6	0.9975102230129644	1789.9043018427922	
12.7	1.5206602961693336e6	1.9647841386930014e6	0.9974755352802271	1786.9798804724155	
12.8	1.534061658966374e6	1.9860886147808328e6	0.9974405005258993	1784.026255314691	
12.9	1.54758111314122e6	2.007623119415904e6	0.9974051187499808	1781.0434263696188	
12.952554632898284	1.5547335522546247e6	2.0190327114235193e6	0.9973863848760741	1779.464104568324	
13.0	1.56121817309621e6	2.0293864866863242e6	0.9973693915715309	1778.031529638719	
13.1	1.5749766785802857e6	2.0513878608184024e6	0.997333306233678	1774.9894934087974	
13.2	1.5888585547422138e6	2.0736318373485666e6	0.9972968563338751	1771.9167798167957	
13.3	1.6028638015819944e6	2.096118416276817e6	0.9972600418721222	1768.8133888627133	
13.4	1.6169924190996268e6	2.118847597603153e6	0.9972228628484193	1765.6793205465508	
13.443705417307736	1.6232061330886201e6	2.128857666860018e6	0.9972064991156517	1764.299929136835	
13.5	1.6312439437229356e6	2.1418182559161973e6	0.9971853208180027	1762.5147054935678	
13.6	1.645622789515519e6	2.165041000495479e6	0.9971474010347928	1759.3183049780996	
13.7	1.660130521717612e6	2.1885196014237483e6	0.9971090982650895	1756.0896793643487	
13.8	1.6747671403292147e6	2.2122540587010053e6	0.9970704125088927	1752.828828652315	
13.9	1.6895326453503266e6	2.2362443723272495e6	0.9970313437662024	1749.5357528419984	
13.934447261084006	1.6946488032538972e6	2.2445676261828993e6	0.9970177969673741	1748.393916150744	
14.0	1.7044266488629663e6	2.260489588106994e6	0.9969918933475377	1746.2105619878637	
14.1	1.7194541053819107e6	2.2850017232661806e6	0.9969520446109726	1742.8518582204063	
14.2	1.7346162113603326e6	2.3097836854884876e6	0.9969117935344797	1739.4593037126017	
14.3	1.7499129667982322e6	2.334835474773916e6	0.9968711401180589	1736.0328984644505	
14.4	1.7653443716956088e6	2.3601570911224643e6	0.9968300843617101	1732.5726424759525	
14.42478245388308	1.7691894721009762e6	2.366474129884878e6	0.9968198475277169	1731.7098721038142	
14.5	1.7809101812821587e6	2.38574791960126e6	0.9967886271006506	1729.0786058660738	
14.6	1.7966158353008223e6	2.4116212739217235e6	0.9967467499645812	1725.549245713014	
14.7	1.8124621605718103e6	2.437779181438723e6	0.9967044501592649	1721.9843273360177	
14.8	1.8284491570951235e6	2.464221642152259e6	0.9966617276847016	1718.383850735085	
14.9	1.8445768248707613e6	2.490948656062331e6	0.9966185825408913	1714.7478159102154	
14.914713191845285	1.8469615907980425e6	2.4949050662978375e6	0.996612198844112	1714.2098383773334	
15.0	1.8608451457673335e6	2.517960159329896e6	0.9965750147992759	1711.0762288226153	
15.1	1.877259964400645e6	2.54527058517982e6	0.9965310046171064	1707.367423015173	
15.2	1.8938217468144943e6	2.5728810865390804e6	0.9964865504110861	1703.6212655217396	
15.3	1.910530493008881e6	2.600791663407678e6	0.996441652181215	1699.8377563423146	
15.4	1.9273862029838052e6	2.629002315785611e6	0.9963963099274933	1696.0168954768983	
15.404241571787317	1.9281043990105432e6	2.6302055247488567e6	0.9963943768870364	1695.85400517153	
15.5	1.9443891871208556e6	2.657513793849184e6	0.996350522601996	1692.1585948755785	
15.6	1.9615455851828037e6	2.6863413951329757e6	0.9963042692501399	1688.2610948499969	
15.7	1.9788555228812783e6	2.715485433400134e6	0.9962575494426116	1684.3243593491434	
15.8	1.9963190002162796e6	2.7449459086506604e6	0.9962103631794108	1680.3483883730178	
15.89336958519478	2.012763183227442e6	2.7727386931114313e6	0.9961658844721123	1676.6006212577306	
15.9	2.013935836723826e6	2.774722366447545e6	0.9961627110800269	1676.3332339379458	
16.0	2.0317073356115953e6	2.804818056561304e6	0.996114588685624	1672.2785215804363	
16.1	2.0496392465461087e6	2.8352474296219037e6	0.9960659762719102	1668.182595059445	
16.2	2.0677315695273657e6	2.866010485629344e6	0.9960168738388854	1664.0454543749722	
16.3	2.0859843045553672e6	2.8971072245836263e6	0.9959672813865498	1659.867099527018	
16.382099111996954	2.1010895473401905e6	2.922886802054105e6	0.9959262001298326	1656.4058993521346	
16.4	2.1043970152499913e6	2.928536537747395e6	0.9959172004205882	1655.6476569314366	
16.5	2.122972370943287e6	2.9603051650038795e6	0.9958666217489395	1651.3863547331068	
16.6	2.1417153215446454e6	2.992425653466689e6	0.9958155283051187	1647.0817599777843	
16.7	2.160625867054065e6	3.0248980031358236e6	0.9957639200891257	1642.7338726654687	
16.8	2.1797040074715484e6	3.057722214011285e6	0.9957117971009607	1638.34269279616	
16.870431914101538	2.1932416961153476e6	3.081052118405144e6	0.9956747769204168	1635.2239169033528	
16.9	2.1989491195493983e6	3.0908966881346917e6	0.9956591615020548	1633.9084018243952	
17.0	2.2183652058770014e6	3.124431630345589e6	0.995605999434125	1629.429836190569	
17.1	2.237956395031193e6	3.1583375947430464e6	0.9955522965915785	1624.9057948475245	
17.2	2.257722687011972e6	3.192614581327062e6	0.9954980529744152	1620.336277795262	
17.3	2.2776640818193406e6	3.227262590097639e6	0.9954432685826351	1615.7212850337812	
17.358369628663297	2.2893847322386564e6	3.247657990173381e6	0.9954110411911975	1613.00651207689	
17.4	2.2977798601904255e6	3.2622797595030735e6	0.9953879459233643	1611.0610270167006	
17.5	2.3180752907263027e6	3.2976796434941087e6	0.9953320666611769	1606.3539644146842	
17.6	2.338553672421269e6	3.33347074656374e6	0.9952756193088726	1601.5991328790126	
17.7	2.359215005275325e6	3.3696530687119653e6	0.9952186038664514	1596.7965324096858	
17.8	2.380059289288471e6	3.4062266099387878e6	0.9951610203339134	1591.9461630067035	
17.84591376105209	2.3896909676463907e6	3.4231499458901393e6	0.9951343912738243	1589.7031747107987	
17.9	2.401085825218937e6	3.443189541901526e6	0.9951028711611687	1587.0482302935188	
18.0	2.4223010400322443e6	3.4805585425110357e6	0.9950441338702761	1582.1008473208733	
18.1	2.443707410902784e6	3.5183400511173345e6	0.9949847997939623	1577.1032865305767	
18.2	2.4653049378305557e6	3.5565340677204216e6	0.9949248689322272	1572.0555479226293	
18.3	2.4870936208155607e6	3.5951405923202997e6	0.9948643412850707	1566.9576314970304	
18.333065677483482	2.494340249900853e6	3.607996851068583e6	0.9948441961184628	1565.260932007371	
18.4	2.5090729256436094e6	3.6341582097905027e6	0.9948032187345022	1561.8096951782727	
18.5	2.531250282821146e6	3.673606366337297e6	0.9947414751667951	1556.6095469877198	
18.6	2.5536273745135157e6	3.7134894710292853e6	0.9946791046683585	1551.3566905602481	
18.7	2.5762042007207167e6	3.753807523866466e6	0.9946161072391925	1546.0511258958577	
18.8	2.5989807614427516e6	3.794560524848842e6	0.994552482879297	1540.6928529945478	
18.819826597259404	2.603520304407133e6	3.8026921247076704e6	0.994539793862052	1539.6242287169416	
18.9	2.6219568657080345e6	3.8357479488753346e6	0.9944882322675584	1535.2819287693062	
19.0	2.645140737951744e6	3.877391500163475e6	0.9944233263632872	1529.815915756345	
19.1	2.6685333146137935e6	3.9194936534455526e6	0.9943577618591397	1524.2945363725312	
19.2	2.6921345956941824e6	3.9620544087215653e6	0.9942915387551161	1518.7177906178642	
19.3	2.715944581192913e6	4.0050737659915164e6	0.9942246570512162	1513.0856784923442	
19.306197584553775	2.717427093310237e6	4.007755018902356e6	0.9942204903275811	1512.7348015611124	
19.4	2.7399636395460176e6	4.048552679136117e6	0.9941571154446409	1507.398090565747	
19.5	2.764200516170339e6	4.092514418133902e6	0.994088882912452	1501.6524232194033	
19.6	2.788655477395445e6	4.1369596925978847e6	0.9940199585097379	1495.8485971543782	
19.7	2.813328523221335e6	4.1818885025280626e6	0.9939503422364986	1489.9866123706722	
19.79217953966083	2.8362651919535124e6	4.223731964755732e6	0.9938855574512362	1484.5315476344765	
19.8	2.838219356157413e6	4.227300048779588e6	0.9938800351528824	1484.0665578299474	
19.9	2.863330055935788e6	4.27319988004808e6	0.9938090298509766	1478.0878117575728	
20.0	2.88866865061358e6	4.319609529452981e6	0.9937372977246959	1472.0479735686977	
20.1	2.914235140190788e6	4.3665289969942905e6	0.9936648387740402	1465.9470432633218	
20.2	2.9400295246674116e6	4.413958282672007e6	0.9935916529990095	1459.7850208414454	
20.27777318959359	2.960248183817905e6	4.451197987916293e6	0.9935342316341859	1454.950386517063	
20.3	2.9660510845833723e6	4.461895437847263e6	0.993517742974501	1453.5621223520343	
20.4	2.992304292997556e6	4.510352524387661e6	0.9934430926926897	1447.277004422446	
20.5	3.0187956576290247e6	4.559347134368399e6	0.9933676788635031	1440.9277127376226	
20.6	3.0455251784777786e6	4.608879267789476e6	0.9932915014869412	1434.5142472975651	
20.7	3.072492855543816e6	4.658948924650888e6	0.9932145605630042	1428.036608102273	
20.762979077883866	3.0895990748968115e6	4.690758197182785e6	0.9931657120156946	1423.924115824358	
20.8	3.099697730299758e6	4.709553486854638e6	0.9931368595362473	1421.495084135488	
20.9	3.127146484817429e6	4.760711127448583e6	0.993058374388804	1414.8876600374365	
21.0	3.154844129924083e6	4.812435496940224e6	0.9929790871114049	1408.212824739827	
21.1	3.1827906656197184e6	4.8647265953295585e6	0.9928989977040502	1401.4705782426602	
21.2	3.2109860919043347e6	4.917584422616585e6	0.9928181061667397	1394.6609205459358	
21.247797553377886	3.224550728486909e6	4.943049349717273e6	0.9927791586642188	1391.382259919531	
21.3	3.2394294413051386e6	4.971006312280234e6	0.9927364159892406	1387.784144378068	
21.4	3.2681293421294303e6	5.025015918950354e6	0.9926538960276922	1380.8376366772534	
21.5	3.2970893642044915e6	5.079623041968344e6	0.9925705333988758	1373.8203165686182	
21.6	3.326309507530321e6	5.134827681334202e6	0.9924863281027916	1366.7321840521624	
21.7	3.355789772106918e6	5.190629837047928e6	0.9924012801394393	1359.5732391278864	
21.732228757739275	3.3653463213859214e6	5.208741496471481e6	0.9923736906831498	1357.2509115148728	
21.8	3.3855294657835728e6	5.247027579074625e6	0.9923153920123745	1352.3436917283352	
21.9	3.415538809346236e6	5.3040491454096595e6	0.9922286266799043	1345.0404342320264	
22.0	3.445820025624156e6	5.361700683944097e6	0.9921409760879937	1337.6627909827116	
22.1	3.476373114617331e6	5.419982194677937e6	0.9920524402366425	1330.210761980391	
22.2	3.5071980763257607e6	5.478893677611176e6	0.9919630191258509	1322.6843472250648	
22.216272611256215	3.5122398224753756e6	5.488539711442742e6	0.9919483842279562	1321.4525658987177	
22.3	3.5382948401079443e6	5.538434913804475e6	0.9918727130035556	1315.0835673664783	
22.4	3.5696747603976387e6	5.5986375112628145e6	0.9917814805587921	1307.4049569371348	
22.5	3.601338851538074e6	5.659504296414747e6	0.9916893181021806	1299.648206463059	
22.6	3.63328711352925e6	5.72103526926027e6	0.9915962256337213	1291.8133159442514	
22.69992879636915	3.665496494610726e6	5.783185908292358e6	0.9915022704316991	1283.9059475452493	
22.7	3.6655195449348264e6	5.783230425685625e6	0.9915022031588284	1283.900285834857	
22.8	3.698039101448255e6	5.846097903879394e6	0.9914072401307091	1275.9082313665592	
22.9	3.7308527618352002e6	5.909657364804208e6	0.9913113108364993	1267.8349956752227	
23.0	3.763960526095664e6	5.973908808460074e6	0.991214415276199	1259.6805787608464	
