0.0	500000.0	500000.0	0.0	2000.0	
0.027024901807878608	502539.6802149638	502135.4068558023	-2.70880482109478e-6	1999.7711112054294	
0.1	509461.74689885176	507947.0372101557	-1.008638740225865e-5	1999.1477115372977	
0.2	519104.986960709	516021.8229312531	-2.035054740036078e-5	1998.2803780151994	
0.3	528930.5899505086	524224.8717554256	-3.0793269347390056e-5	1997.3979325293963	
0.31289009247527505	530210.3876580831	525291.5845254379	-3.215233770689365e-5	1997.2830849711575	
0.4	538940.1616453301	532557.1348476983	-4.1416011937044246e-5	1996.5002514438224	
0.5	549141.7427939553	541023.3429034875	-5.222605802461849e-5	1995.5867174443306	
0.5990675968049783	559437.9412659198	549542.9268114249	-6.312036921091155e-5	1994.6660383316512	
0.6	559535.7195002718	549623.7226798242	-6.322375705023386e-5	1994.6573009110368	
0.7	570124.8726327904	558359.9044053375	-7.441162417491617e-5	1993.7117886450615	
0.8	580917.0585727398	567236.4689321697	-8.579674859616737e-5	1992.7495797012944	
0.8850494786162757	590255.5266337228	574896.4105462797	-9.563496289007281e-5	1991.918087093729	
0.9	591911.9812183306	576253.2458671648	-9.73788645989283e-5	1991.7706966066264	
1.0	603114.684281051	585413.1599894578	-0.00010916251322847789	1990.7747544019087	
1.1	614531.6111449208	594719.9357120912	-0.00012115348768036298	1989.761261966671	
1.1708356711495689	622748.4868032039	601401.3132738473	-0.0001297728200887789	1989.0327288034987	
1.2	626162.3979280039	604173.3662639672	-0.0001333514631314615	1988.7302468417613	
1.3	638014.1456316937	613777.5306083498	-0.00014576280778828642	1987.6811691304706	
1.4	650091.9175040266	623535.3299515997	-0.0001583920575487049	1986.6136442717636	
1.4564270618380923	657006.8019038371	629109.1740730064	-0.00016561454148196264	1986.0031299698212	
1.5	662395.5318270354	633446.664148199	-0.00017123905227058514	1985.527685846949	
1.6	674933.867089036	643516.5870181844	-0.00018431172437003712	1984.4226212939361	
1.7	687710.6691090381	653747.2261145656	-0.0001976134173982988	1983.2981671197822	
1.7418245446054432	693125.2345927664	658073.810726478	-0.00020324471464246187	1982.8221185658015	
1.8	700726.2406400335	664138.7568352706	-0.00021114440395561356	1982.1543002146707	
1.9	713990.8724398182	674696.9846485137	-0.00022491384444138038	1980.9902438413762	
2.0	727507.0904163364	685423.3315635175	-0.000238923985312735	1979.8058075131175	
2.027029017079264	731203.5819545522	688351.4192933342	-0.00024275211055297546	1979.4821673179988	
2.1	741276.0434167251	696318.4463035627	-0.00025317584980227555	1978.6009044670484	
2.2	755308.9714222782	707388.6135130016	-0.0002676794067928555	1977.3746893487876	
2.3	769607.3183137903	718634.6387817921	-0.0002824359357095964	1976.1270536621805	
2.312041379540971	771346.940796994	720000.6781612647	-0.0002842298899993756	1975.9753761543263	
2.4	784173.507667924	730057.8740218048	-0.00029744758425346353	1974.8578152791422	
2.5	799019.1540228259	741664.7554318374	-0.00031272461597178466	1973.5661037925786	
2.596862533849605	813665.9868484677	753082.8566118648	-0.00032777582012518823	1972.2934537866356	
2.6	814144.690299686	753455.5229419573	-0.00032826741343100865	1972.2518867587662	
2.7	829554.6590939019	765432.6833325924	-0.0003440799843968961	1970.9148242832096	
2.8	845260.0077777747	777602.2489255219	-0.0003601719676700965	1969.5540988795492	
2.881493382336077	858277.2685825916	787661.9280923714	-0.0003734925016450415	1968.4276983855382	
2.9	861260.2623313393	789963.962957772	-0.0003765429482556981	1968.169745748259	
3.0	877563.4152349804	802522.1897641808	-0.00039319994737508095	1966.7611693750432	
3.1	894178.1594340232	815281.6621577797	-0.0004101505920071883	1965.3277228531408	
3.1659348266666267	905303.5164342186	823804.6883956674	-0.0004214876072393386	1964.368977302931	
3.2	911104.0289448891	828242.1315130922	-0.00042739447671570505	1963.8694405763695	
3.3	928352.0444538338	841409.5596614024	-0.0004449412463650719	1962.3855044390582	
3.4	945928.7424036881	854787.4743243582	-0.00046279661570191785	1960.8754296912127	
3.450187766673853	954873.9682105635	861580.8789587981	-0.00047187413167762665	1960.1077057955356	
3.5	963834.1126105001	868375.8751216998	-0.00048096057934959575	1959.3392167940829	
3.6	982081.6517435812	882181.9975462451	-0.0004994449061606166	1957.7758674040983	
3.7	1.000675891533826e6	896208.2659044618	-0.0005182535441838488	1956.1850466058163	
3.7342530991558576	1.0071247115436331e6	901063.3154993772	-0.0005247706542450201	1955.6338247004705	
3.8	1.0196178148989055e6	910455.2096591756	-0.0005373873524434122	1954.566681530703	
3.9	1.0389226929456152e6	924930.9426393654	-0.0005568595994475806	1952.9196465369569	
4.0	1.0585932668038723e6	939636.9182126205	-0.0005766726647531373	1951.243739750385	
4.018131716641549	1.0621990442739562e6	942328.0222181606	-0.0005803016140734067	1950.936777011534	
4.1	1.078632150896802e6	954574.5233574866	-0.0005968288189852513	1949.5387685372125	
4.2	1.0990555190565803e6	969752.2749956362	-0.0006173420649251939	1947.8035448753424	
4.3	1.1198646076606389e6	985170.8227109526	-0.0006382134719611481	1946.0379780344035	
4.301824506120014	1.1202478537020416e6	985454.3718055892	-0.0006385975990081475	1946.005483302405	
4.4	1.1410644149190355e6	1.0008327897377517e6	-0.0006594473622926299	1944.2417012985688	
4.5	1.1626709524053645e6	1.0167465317298195e6	-0.0006810575484909002	1942.4135426964588	
4.585332347734815	1.1814300156935286e6	1.0305252315004813e6	-0.0006997956486719818	1940.8283159403172	
4.6	1.1846837446972101e6	1.0329118043758703e6	-0.000703043622967987	1940.5535368153442	
4.7	1.207112779372442e6	1.0493337909739842e6	-0.0007254141835778922	1938.6609541070527	
4.8	1.229970896588799e6	1.0660191338326735e6	-0.0007481802687756193	1936.7348579114707	
4.868656113439771	1.2459128146747237e6	1.0776271154588028e6	-0.000764039572418871	1935.393072031117	
4.9	1.2532574150929984e6	1.082967486959504e6	-0.0007713412972898979	1934.7752975587937	
5.0	1.2769869287388055e6	1.100186352205743e6	-0.0007949097847887603	1932.7812109826468	
5.1	1.3011689821694186e6	1.1176806241033222e6	-0.000818893908389287	1930.7519042698952	
5.151796665615316	1.313872385609889e6	1.1268503437015393e6	-0.0008314802829042826	1929.6869450337285	
5.2	1.3258034776626166e6	1.13545025927095e6	-0.0008432935891354747	1928.6873841273962	
5.3	1.3509087307640724e6	1.153504587344104e6	-0.0008681244781371514	1926.5863223199433	
5.4	1.3764912502605421e6	1.1718469167506094e6	-0.0008933921323138572	1924.448247251357	
5.4347548556446945	1.385494179108839e6	1.1782892079219415e6	-0.0009022761460333624	1923.6964949790674	
5.5	1.402552348482225e6	1.1904779193068251e6	-0.0009190976758034032	1922.2730635234384	
5.6	1.4291129470683348e6	1.209408156943282e6	-0.0009452589238098904	1920.0592591341997	
5.7	1.4561768762536382e6	1.2286395592445165e6	-0.0009718791349628043	1917.806557515165	
5.717531522446538	1.4609734508728418e6	1.2320421444435692e6	-0.0009765933480842663	1917.4076172253824	
5.8	1.4837478392608417e6	1.248173992541647e6	-0.0009989614613129286	1915.5146911407285	
5.9	1.5118479855265527e6	1.2680225387396812e6	-0.0010265246974401642	1913.1820647718907	
6.0	1.540478936080935e6	1.2881860070286216e6	-0.0010545702175128364	1910.8085617707602	
6.000127490963715	1.5405157767508521e6	1.288211914633202e6	-0.0010546062808428317	1910.8055096786836	
6.1	1.569647939492459e6	1.3086680114393416e6	-0.0010831041650364562	1908.3936606722302	
6.2	1.599376696914205e6	1.3294793114911902e6	-0.0011121448890088063	1905.9358039434044	
6.282543570605383	1.6243375947439752e6	1.346905793084708e6	-0.0011364979456239394	1903.8746384035692	
6.3	1.629664358091019e6	1.3506194913962013e6	-0.0011416916744822732	1903.435052278021	
6.4	1.6605256446731433e6	1.3720958087193377e6	-0.0011717569429635422	1900.8903512373602	
6.5	1.6919772184655757e6	1.3939164527823245e6	-0.0012023547349400907	1898.3005089273697	
6.564780553639554	1.7126667753661391e6	1.4082357639029974e6	-0.001222460377096607	1896.5987015461992	
6.6	1.7240182599177686e6	1.4160810293787825e6	-0.0012334843658812686	1895.6655834664978	
6.7	1.7566698333433801e6	1.4385998250667735e6	-0.0012651635434308337	1892.9840715724672	
6.8	1.7899438671558634e6	1.4614786514953668e6	-0.001297402285257961	1890.255122787456	
6.846839213536033	1.8057432218435064e6	1.4723187254312402e6	-0.0013126950878741773	1888.9605914873855	
6.9	1.8238406774735865e6	1.4847176708419123e6	-0.0013302008629884842	1887.478714058581	
7.0	1.8583861958868913e6	1.508329432012283e6	-0.0013635809992579996	1884.6530011190143	
7.1	1.8935880856925002e6	1.5323176356841975e6	-0.0013975491077759033	1881.777439433337	
7.12872030325534	1.903819501711578e6	1.5392767037776902e6	-0.0014074135348752727	1880.9423551399746	
7.2	1.9294491056573328e6	1.5566836185478983e6	-0.0014321075016800497	1878.8518326126182	
7.3	1.9659982181993083e6	1.5814412707447654e6	-0.0014672803583414612	1875.8741278344442	
7.4	2.0032394443866552e6	1.6065925166260332e6	-0.001503071031407361	1872.8440403477985	
7.410424553481645	2.007161511451342e6	1.60923707551346e6	-0.001506837608509373	1872.5251523005911	
7.5	2.0411795303934321e6	1.6321405828220698e6	-0.0015394851481791872	1869.7610923403504	
7.6	2.0798482235342893e6	1.6580996076606466e6	-0.0015765474548762224	1866.6231825405869	
7.6919526707970345	2.1160491758916583e6	1.6823327999275262e6	-0.0016112001457903086	1863.6892119615813	
7.7	2.1192460390399345e6	1.684469838579739e6	-0.0016142583818246662	1863.430274411343	
7.8	2.159387512033996e6	1.711258148981796e6	-0.0016526299992240486	1860.181342988367	
7.9	2.2002984760417505e6	1.7384767074954933e6	-0.001691683723501695	1856.87456961376	
7.97330533579473	2.2307771841958193e6	1.7587026612409733e6	-0.0017207454685329332	1854.4137864845616	
8.0	2.241977655513827e6	1.7661249230098973e6	-0.0017314185041841263	1853.510043502418	
8.1	2.284449332997939e6	1.794214162957147e6	-0.001771854426817198	1850.086058919839	
8.2	2.3277323497337997e6	1.8227532249286321e6	-0.0018130070588006128	1846.6012938093334	
8.254483201127325	2.3516557643449865e6	1.8384915211982788e6	-0.0018357299478417488	1844.6771035324036	
8.3	2.3718263058220893e6	1.8517419332876338e6	-0.001854876078145694	1843.0557755252921	
8.4	2.4167632135454183e6	1.8811951360267308e6	-0.0018974878700836226	1839.4472631809615	
8.5	2.462555566849731e6	1.9111186155987973e6	-0.0019408527227213978	1835.7748830014773	
8.535486889487364	2.479011498132072e6	1.9218505824705155e6	-0.0019564225961571165	1834.4563156516338	
8.6	2.509205621323804e6	1.9415134237222148e6	-0.0019849725004142684	1832.0384766486306	
8.7	2.5567505998328924e6	1.9723966696415462e6	-0.0020298777769114955	1828.235447323962	
8.8	2.6051975098431483e6	2.0037715675189137e6	-0.0020755743026442024	1824.3653066060278	
8.81631699151696	2.6131881787851145e6	2.008937663322572e6	-0.0020831056881833346	1823.7274473922137	
8.9	2.6545533709193724e6	2.0356413373823354e6	-0.0021220678411818994	1820.4275649459673	
9.0	2.704857528657793e6	2.068023901361866e6	-0.002169390598206235	1816.4194867451865	
9.096974063642492	2.7545477134502227e6	2.0999174840142652e6	-0.0022160754120839356	1812.4653398464545	
9.1	2.7561122491054568e6	2.1009202908719187e6	-0.0022175444277897625	1812.3409145159842	
9.2	2.8083328806692045e6	2.1343374670447796e6	-0.0022665418759242237	1808.1907825334677	
9.3	2.8615560735836322e6	2.1682919729873957e6	-0.002316412837754346	1803.9665512826195	
9.37745862583048	2.9034710728812492e6	2.1949619654237684e6	-0.002355642552393439	1800.6435924833647	
9.4	2.915780181586162e6	2.202783076689401e6	-0.002367155978612664	1799.6683341509029	
9.5	2.9710345381986424e6	2.2378239391166586e6	-0.002418795174975385	1795.2941027821066	
9.6	3.0273458774375613e6	2.27342652201947e6	-0.002471352160869695	1790.8420108021642	
9.657771159260735	3.060359290806768e6	2.294250540400987e6	-0.0025021332061614006	1788.2345021490416	
9.7	3.084713336689148e6	2.309590453480073e6	-0.002524826246056268	1786.3121168602602	
9.8	3.1431773871039464e6	2.3463337217131276e6	-0.00257925025418392	1781.701632322508	
9.9	3.202755776494572e6	2.383664197656031e6	-0.002634638565181981	1777.00933548604	
9.937912103912655	3.2256345155746313e6	2.3979704783782572e6	-0.002655889533913794	1775.2089990978145	
10.0	3.263450900434804e6	2.4215829542820016e6	-0.0026909931299671495	1772.2350606048296	
10.1	3.325310816912145e6	2.460111158137097e6	-0.0027483527901474448	1767.3755075440267	
10.2	3.388345522007119e6	2.4992532025858234e6	-0.0028067256171258634	1762.4299905197163	
10.217881856059119	3.3997411168103023e6	2.5063172237856654e6	-0.002817270547088108	1761.536579912757	
10.3	3.452563602293e6	2.539012862698043e6	-0.0028661185497065355	1757.3979199604473	
10.4	3.518016354509293e6	2.5794125270760073e6	-0.0029265729037315216	1752.2757852719637	
10.497680765664175	3.583146849969966e6	2.619494748839955e6	-0.002986652933674383	1747.1852371677169	
10.5	3.5847072395795365e6	2.6204537043263423e6	-0.002988091464936201	1747.063349750819	
10.6	3.6526555793624558e6	2.662144792126536e6	-0.003050689776479574	1741.7592926335997	
10.7	3.7219095633390164e6	2.7045066309033865e6	-0.0031144065157986595	1736.360327287985	
10.777309133677704	3.7763440818190644e6	2.7377159212965243e6	-0.003164431923870619	1732.1213856765153	
10.8	3.792467060310111e6	2.747538312868362e6	-0.003179239983050773	1730.8665981713689	
10.9	3.864366352910544e6	2.791256294102464e6	-0.003245220840724181	1725.2754995771436	
11.0	3.9376420570883006e6	2.835675413550108e6	-0.0033123767793080366	1719.5846783388292	
11.05676720922309	3.9798510800279994e6	2.8612028877773937e6	-0.0033510221976434367	1716.3097851679356	
11.1	4.0122932097768737e6	2.8807952758457125e6	-0.0033807070430331714	1713.7941986931435	
11.2	4.088372924298855e6	2.926638497271152e6	-0.0034502540188936226	1707.9004583364492	
11.3	4.1659036350223054e6	2.973214609492133e6	-0.003521035592195927	1701.9019372571263	
11.336055186669345	4.194213370241359e6	2.9901874733089795e6	-0.0035468588361658978	1699.7134592182288	
11.4	4.244889053415585e6	3.0205252017165385e6	-0.003593054735028055	1695.7983828619408	
11.5	4.325391997787492e6	3.068596778602087e6	-0.003666361404227819	1689.5855492340315	
11.6	4.407424546607148e6	3.117434425488517e6	-0.003740965195712297	1683.2626207955486	
11.615173202582575	4.420005164155527e6	3.1249115977282724e6	-0.003752398319193245	1682.2936102652911	
11.7	4.490999236871057e6	3.16704342017602e6	-0.0038168760773379736	1676.8287503186261	
11.8	4.576182338212702e6	3.2174514685412957e6	-0.0038941465663858764	1670.279473977117	
11.894121332547313	4.6578308623217605e6	3.2656277096379655e6	-0.003968119570524251	1664.009530521287	
11.9	4.662976783714179e6	3.2686597986218277e6	-0.003972778988168847	1663.614594129595	
12.0	4.751412140606553e6	3.3206807115432904e6	-0.004052796739705542	1656.8321219794054	
12.1	4.841547272071063e6	3.3735385918973307e6	-0.004134246305107899	1649.9281062474442	
12.172899587850994	4.908326635588507e6	3.4125992386165466e6	-0.004194525053790398	1644.8185085924556	
12.2	4.933379435611081e6	3.427232322667673e6	-0.004217125534289017	1642.9027297106397	
12.3	5.026962484158012e6	3.4817840731875943e6	-0.004301476864388104	1635.7523848774679	
12.4	5.122337341121816e6	3.537210646358505e6	-0.004387332503388819	1628.4743338058422	
12.451507912020034	5.172162089297366e6	3.5661010664116554e6	-0.004432141920907181	1624.675731607042	
12.5	5.219503872132493e6	3.5935120080448664e6	-0.004474692365172544	1621.068583819826	
12.6	5.318534089576756e6	3.6507175249678604e6	-0.0045636129907418365	1613.530328178655	
12.7	5.419453118240456e6	3.708837420648223e6	-0.0046541140859822985	1605.8578916156591	
12.729946177196332	5.450042014561357e6	3.7264200178696914e6	-0.00468152321561996	1603.534182643984	
12.8	5.522268485370025e6	3.767874769414276e6	-0.00474620157139501	1598.0507707790223	
12.9	5.6270628142588e6	3.8278629557739175e6	-0.0048399400893831875	1590.1034698540216	
13.0	5.733848195924822e6	3.8888068544413107e6	-0.004935339089410151	1582.0151854587955	
13.00821418034294	5.742708231178869e6	3.8938553723794245e6	-0.004943249134677537	1581.3445332464894	
13.1	5.842645787381553e6	3.9507149878301374e6	-0.005032415116084594	1573.784510902291	
13.2	5.95353966406271e6	4.013621013378975e6	-0.00513123371236989	1565.4058734604462	
13.286311639259704	6.050941526963546e6	4.0687193966271826e6	-0.005217928349262238	1558.0550307966053	
13.3	6.066529615027143e6	4.077524858902776e6	-0.005231794723638298	1556.8792862906591	
13.4	6.181665653241391e6	4.1424464316027192e6	-0.00533413706840572	1548.201440174426	
13.5	6.299014098375235e6	4.208412039942036e6	-0.005438312266242931	1539.3679544466838	
13.564238188393364	6.37556369851831e6	4.2513378994867755e6	-0.00550619938941235	1533.6113805179166	
13.6	6.418572126906491e6	4.275420590116741e6	-0.005544318147632657	1530.3790135861943	
13.7	6.540418764597551e6	4.343503224518979e6	-0.0056522159649046695	1521.2294090292305	
13.8	6.6645975395987015e6	4.412677055636046e6	-0.005762039415196736	1511.916275366337	
13.84199337441489	6.717439698723423e6	4.442050809882603e6	-0.0058087320942663435	1507.956621865751	
13.9	6.791111777187656e6	4.482943413156869e6	-0.005873791098722518	1502.4393914636803	
14.0	6.920060266822007e6	4.554340863999639e6	-0.005987547306303201	1492.7922695821726	
14.1	7.0514671004113555e6	4.626878793023308e6	-0.006103326622099413	1482.9733293409788	
14.119576651537963	7.077479896471589e6	4.641212778485097e6	-0.006126229131062947	1481.0309990556473	
14.2	7.185349144965132e6	4.700563774743269e6	-0.006221142077337103	1472.9814624782473	
14.3	7.3218136537646055e6	4.775437291923174e6	-0.006341076197802676	1462.8096506320885	
14.396987376536806	7.456642454433491e6	4.849193804104364e6	-0.006459427585916278	1452.7718254739868	
14.4	7.460868574469245e6	4.8515024150478905e6	-0.006463135094321927	1452.4573741176855	
14.5	7.602555924524233e6	4.928775323048187e6	-0.006587351062298102	1441.9218861804022	
14.6	7.746974895116866e6	5.007294021008528e6	-0.006713800141470326	1431.1967197041179	
14.674224803414457	7.855935830899442e6	5.0663798856545305e6	-0.006809100629472675	1423.1133417077763	
14.7	7.894121092223091e6	5.087056853512537e6	-0.006842478989331583	1420.2821589699627	
14.8	8.044079228116024e6	5.168096073977992e6	-0.006973452412711217	1409.172691830136	
14.9	8.196916822462985e6	5.2504373198186625e6	-0.0071067719898227685	1397.8639313609958	
14.951288077654334	8.276421411989663e6	5.293173700552972e6	-0.007176059260621947	1391.9865669256894	
15.0	8.352633838285719e6	5.33408060883428e6	-0.007242437727533989	1386.3558769427552	
15.1	8.511346159274725e6	5.419069638320648e6	-0.007380537937748288	1374.6410168126365	
15.2	8.673093791246988e6	5.505419459626465e6	-0.0075211030703027145	1362.7167609621088	
15.228176229961202	8.71921628074922e6	5.529995310391689e6	-0.0075611541314742365	1359.3191433402071	
15.3	8.837890330787752e6	5.593135203798596e6	-0.007664143506706742	1350.5822262300007	
15.4	9.005868674773695e6	5.682266513133763e6	-0.007809760144453245	1338.22882989939	
15.5	9.177046637121312e6	5.772820026572236e6	-0.007957966490965097	1325.6554229993833	
15.504888169363857	9.18549612983273e6	5.777282894668112e6	-0.007965277456816746	1325.0351734818544	
15.6	9.351462408519717e6	5.8648099615145605e6	-0.008108791530183115	1312.859539792039	
15.7	9.529248754616274e6	5.95828544094156e6	-0.008262335674356152	1299.8326384462355	
15.781422675495227	9.676498324593598e6	6.035493513267263e6	-0.008389365011195646	1289.055050024377	
15.8	9.710402832160622e6	6.053245438635088e6	-0.00841859679722355	1286.5748998351958	
15.9	9.895015624140188e6	6.149723413402395e6	-0.008577643579703644	1273.0804809701183	
16.0	1.0083183900846956e7	6.24775484050755e6	-0.008739548940374759	1259.343178565406	
16.057778389786016	1.0193525123386217e7	6.305103898231175e6	-0.008834398216600946	1251.2952779167638	
16.1	1.027490503050356e7	6.347338795465595e6	-0.008904310941061066	1245.3631574374008	
16.2	1.0470314981562626e7	6.448524781515927e6	-0.00907203179701371	1231.1317213683176	
16.3	1.0669472987444226e7	6.551334313149132e6	-0.009242755976224343	1216.645087252344	
16.333953805179295	1.0737947061666656e7	6.586611275087683e6	-0.009301406323387057	1211.6682886114143	
16.4	1.0872390701858204e7	6.655771649650652e6	-0.009416492274627921	1201.9025065688834	
16.5	1.1079231040884344e7	6.761895539308342e6	-0.009593362686988896	1186.8935999425523	
16.6	1.129002248511123e7	6.869716228753572e6	-0.00977338851134649	1171.6165553911096	
16.60994725377813	1.1311206505911509e7	6.880534213583705e6	-0.009791468686443905	1170.082246236173	
16.7	1.150480496164094e7	6.9792480734608285e6	-0.009956599646483277	1156.0688287271696	
16.8	1.172374641582446e7	7.090551055132432e6	-0.010143121355896446	1140.2397621797227	
16.88575689151888	1.191482138219986e7	7.187413506957295e6	-0.010305717137537177	1126.440845659892	
16.9	1.1946847560706727e7	7.203625450725213e6	-0.010332954192257493	1124.1293087150582	
17.0	1.217420962444982e7	7.318507199805459e6	-0.010526173524799372	1107.731055075266	
17.1	1.2405962690275067e7	7.435242322916467e6	-0.010722875999277537	1091.03677819672	
17.161380678443173	1.2550389082094422e7	7.507813077699364e6	-0.010845338452835966	1080.6431025758816	
17.2	1.264210217924906e7	7.553829249272961e6	-0.01092305827080423	1074.0467625228157	
17.3	1.2882790425179891e7	7.6743250156741105e6	-0.011126840666029487	1056.7507693174377	
17.4	1.3128107782175474e7	7.796757784540935e6	-0.011334282654857388	1039.14373854411	
17.436816352274654	1.321959054442965e7	7.842320905750861e6	-0.011411576911338121	1032.5831360290613	
17.5	1.337806586100498e7	7.921131661709185e6	-0.011545392895119992	1021.2249331309202	
17.6	1.3632864708137613e7	8.047516250476784e6	-0.011760319060010505	1002.9817874043896	
17.7	1.3892543784367425e7	8.175925248400029e6	-0.011979090236850015	984.4118264721072	
17.712061391493453	1.39241945042413e7	8.191549971574432e6	-0.012005736934007373	982.1499443456937	
17.8	1.4157148997049838e7	8.306374585175073e6	-0.01220174032486475	965.5121651193072	
17.9	1.4426889614677409e7	8.438936363626495e6	-0.01242842316858943	946.2697128219129	
17.987112961430793	1.4666061886543116e7	8.556139200289316e6	-0.012629185782782059	929.2271763817853	
18.0	1.4701768905324008e7	8.573611732662583e6	-0.012659141192091784	926.6842632738884	
18.1	1.4981907637071662e7	8.710442057186054e6	-0.01289398302831634	906.7482738247062	
18.2	1.5267470800414165e7	8.849483635156196e6	-0.013133069475847282	886.4514662665622	
18.261967831967617	1.54471502971384e7	8.936754381478457e6	-0.013283356278671402	873.6929017874073	
18.3	1.5558452556000257e7	8.990734534249108e6	-0.013376396332864547	865.7941976758342	
18.4	1.5855052589672573e7	9.134262419273349e6	-0.013624109458812584	844.7640566845618	
18.5	1.6157371712133886e7	9.2801013619039e6	-0.013876282368914345	823.3547886708615	
18.536622245961606	1.6269518513052061e7	9.334089017022675e6	-0.013969749459511425	815.4193874172797	
18.6	1.6465424655945864e7	9.428256386907708e6	-0.01413292589200029	801.565471286161	
18.7	1.6779459101931863e7	9.578810586742371e6	-0.014394220175812732	779.3807773692367	
18.8	1.709952345051716e7	9.731780159131477e6	-0.014660200369097938	756.7977169203903	
18.81107169855702	1.713533077473e7	9.74886500457587e6	-0.014689937019732575	754.272893933314	
18.9	1.7425676807492252e7	9.887184878018446e6	-0.014930909476408783	733.8126295543273	
19.0	1.7758177138295967e7	1.0045110421052262e7	-0.015206534330741565	710.409622542643	
19.08531054744347	1.8046860468413696e7	1.0181832969518404e7	-0.015445563207827008	690.1135213138538	
19.1	1.8097026685183026e7	1.0205557566293266e7	-0.01548707658822815	686.5885546847857	
19.2	1.8442382669417255e7	1.0368578211256169e7	-0.015772649918657167	662.3397558591474	
19.3	1.879444225922169e7	1.0534237191715093e7	-0.016063396537497835	637.6511325639967	
19.359331284033637	1.900649230408733e7	1.0633771844699394e7	-0.01623834547978164	622.7951650674295	
19.4	1.915319979293113e7	1.0702532721835487e7	-0.016359312451908543	612.5230225786606	
19.5	1.951890923332437e7	1.0873547714824582e7	-0.01666058042637587	586.9398861751172	
19.6	1.9891687052468013e7	1.1047320092826419e7	-0.01696728414529601	560.8946108417272	
19.63312307768995	2.001672092085001e7	1.1105486779617539e7	-0.017070072287485753	552.1657252246727	
19.7	2.0271557210413046e7	1.1223857710908571e7	-0.017279440920426985	534.3857214747032	
19.8	2.0658828563576173e7	1.1403260354390217e7	-0.017597272145424916	507.394409655705	
19.9	2.105355294955739e7	1.1585544725897478e7	-0.017920814924342984	479.91752495760954	
19.906668629395206	2.1080140735608425e7	1.1597803088571092e7	-0.017942593934202434	478.067923133569	
20.0	2.145581579105218e7	1.1770738336807104e7	-0.018250130491453992	451.9498616961756	
20.1	2.1865929645171963e7	1.1958941079289453e7	-0.018585442138524626	423.47248131417143	
20.17993667183689	2.219941260973894e7	1.2111549883961888e7	-0.018857795154927262	400.3417122000709	
20.2	2.2283889942441564e7	1.215015155961468e7	-0.018926746625190737	394.48565368936386	
20.3	2.270991705052172e7	1.2344439708565898e7	-0.019274201270598194	364.9760540754077	
20.4	2.3144229238947753e7	1.2541874505203923e7	-0.019627961739709796	334.93052433063053	
20.452861672412602	2.3377161314626012e7	1.2647513168684019e7	-0.019817513157896052	318.8314250174317	
20.5	2.358682580056152e7	1.274245585124636e7	-0.019988027475355205	304.3490909749965	
20.6	2.40380356626903e7	1.2946286716148755e7	-0.02035463355859516	273.211991059366	
20.7	2.4497977821322627e7	1.3153404207749926e7	-0.02072786509498453	241.5120935482498	
20.725278523616176	2.4615627104843512e7	1.3206280865470964e7	-0.020823261609895723	233.4097125191796	
20.8	2.4966700148991514e7	1.3363823388838535e7	-0.021107755980924646	209.24650679278585	
20.9	2.544457415274957e7	1.3577658207829373e7	-0.02149457632390836	176.3931032409666	
20.996651870835993	2.591518555256147e7	1.3787591768190982e7	-0.021875060076660423	144.07867329331003	
21.0	2.593163937218407e7	1.3794920839172449e7	-0.02188835446418354	142.9495271375543	
21.1	2.642804276519786e7	1.401565562177535e7	-0.02228919976013299	108.90706795195898	
21.2	2.6934064432440333e7	1.423994014935611e7	-0.022697352707598283	74.24965820475848	
21.264383434117725	2.7264948343120024e7	1.4386220679130198e7	-0.02296400264369706	51.610609017476165	
21.3	2.7449673906937834e7	1.446775879877254e7	-0.02311282356193674	38.97959763547921	
21.35795548508412	2.7752762561680567e7	1.4601342349171279e7	-0.02335702551761328	18.267738103671	
21.395279571869178	2.794920217201258e7	1.468778975713944e7	-0.02351563619257199	4.852347809567938	
21.4	2.7973941447912566e7	1.4698669105601585e7	-0.023535771085489862	3.1634592140262434	
21.402138682825715	2.7985102534800902e7	1.47035766540874e7	-0.023544899117891035	2.4016000802978335	
21.405654967089465	2.8003258491689716e7	1.4711558694127977e7	-0.023559914274149347	1.1624908451172664	
21.40799523568986	2.801490629022897e7	1.4716678031074202e7	-0.023569912661809755	0.36797035429539116	
21.408398461967295	2.801673886334341e7	1.4717483019131579e7	-0.023571635765036368	0.24312910361164292	
21.40920512182633	2.8019812910536274e7	1.4718831781974139e7	-0.02357508314859202	0.034310743811013955	
21.410002138118823	2.802016633411228e7	1.4718978510934021e7	-0.023578489525727366	0.013519202573913907	
21.41117108575315	2.802034918030872e7	1.4719045462216884e7	-0.02358348553643359	0.006218743180038768	
21.412496543928793	2.802051443093962e7	1.471910278116623e7	-0.023589150485385412	0.0008509191822550187	
21.414292480831968	2.802064713107026e7	1.4719140138696013e7	-0.023596826267266946	-0.00011497315811142834	
21.418735921885908	2.80209391700399e7	1.4719216504969753e7	-0.02361581752122246	1.5013030541566292e-5	
21.437596870391648	2.802218965172935e7	1.4719544976497797e7	-0.023696430997622073	-4.838416067753747e-7	
21.5	2.802635699402997e7	1.4720639448759397e7	-0.023963169203497725	4.1114480980365934e-7	
21.5829786649471	2.8031971664478704e7	1.4722113907816995e7	-0.02431790758412405	2.085850241215364e-9	
21.6	2.803313320049262e7	1.4722418978094297e7	-0.02439067765168344	1.916220954603952e-9	
21.7	2.804002888304321e7	1.4724229895487914e7	-0.02481825816491383	9.907128468787802e-10	
21.8	2.8047047076424617e7	1.4726072662919486e7	-0.025245937522658173	1.8665358181332073e-10	
21.9	2.8054187780636836e7	1.4727947280389013e7	-0.02567371572491645	-4.959568405923684e-10	
22.0	2.806145099567987e7	1.4729853747896492e7	-0.026101592771688685	-1.0571184203383356e-9	
22.1	2.8068836721553717e7	1.4731792065441925e7	-0.02652956866297486	-1.4968311574245553e-9	
22.2	2.807634495825838e7	1.4733762233025312e7	-0.026957643398774968	-1.8150950518510182e-9	
22.3	2.8083975705793858e7	1.4735764250646653e7	-0.027385816979089032	-2.011910103617746e-9	
22.4	2.8091728964160144e7	1.4737798118305946e7	-0.027814089403917025	-2.0872763127247257e-9	
22.5	2.809960473335725e7	1.4739863836003194e7	-0.028242460673258977	-2.0411936791719623e-9	
22.6	2.8107603013385165e7	1.4741961403738394e7	-0.028670930787114874	-1.87366220295945e-9	
22.7	2.81157238042439e7	1.474409082151155e7	-0.0290994997454847	-1.5846818840872045e-9	
22.8	2.8123967105933443e7	1.4746252089322658e7	-0.029528167548368484	-1.1742527225552013e-9	
22.9	2.8132332918453805e7	1.474844520717172e7	-0.029956934195766196	-6.423747183634724e-10	
23.0	2.8140821241804976e7	1.4750670175058736e7	-0.030385799687677868	1.095212848802264e-11	
