2.215868435254938e9	1.40004224135326e9	8.158261939016788e8	50.0	0.0	0.0	0.0	1.0	0.0	0.0	0.0	0.0	50.0	
2.2121126201768827e9	1.3967127496599622e9	8.153998705169208e8	50.0	0.0	0.0	0.0	1.0	0.0	0.0	0.0	0.1	50.0	
2.2090292680011168e9	1.393945812340204e9	8.15083455660913e8	50.0	0.0	0.0	0.0	1.0	0.0	0.0	0.0	0.2	50.0	
2.20653249632261e9	1.3916523695895388e9	8.148801267330716e8	50.0	0.0	0.0	0.0	1.0	0.0	0.0	0.0	0.3	50.0	
2.204556630250538e9	1.389760637077087e9	8.147959931734514e8	50.0	0.0	0.0	0.0	1.0	0.0	0.0	0.0	0.4	50.0	
2.203054049187343e9	1.3882132852936676e9	8.14840763893676e8	50.0	0.0	0.0	0.0	1.0	0.0	0.0	0.0	0.5	50.0	
2.201993996997058e9	1.3869652992402472e9	8.150286977568109e8	49.0	1.0	0.0	0.0	1.0	0.0	0.0	0.0	0.6	50.0	
2.2013623939086256e9	1.3859824384240704e9	8.153799554845555e8	49.0	1.0	0.0	0.0	1.0	0.0	0.0	0.0	0.7	50.0	
2.1993079531751423e9	1.3843362672856026e9	8.1497168588954e8	49.0	1.0	0.0	0.0	1.0	0.0	0.0	0.0	0.8	50.0	
2.1950486973601227e9	1.3817786768002682e9	8.132700205598552e8	49.0	1.0	0.0	0.0	1.0	0.0	0.0	0.0	0.9	50.0	
2.191510163820766e9	1.3797539710368552e9	8.117561927839112e8	49.0	1.0	0.0	0.0	1.0	0.0	0.0	0.0	1.0	50.0	
2.215868435254938e9	1.40004224135326e9	8.158261939016788e8	50.0	0.0	0.0	0.0	1.0	0.0	0.0	0.0	0.0	50.0	
2.2121126201768827e9	1.3967127496599622e9	8.153998705169208e8	50.0	0.0	0.0	0.0	1.0	0.0	0.0	0.0	0.1	50.0	
2.2090292680011168e9	1.393945812340204e9	8.15083455660913e8	50.0	0.0	0.0	0.0	1.0	0.0	0.0	0.0	0.2	50.0	
2.20653249632261e9	1.3916523695895388e9	8.148801267330716e8	50.0	0.0	0.0	0.0	1.0	0.0	0.0	0.0	0.3	50.0	
2.204556630250538e9	1.389760637077087e9	8.147959931734514e8	50.0	0.0	0.0	0.0	1.0	0.0	0.0	0.0	0.4	50.0	
2.203054049187343e9	1.3882132852936676e9	8.14840763893676e8	50.0	0.0	0.0	0.0	1.0	0.0	0.0	0.0	0.5	50.0	
2.201993996997058e9	1.3869652992402472e9	8.150286977568109e8	49.0	1.0	0.0	0.0	1.0	0.0	0.0	0.0	0.6	50.0	
2.2013623939086256e9	1.3859824384240704e9	8.153799554845555e8	49.0	1.0	0.0	0.0	1.0	0.0	0.0	0.0	0.7	50.0	
2.1993079531751423e9	1.3843362672856026e9	8.1497168588954e8	49.0	1.0	0.0	0.0	1.0	0.0	0.0	0.0	0.8	50.0	
2.195048697360123e9	1.3817786768002682e9	8.132700205598552e8	49.0	1.0	0.0	0.0	1.0	0.0	0.0	0.0	0.9	50.0	
2.191510163820766e9	1.3797539710368552e9	8.117561927839112e8	49.0	1.0	0.0	0.0	1.0	0.0	0.0	0.0	1.0	50.0	
2.215868435254938e9	1.40004224135326e9	8.158261939016788e8	50.0	0.0	0.0	0.0	1.0	0.0	0.0	0.0	0.0	50.0	
2.2121126201768827e9	1.3967127496599622e9	8.153998705169208e8	50.0	0.0	0.0	0.0	1.0	0.0	0.0	0.0	0.1	50.0	
2.2090292680011168e9	1.393945812340204e9	8.15083455660913e8	50.0	0.0	0.0	0.0	1.0	0.0	0.0	0.0	0.2	50.0	
2.20653249632261e9	1.3916523695895388e9	8.148801267330716e8	50.0	0.0	0.0	0.0	1.0	0.0	0.0	0.0	0.3	50.0	
2.204556630250538e9	1.389760637077087e9	8.147959931734514e8	50.0	0.0	0.0	0.0	1.0	0.0	0.0	0.0	0.4	50.0	
2.203054049187343e9	1.3882132852936676e9	8.14840763893676e8	50.0	0.0	0.0	0.0	1.0	0.0	0.0	0.0	0.5	50.0	
2.201993996997058e9	1.3869652992402472e9	8.150286977568109e8	49.0	1.0	0.0	0.0	1.0	0.0	0.0	0.0	0.6	50.0	
2.2013623939086256e9	1.3859824384240704e9	8.153799554845555e8	49.0	1.0	0.0	0.0	1.0	0.0	0.0	0.0	0.7	50.0	
2.1993079531751423e9	1.3843362672856026e9	8.149716858895401e8	49.0	1.0	0.0	0.0	1.0	0.0	0.0	0.0	0.8	50.0	
2.1950486973601227e9	1.3817786768002682e9	8.132700205598552e8	49.0	1.0	0.0	0.0	1.0	0.0	0.0	0.0	0.9	50.0	
2.191510163820766e9	1.3797539710368552e9	8.117561927839112e8	49.0	1.0	0.0	0.0	1.0	0.0	0.0	0.0	1.0	50.0	
