2.215868435254938e9	1.40004224135326e9	8.158261939016788e8	50.0	0.0	0.0	0.24489795918367346	0.27648958027590254	0.5632183908045977	12.0	0.011639782329430085	0.0	12.0	
2.2117500492514725e9	1.3964035740562642e9	8.153464751952084e8	50.0	0.0	0.0	0.24489795918367346	0.27648958027590254	0.5632183908045977	12.0	0.011639782329430085	0.1	12.0	
2.2076474989760265e9	1.3927784744818273e9	8.148690244941995e8	50.0	0.0	0.0	0.24489795918367346	0.27648958027590254	0.5632183908045977	12.0	0.011639782329430085	0.2	12.0	
2.203560729133655e9	1.3891668876349635e9	8.143938414986914e8	50.0	0.0	0.0	0.24489795918367346	0.27648958027590254	0.5632183908045977	12.0	0.011639782329430085	0.3	12.0	
2.1994896846448646e9	1.3855687586225138e9	8.139209260223507e8	50.0	0.0	0.0	0.24489795918367346	0.27648958027590254	0.5632183908045977	12.0	0.011639782329430085	0.4	12.0	
2.195434310153588e9	1.381984031742322e9	8.134502784112661e8	50.0	0.0	0.0	0.24489795918367346	0.27648958027590254	0.5632183908045977	12.0	0.011639782329430085	0.5	12.0	
2.1913945504216137e9	1.3784126510867233e9	8.129818993348901e8	50.0	0.0	0.0	0.24489795918367346	0.27648958027590254	0.5632183908045977	12.0	0.011639782329430085	0.6	12.0	
2.1873703501408296e9	1.3748545602145867e9	8.125157899262426e8	50.0	0.0	0.0	0.24489795918367346	0.27648958027590254	0.5632183908045977	12.0	0.011639782329430085	0.7	12.0	
2.1833616567526884e9	1.3713097077788296e9	8.120519489738588e8	50.0	0.0	0.0	0.24489795918367346	0.27648958027590254	0.5632183908045977	12.0	0.011639782329430085	0.8	12.0	
2.1793684166564317e9	1.3677780400192156e9	8.115903766372159e8	50.0	0.0	0.0	0.24489795918367346	0.27648958027590254	0.5632183908045977	12.0	0.011639782329430085	0.9	12.0	
2.1753905768108397e9	1.3642595039199986e9	8.111310728908409e8	50.0	0.0	0.0	0.24489795918367346	0.27648958027590254	0.5632183908045977	12.0	0.011639782329430085	1.0	12.0	
2.215868435254938e9	1.40004224135326e9	8.158261939016788e8	50.0	0.0	0.0	0.24489795918367346	0.29742527374963007	0.550561797752809	15.0	0.015662694232135062	0.0	12.0	
2.211750051922144e9	1.396403578519102e9	8.153464734030416e8	50.0	0.0	0.0	0.24489795918367346	0.29742527374963007	0.550561797752809	15.0	0.015662694232135062	0.1	12.0	
2.2076475104059863e9	1.3927784929253726e9	8.14869017480614e8	50.0	0.0	0.0	0.24489795918367346	0.29742527374963007	0.550561797752809	15.0	0.015662694232135062	0.2	12.0	
2.2035607570825796e9	1.3891669314687612e9	8.143938256138182e8	50.0	0.0	0.0	0.24489795918367346	0.29742527374963007	0.550561797752809	15.0	0.015662694232135062	0.3	12.0	
2.199489737298561e9	1.3855688389065166e9	8.139208983920445e8	50.0	0.0	0.0	0.24489795918367346	0.29742527374963007	0.550561797752809	15.0	0.015662694232135062	0.4	12.0	
2.1954343972069454e9	1.3819841611544542e9	8.13450236052491e8	50.0	0.0	0.0	0.24489795918367346	0.29742527374963007	0.550561797752809	15.0	0.015662694232135062	0.5	12.0	
2.191394683273016e9	1.378412844427123e9	8.129818388458927e8	50.0	0.0	0.0	0.24489795918367346	0.29742527374963007	0.550561797752809	15.0	0.015662694232135062	0.6	12.0	
2.1873705421149054e9	1.3748548348862307e9	8.125157072286743e8	50.0	0.0	0.0	0.24489795918367346	0.29742527374963007	0.550561797752809	15.0	0.015662694232135062	0.7	12.0	
2.1833619206955423e9	1.3713100790484018e9	8.120518416471405e8	50.0	0.0	0.0	0.24489795918367346	0.29742527374963007	0.550561797752809	15.0	0.015662694232135062	0.8	12.0	
2.179368767275566e9	1.3677785257343235e9	8.115902415412431e8	50.0	0.0	0.0	0.24489795918367346	0.29742527374963007	0.550561797752809	15.0	0.015662694232135062	0.9	12.0	
2.1753910296321054e9	1.3642601224399548e9	8.111309071921511e8	50.0	0.0	0.0	0.24489795918367346	0.29742527374963007	0.550561797752809	15.0	0.015662694232135062	1.0	12.0	
2.215868435254938e9	1.40004224135326e9	8.158261939016788e8	50.0	0.0	0.0	0.24489795918367346	0.26810747663551404	0.5764705882352941	13.0	0.017955034515753986	0.0	12.0	
2.2117500183456883e9	1.3964035516628952e9	8.153464666827934e8	50.0	0.0	0.0	0.24489795918367346	0.26810747663551404	0.5764705882352941	13.0	0.017955034515753986	0.1	12.0	
2.2076473764277296e9	1.3927783859393668e9	8.14868990488363e8	50.0	0.0	0.0	0.24489795918367346	0.26810747663551404	0.5764705882352941	13.0	0.017955034515753986	0.2	12.0	
2.2035604556750607e9	1.3891666905525103e9	8.143937651225505e8	50.0	0.0	0.0	0.24489795918367346	0.26810747663551404	0.5764705882352941	13.0	0.017955034515753986	0.3	12.0	
2.1994892028584213e9	1.3855684127059116e9	8.139207901525098e8	50.0	0.0	0.0	0.24489795918367346	0.26810747663551404	0.5764705882352941	13.0	0.017955034515753986	0.4	12.0	
2.1954335639500875e9	1.3819834978122606e9	8.134500661378269e8	50.0	0.0	0.0	0.24489795918367346	0.26810747663551404	0.5764705882352941	13.0	0.017955034515753986	0.5	12.0	
2.1913934845492744e9	1.3784118901806874e9	8.12981594368587e8	50.0	0.0	0.0	0.24489795918367346	0.26810747663551404	0.5764705882352941	13.0	0.017955034515753986	0.6	12.0	
2.187368911609215e9	1.3748535363494442e9	8.125153752597702e8	50.0	0.0	0.0	0.24489795918367346	0.26810747663551404	0.5764705882352941	13.0	0.017955034515753986	0.7	12.0	
2.1833597938197937e9	1.3713083860072923e9	8.12051407812501e8	50.0	0.0	0.0	0.24489795918367346	0.26810747663551404	0.5764705882352941	13.0	0.017955034515753986	0.8	12.0	
2.179366078821653e9	1.367776386502049e9	8.115896923196039e8	50.0	0.0	0.0	0.24489795918367346	0.26810747663551404	0.5764705882352941	13.0	0.017955034515753986	0.9	12.0	
2.1753877149853597e9	1.3642574862432652e9	8.111302287420944e8	50.0	0.0	0.0	0.24489795918367346	0.26810747663551404	0.5764705882352941	13.0	0.017955034515753986	1.0	12.0	
