2.215868435254938e9	1.40004224135326e9	8.158261939016788e8	50.0	0.0	0.0	0.4897959183673469	0.49721269296740994	0.6533333333333333	23.0	0.009268512183428149	0.0	24.0	
2.2117499256536474e9	1.3964034857810483e9	8.15346439872599e8	50.0	0.0	0.0	0.4897959183673469	0.49721269296740994	0.6533333333333333	23.0	0.009268512183428149	0.1	24.0	
2.2076470090790405e9	1.3927781262041545e9	8.148688828748856e8	50.0	0.0	0.0	0.4897959183673469	0.49721269296740994	0.6533333333333333	23.0	0.009268512183428149	0.2	24.0	
2.2035596357044945e9	1.3891661126451588e9	8.143935230593355e8	50.0	0.0	0.0	0.4897959183673469	0.49721269296740994	0.6533333333333333	23.0	0.009268512183428149	0.3	24.0	
2.1994877569138584e9	1.3855673970956204e9	8.139203598182377e8	50.0	0.0	0.0	0.4897959183673469	0.49721269296740994	0.6533333333333333	23.0	0.009268512183428149	0.4	24.0	
2.195431324730463e9	1.3819819327312472e9	8.134493919992157e8	50.0	0.0	0.0	0.4897959183673469	0.49721269296740994	0.6533333333333333	23.0	0.009268512183428149	0.5	24.0	
2.191390284595395e9	1.378409659606307e9	8.129806249890885e8	50.0	0.0	0.0	0.4897959183673469	0.49721269296740994	0.6533333333333333	23.0	0.009268512183428149	0.6	24.0	
2.187364591674406e9	1.3748505363575993e9	8.125140553168066e8	50.0	0.0	0.0	0.4897959183673469	0.49721269296740994	0.6533333333333333	23.0	0.009268512183428149	0.7	24.0	
2.183354197354459e9	1.371304514088071e9	8.120496832663876e8	50.0	0.0	0.0	0.4897959183673469	0.49721269296740994	0.6533333333333333	23.0	0.009268512183428149	0.8	24.0	
2.1793590535738316e9	1.367771544776577e9	8.115875087972543e8	50.0	0.0	0.0	0.4897959183673469	0.49721269296740994	0.6533333333333333	23.0	0.009268512183428149	0.9	24.0	
2.175379112422299e9	1.3642515804218764e9	8.111275320004225e8	50.0	0.0	0.0	0.4897959183673469	0.49721269296740994	0.6533333333333333	23.0	0.009268512183428149	1.0	24.0	
2.215868435254938e9	1.40004224135326e9	8.158261939016788e8	50.0	0.0	0.0	0.4897959183673469	0.5008554319931565	0.6447368421052632	22.0	0.008878121729380652	0.0	24.0	
2.2117499281962314e9	1.3964034875397682e9	8.15346440656463e8	50.0	0.0	0.0	0.4897959183673469	0.5008554319931565	0.6447368421052632	22.0	0.008878121729380652	0.1	24.0	
2.207647019146922e9	1.3927781331164942e9	8.148688860304275e8	50.0	0.0	0.0	0.4897959183673469	0.5008554319931565	0.6447368421052632	22.0	0.008878121729380652	0.2	24.0	
2.2035596581817017e9	1.3891661280123029e9	8.143935301693987e8	50.0	0.0	0.0	0.4897959183673469	0.5008554319931565	0.6447368421052632	22.0	0.008878121729380652	0.3	24.0	
2.199487796467866e9	1.3855674239242842e9	8.139203725435815e8	50.0	0.0	0.0	0.4897959183673469	0.5008554319931565	0.6447368421052632	22.0	0.008878121729380652	0.4	24.0	
2.195431386179702e9	1.3819819743836753e9	8.134494117960263e8	50.0	0.0	0.0	0.4897959183673469	0.5008554319931565	0.6447368421052632	22.0	0.008878121729380652	0.5	24.0	
2.1913903723597264e9	1.3784097188272676e9	8.129806535324585e8	50.0	0.0	0.0	0.4897959183673469	0.5008554319931565	0.6447368421052632	22.0	0.008878121729380652	0.6	24.0	
2.1873647101645355e9	1.3748506159271812e9	8.125140942373539e8	50.0	0.0	0.0	0.4897959183673469	0.5008554319931565	0.6447368421052632	22.0	0.008878121729380652	0.7	24.0	
2.1833543508689623e9	1.3713046166896243e9	8.12049734179338e8	50.0	0.0	0.0	0.4897959183673469	0.5008554319931565	0.6447368421052632	22.0	0.008878121729380652	0.8	24.0	
2.1793592462854443e9	1.367771672955276e9	8.115875733301682e8	50.0	0.0	0.0	0.4897959183673469	0.5008554319931565	0.6447368421052632	22.0	0.008878121729380652	0.9	24.0	
2.175379348480487e9	1.3642517367540486e9	8.111276117264385e8	50.0	0.0	0.0	0.4897959183673469	0.5008554319931565	0.6447368421052632	22.0	0.008878121729380652	1.0	24.0	
2.215868435254938e9	1.40004224135326e9	8.158261939016788e8	50.0	0.0	0.0	0.4897959183673469	0.4901329901329901	0.6533333333333333	23.0	0.010998931013186716	0.0	24.0	
2.2117499255172772e9	1.396403485683219e9	8.153464398340588e8	50.0	0.0	0.0	0.4897959183673469	0.4901329901329901	0.6533333333333333	23.0	0.010998931013186716	0.1	24.0	
2.207647008531749e9	1.3927781258123593e9	8.14868882719389e8	50.0	0.0	0.0	0.4897959183673469	0.4901329901329901	0.6533333333333333	23.0	0.010998931013186716	0.2	24.0	
2.203559634516118e9	1.38916611180207e9	8.143935227140484e8	50.0	0.0	0.0	0.4897959183673469	0.4901329901329901	0.6533333333333333	23.0	0.010998931013186716	0.3	24.0	
2.1994877546336517e9	1.385567395297128e9	8.139203593365242e8	50.0	0.0	0.0	0.4897959183673469	0.4901329901329901	0.6533333333333333	23.0	0.010998931013186716	0.4	24.0	
2.1954313214457927e9	1.3819819304139416e9	8.134493910318512e8	50.0	0.0	0.0	0.4897959183673469	0.4901329901329901	0.6533333333333333	23.0	0.010998931013186716	0.5	24.0	
2.191390279882132e9	1.3784096562905307e9	8.129806235916013e8	50.0	0.0	0.0	0.4897959183673469	0.4901329901329901	0.6533333333333333	23.0	0.010998931013186716	0.6	24.0	
2.187364585300831e9	1.3748505318891594e9	8.125140534116714e8	50.0	0.0	0.0	0.4897959183673469	0.4901329901329901	0.6533333333333333	23.0	0.010998931013186716	0.7	24.0	
2.183354189081681e9	1.3713045083078167e9	8.120496807738642e8	50.0	0.0	0.0	0.4897959183673469	0.4901329901329901	0.6533333333333333	23.0	0.010998931013186716	0.8	24.0	
2.179359043158365e9	1.3677715375227466e9	8.115875056356182e8	50.0	0.0	0.0	0.4897959183673469	0.4901329901329901	0.6533333333333333	23.0	0.010998931013186716	0.9	24.0	
2.1753790996317687e9	1.364251571542862e9	8.111275280889068e8	50.0	0.0	0.0	0.4897959183673469	0.4901329901329901	0.6533333333333333	23.0	0.010998931013186716	1.0	24.0	
