2.215868435254938e9	1.40004224135326e9	8.158261939016788e8	50.0	0.0	0.0	0.32653061224489793	0.3363119415109667	0.5975609756097561	16.0	0.012489210935968671	0.0	16.0	
2.2117499675968723e9	1.3964035153672304e9	8.153464522296424e8	50.0	0.0	0.0	0.32653061224489793	0.3363119415109667	0.5975609756097561	16.0	0.012489210935968671	0.1	16.0	
2.2076471751395235e9	1.3927782424345808e9	8.148689327049427e8	50.0	0.0	0.0	0.32653061224489793	0.3363119415109667	0.5975609756097561	16.0	0.012489210935968671	0.2	16.0	
2.2035600064405823e9	1.3891663711933873e9	8.143936352471951e8	50.0	0.0	0.0	0.32653061224489793	0.3363119415109667	0.5975609756097561	16.0	0.012489210935968671	0.3	16.0	
2.1994884114757857e9	1.3855678526558485e9	8.13920558819937e8	50.0	0.0	0.0	0.32653061224489793	0.3363119415109667	0.5975609756097561	16.0	0.012489210935968671	0.4	16.0	
2.1954323382800694e9	1.3819826339705584e9	8.134497043095112e8	50.0	0.0	0.0	0.32653061224489793	0.3363119415109667	0.5975609756097561	16.0	0.012489210935968671	0.5	16.0	
2.1913917328526735e9	1.3784106579633036e9	8.129810748893702e8	50.0	0.0	0.0	0.32653061224489793	0.3363119415109667	0.5975609756097561	16.0	0.012489210935968671	0.6	16.0	
2.187366547229134e9	1.3748518788144705e9	8.125146684146636e8	50.0	0.0	0.0	0.32653061224489793	0.3363119415109667	0.5975609756097561	16.0	0.012489210935968671	0.7	16.0	
2.1833567315202036e9	1.3713062467947867e9	8.120504847254169e8	50.0	0.0	0.0	0.32653061224489793	0.3363119415109667	0.5975609756097561	16.0	0.012489210935968671	0.8	16.0	
2.1793622356269093e9	1.3677737114548073e9	8.115885241721017e8	50.0	0.0	0.0	0.32653061224489793	0.3363119415109667	0.5975609756097561	16.0	0.012489210935968671	0.9	16.0	
2.175383009971435e9	1.3642542231865687e9	8.111287867848663e8	50.0	0.0	0.0	0.32653061224489793	0.3363119415109667	0.5975609756097561	16.0	0.012489210935968671	1.0	16.0	
2.215868435254938e9	1.40004224135326e9	8.158261939016788e8	50.0	0.0	0.0	0.32653061224489793	0.3293754066363045	0.5975609756097561	16.0	0.013712102806490559	0.0	16.0	
2.2117499654347386e9	1.3964035137849607e9	8.153464516497779e8	50.0	0.0	0.0	0.32653061224489793	0.3293754066363045	0.5975609756097561	16.0	0.013712102806490559	0.1	16.0	
2.20764716652528e9	1.392778236143457e9	8.148689303818232e8	50.0	0.0	0.0	0.32653061224489793	0.3293754066363045	0.5975609756097561	16.0	0.013712102806490559	0.2	16.0	
2.2035599871919994e9	1.3891663571730528e9	8.14393630018947e8	50.0	0.0	0.0	0.32653061224489793	0.3293754066363045	0.5975609756097561	16.0	0.013712102806490559	0.3	16.0	
2.1994883774855595e9	1.385567827989487e9	8.139205494960726e8	50.0	0.0	0.0	0.32653061224489793	0.3293754066363045	0.5975609756097561	16.0	0.013712102806490559	0.4	16.0	
2.195432285521242e9	1.3819825958296778e9	8.13449689691564e8	50.0	0.0	0.0	0.32653061224489793	0.3293754066363045	0.5975609756097561	16.0	0.013712102806490559	0.5	16.0	
2.191391657219573e9	1.3784106032948623e9	8.129810539247106e8	50.0	0.0	0.0	0.32653061224489793	0.3293754066363045	0.5975609756097561	16.0	0.013712102806490559	0.6	16.0	
2.1873664448828526e9	1.374851805024712e9	8.125146398581408e8	50.0	0.0	0.0	0.32653061224489793	0.3293754066363045	0.5975609756097561	16.0	0.013712102806490559	0.7	16.0	
2.1833565986315694e9	1.3713061512323134e9	8.120504473992561e8	50.0	0.0	0.0	0.32653061224489793	0.3293754066363045	0.5975609756097561	16.0	0.013712102806490559	0.8	16.0	
2.179362068417597e9	1.367773591521617e9	8.115884768959804e8	50.0	0.0	0.0	0.32653061224489793	0.3293754066363045	0.5975609756097561	16.0	0.013712102806490559	0.9	16.0	
2.1753828047368007e9	1.364254076367764e9	8.111287283690364e8	50.0	0.0	0.0	0.32653061224489793	0.3293754066363045	0.5975609756097561	16.0	0.013712102806490559	1.0	16.0	
2.215868435254938e9	1.40004224135326e9	8.158261939016788e8	50.0	0.0	0.0	0.32653061224489793	0.32658723682063	0.5903614457831325	15.0	0.013376717117581309	0.0	16.0	
2.211749972585532e9	1.3964035187672071e9	8.15346453818325e8	50.0	0.0	0.0	0.32653061224489793	0.32658723682063	0.5903614457831325	15.0	0.013376717117581309	0.1	16.0	
2.2076471948282127e9	1.3927782557784514e9	8.148689390497612e8	50.0	0.0	0.0	0.32653061224489793	0.32658723682063	0.5903614457831325	15.0	0.013376717117581309	0.2	16.0	
2.20356005024411e9	1.3891664007253425e9	8.143936495187678e8	50.0	0.0	0.0	0.32653061224489793	0.32658723682063	0.5903614457831325	15.0	0.013376717117581309	0.3	16.0	
2.199488488394862e9	1.3855679041417985e9	8.139205842530638e8	50.0	0.0	0.0	0.32653061224489793	0.32658723682063	0.5903614457831325	15.0	0.013376717117581309	0.4	16.0	
2.1954324574972696e9	1.381982713847587e9	8.13449743649682e8	50.0	0.0	0.0	0.32653061224489793	0.32658723682063	0.5903614457831325	15.0	0.013376717117581309	0.5	16.0	
2.1913919022278247e9	1.3784107703880596e9	8.129811318397652e8	50.0	0.0	0.0	0.32653061224489793	0.32658723682063	0.5903614457831325	15.0	0.013376717117581309	0.6	16.0	
2.1873667751283684e9	1.3748520292363741e9	8.125147458919941e8	50.0	0.0	0.0	0.32653061224489793	0.32658723682063	0.5903614457831325	15.0	0.013376717117581309	0.7	16.0	
2.1833570257841444e9	1.371306439883296e9	8.120505859008479e8	50.0	0.0	0.0	0.32653061224489793	0.32658723682063	0.5903614457831325	15.0	0.013376717117581309	0.8	16.0	
2.179362603867446e9	1.3677739517808857e9	8.115886520865602e8	50.0	0.0	0.0	0.32653061224489793	0.32658723682063	0.5903614457831325	15.0	0.013376717117581309	0.9	16.0	
2.1753834592326903e9	1.364254514457999e9	8.111289447746909e8	50.0	0.0	0.0	0.32653061224489793	0.32658723682063	0.5903614457831325	15.0	0.013376717117581309	1.0	16.0	
