2.215868435254938e9	1.40004224135326e9	8.158261939016788e8	50.0	0.0	0.0	0.16326530612244897	0.1958277254374159	0.48514851485148514	8.0	0.021718283134099466	0.0	8.0	
2.2117506777971096e9	1.396404048847732e9	8.153466289493775e8	50.0	0.0	0.0	0.16326530612244897	0.1958277254374159	0.48514851485148514	8.0	0.021718283134099466	0.1	8.0	
2.207649992152919e9	1.3927803538190117e9	8.148696383339071e8	50.0	0.0	0.0	0.16326530612244897	0.1958277254374159	0.48514851485148514	8.0	0.021718283134099466	0.2	8.0	
2.2035662922347956e9	1.3891710724480243e9	8.143952197867709e8	50.0	0.0	0.0	0.16326530612244897	0.1958277254374159	0.48514851485148514	8.0	0.021718283134099466	0.3	8.0	
2.199499491329891e9	1.385576118785361e9	8.139233725445304e8	50.0	0.0	0.0	0.16326530612244897	0.1958277254374159	0.48514851485148514	8.0	0.021718283134099466	0.4	8.0	
2.195449506243593e9	1.3819954125295978e9	8.134540937139955e8	50.0	0.0	0.0	0.16326530612244897	0.1958277254374159	0.48514851485148514	8.0	0.021718283134099466	0.5	8.0	
2.1914162535270205e9	1.378428872149993e9	8.129873813770278e8	50.0	0.0	0.0	0.16326530612244897	0.1958277254374159	0.48514851485148514	8.0	0.021718283134099466	0.6	8.0	
2.1873996497851596e9	1.374876414976672e9	8.125232348084878e8	50.0	0.0	0.0	0.16326530612244897	0.1958277254374159	0.48514851485148514	8.0	0.021718283134099466	0.7	8.0	
2.1833996135540648e9	1.3713379614370081e9	8.120616521170566e8	50.0	0.0	0.0	0.16326530612244897	0.1958277254374159	0.48514851485148514	8.0	0.021718283134099466	0.8	8.0	
2.179416063758191e9	1.3678134313956754e9	8.116026323625151e8	50.0	0.0	0.0	0.16326530612244897	0.1958277254374159	0.48514851485148514	8.0	0.021718283134099466	0.9	8.0	
2.1754489212084064e9	1.3643027479656591e9	8.111461732427471e8	50.0	0.0	0.0	0.16326530612244897	0.1958277254374159	0.48514851485148514	8.0	0.021718283134099466	1.0	8.0	
2.215868435254938e9	1.40004224135326e9	8.158261939016788e8	50.0	0.0	0.0	0.16326530612244897	0.16780354706684858	0.46226415094339623	6.0	0.011038059149178596	0.0	8.0	
2.2117510935178814e9	1.396404359192266e9	8.153467343256152e8	50.0	0.0	0.0	0.16326530612244897	0.16780354706684858	0.46226415094339623	6.0	0.011038059149178596	0.1	8.0	
2.2076516310176983e9	1.392781573617134e9	8.14870057400564e8	50.0	0.0	0.0	0.16326530612244897	0.16780354706684858	0.46226415094339623	6.0	0.011038059149178596	0.2	8.0	
2.203569926408083e9	1.3891737692227538e9	8.14396157185329e8	50.0	0.0	0.0	0.16326530612244897	0.16780354706684858	0.46226415094339623	6.0	0.011038059149178596	0.3	8.0	
2.199505859541324e9	1.38558083072336e9	8.139250288179638e8	50.0	0.0	0.0	0.16326530612244897	0.16780354706684858	0.46226415094339623	6.0	0.011038059149178596	0.4	8.0	
2.1954593137418985e9	1.3820026476503038e9	8.134566660915949e8	50.0	0.0	0.0	0.16326530612244897	0.16780354706684858	0.46226415094339623	6.0	0.011038059149178596	0.5	8.0	
2.191430173243265e9	1.3784391091355982e9	8.129910641076665e8	50.0	0.0	0.0	0.16326530612244897	0.16780354706684858	0.46226415094339623	6.0	0.011038059149178596	0.6	8.0	
2.1874183240418577e9	1.3748901059430149e9	8.125282180988427e8	50.0	0.0	0.0	0.16326530612244897	0.16780354706684858	0.46226415094339623	6.0	0.011038059149178596	0.7	8.0	
2.1834236551795306e9	1.3713555326485498e9	8.120681225309806e8	50.0	0.0	0.0	0.16326530612244897	0.16780354706684858	0.46226415094339623	6.0	0.011038059149178596	0.8	8.0	
2.1794460570190625e9	1.36783528459198e9	8.116107724270825e8	50.0	0.0	0.0	0.16326530612244897	0.16780354706684858	0.46226415094339623	6.0	0.011038059149178596	0.9	8.0	
2.1754854210427704e9	1.3643292576004744e9	8.111561634422963e8	50.0	0.0	0.0	0.16326530612244897	0.16780354706684858	0.46226415094339623	6.0	0.011038059149178596	1.0	8.0	
2.215868435254938e9	1.40004224135326e9	8.158261939016788e8	50.0	0.0	0.0	0.16326530612244897	0.16311080523055746	0.49	9.0	0.019182162194992327	0.0	8.0	
2.2117504054351425e9	1.3964038416672435e9	8.15346563767899e8	50.0	0.0	0.0	0.16326530612244897	0.16311080523055746	0.49	9.0	0.019182162194992327	0.1	8.0	
2.207648912201091e9	1.39277953385081e9	8.148693783502806e8	50.0	0.0	0.0	0.16326530612244897	0.16311080523055746	0.49	9.0	0.019182162194992327	0.2	8.0	
2.203563884168952e9	1.3891692481583123e9	8.143946360106398e8	50.0	0.0	0.0	0.16326530612244897	0.16311080523055746	0.49	9.0	0.019182162194992327	0.3	8.0	
2.199495248090139e9	1.3855729107508776e9	8.139223373392614e8	50.0	0.0	0.0	0.16326530612244897	0.16311080523055746	0.49	9.0	0.019182162194992327	0.4	8.0	
2.1954429344642715e9	1.3819904541671743e9	8.134524802970973e8	50.0	0.0	0.0	0.16326530612244897	0.16311080523055746	0.49	9.0	0.019182162194992327	0.5	8.0	
2.1914068725726614e9	1.3784218080856392e9	8.129850644870222e8	50.0	0.0	0.0	0.16326530612244897	0.16311080523055746	0.49	9.0	0.019182162194992327	0.6	8.0	
2.1873869923985844e9	1.3748669028109207e9	8.125200895876634e8	50.0	0.0	0.0	0.16326530612244897	0.16311080523055746	0.49	9.0	0.019182162194992327	0.7	8.0	
2.183383224998184e9	1.371325669969521e9	8.120575550286634e8	50.0	0.0	0.0	0.16326530612244897	0.16311080523055746	0.49	9.0	0.019182162194992327	0.8	8.0	
2.1793955021831245e9	1.3677980422320251e9	8.115974599510994e8	50.0	0.0	0.0	0.16326530612244897	0.16311080523055746	0.49	9.0	0.019182162194992327	0.9	8.0	
2.175423756694625e9	1.364283953189568e9	8.111398035050566e8	50.0	0.0	0.0	0.16326530612244897	0.16311080523055746	0.49	9.0	0.019182162194992327	1.0	8.0	
