2.215868435254938e9	1.40004224135326e9	8.158261939016788e8	50.0	0.0	0.0	0.08163265306122448	0.1495601173020528	0.3983739837398374	8.0	0.1233858261919487	0.0	4.0	
2.211755161705861e9	1.3964077872499495e9	8.153473744559116e8	50.0	0.0	0.0	0.08163265306122448	0.1495601173020528	0.3983739837398374	8.0	0.1233858261919487	0.1	4.0	
2.2076678435055294e9	1.3927952223712533e9	8.14872621134276e8	50.0	0.0	0.0	0.08163265306122448	0.1495601173020528	0.3983739837398374	8.0	0.1233858261919487	0.2	4.0	
2.203606267720982e9	1.3892043328830671e9	8.144019348379151e8	50.0	0.0	0.0	0.08163265306122448	0.1495601173020528	0.3983739837398374	8.0	0.1233858261919487	0.3	4.0	
2.1995702271574445e9	1.3856349126135526e9	8.139353145438919e8	50.0	0.0	0.0	0.08163265306122448	0.1495601173020528	0.3983739837398374	8.0	0.1233858261919487	0.4	4.0	
2.195559516924407e9	1.3820867569143212e9	8.134727600100856e8	50.0	0.0	0.0	0.08163265306122448	0.1495601173020528	0.3983739837398374	8.0	0.1233858261919487	0.5	4.0	
2.1915739342376533e9	1.3785596622344844e9	8.13014272003169e8	50.0	0.0	0.0	0.08163265306122448	0.1495601173020528	0.3983739837398374	8.0	0.1233858261919487	0.6	4.0	
2.1876132796316886e9	1.3750534290780077e9	8.125598505536805e8	50.0	0.0	0.0	0.08163265306122448	0.1495601173020528	0.3983739837398374	8.0	0.1233858261919487	0.7	4.0	
2.1836773567229033e9	1.3715678604440808e9	8.121094962788222e8	50.0	0.0	0.0	0.08163265306122448	0.1495601173020528	0.3983739837398374	8.0	0.1233858261919487	0.8	4.0	
2.1797659719022e9	1.368102762142249e9	8.116632097599509e8	50.0	0.0	0.0	0.08163265306122448	0.1495601173020528	0.3983739837398374	8.0	0.1233858261919487	0.9	4.0	
2.1758789350679646e9	1.3646579432630262e9	8.112209918049383e8	50.0	0.0	0.0	0.08163265306122448	0.1495601173020528	0.3983739837398374	8.0	0.1233858261919487	1.0	4.0	
2.215868435254938e9	1.40004224135326e9	8.158261939016788e8	50.0	0.0	0.0	0.08163265306122448	0.09734513274336283	0.3356164383561644	4.0	0.03285653547133139	0.0	4.0	
2.2117612147416067e9	1.396412662170915e9	8.153485525706916e8	50.0	0.0	0.0	0.08163265306122448	0.09734513274336283	0.3356164383561644	4.0	0.03285653547133139	0.1	4.0	
2.2076917472134924e9	1.392814423029979e9	8.148773241835136e8	50.0	0.0	0.0	0.08163265306122448	0.09734513274336283	0.3356164383561644	4.0	0.03285653547133139	0.2	4.0	
2.203659374376975e9	1.3892468820650578e9	8.144124923119173e8	50.0	0.0	0.0	0.08163265306122448	0.09734513274336283	0.3356164383561644	4.0	0.03285653547133139	0.3	4.0	
2.1996634579022355e9	1.3857094166408033e9	8.139540412614324e8	50.0	0.0	0.0	0.08163265306122448	0.09734513274336283	0.3356164383561644	4.0	0.03285653547133139	0.4	4.0	
2.1957033779700313e9	1.38220142216923e9	8.135019558008012e8	50.0	0.0	0.0	0.08163265306122448	0.09734513274336283	0.3356164383561644	4.0	0.03285653547133139	0.5	4.0	
2.191778533334216e9	1.3787223118146906e9	8.130562215195253e8	50.0	0.0	0.0	0.08163265306122448	0.09734513274336283	0.3356164383561644	4.0	0.03285653547133139	0.6	4.0	
2.1878883417954836e9	1.3752715184312518e9	8.126168233642321e8	50.0	0.0	0.0	0.08163265306122448	0.09734513274336283	0.3356164383561644	4.0	0.03285653547133139	0.7	4.0	
2.1840322380630593e9	1.3718484908175495e9	8.121837472455099e8	50.0	0.0	0.0	0.08163265306122448	0.09734513274336283	0.3356164383561644	4.0	0.03285653547133139	0.8	4.0	
2.1802096722642474e9	1.3684526932022586e9	8.117569790619886e8	50.0	0.0	0.0	0.08163265306122448	0.09734513274336283	0.3356164383561644	4.0	0.03285653547133139	0.9	4.0	
2.176420112039592e9	1.365083606734968e9	8.11336505304624e8	50.0	0.0	0.0	0.08163265306122448	0.09734513274336283	0.3356164383561644	4.0	0.03285653547133139	1.0	4.0	
2.215868435254938e9	1.40004224135326e9	8.158261939016788e8	50.0	0.0	0.0	0.08163265306122448	0.0953757225433526	0.3288590604026846	4.0	0.020163353039628545	0.0	4.0	
2.2117642993101707e9	1.3964152492383442e9	8.153490500718267e8	50.0	0.0	0.0	0.08163265306122448	0.0953757225433526	0.3288590604026846	4.0	0.020163353039628545	0.1	4.0	
2.207703966418074e9	1.3928246488603265e9	8.148793175577476e8	50.0	0.0	0.0	0.08163265306122448	0.0953757225433526	0.3288590604026846	4.0	0.020163353039628545	0.2	4.0	
2.203686604955641e9	1.3892696196400223e9	8.144169853156183e8	50.0	0.0	0.0	0.08163265306122448	0.0953757225433526	0.3288590604026846	4.0	0.020163353039628545	0.3	4.0	
2.199711409871666e9	1.385749366572866e9	8.139620432987998e8	50.0	0.0	0.0	0.08163265306122448	0.0953757225433526	0.3288590604026846	4.0	0.020163353039628545	0.4	4.0	
2.1957776008396177e9	1.382263118298646e9	8.13514482540972e8	50.0	0.0	0.0	0.08163265306122448	0.0953757225433526	0.3288590604026846	4.0	0.020163353039628545	0.5	4.0	
2.1918844227625227e9	1.3788101278177638e9	8.130742949447584e8	50.0	0.0	0.0	0.08163265306122448	0.0953757225433526	0.3288590604026846	4.0	0.020163353039628545	0.6	4.0	
2.1880311447403755e9	1.3753896721677108e9	8.126414725726652e8	50.0	0.0	0.0	0.08163265306122448	0.0953757225433526	0.3288590604026846	4.0	0.020163353039628545	0.7	4.0	
2.184217058114794e9	1.372001049608162e9	8.12216008506631e8	50.0	0.0	0.0	0.08163265306122448	0.0953757225433526	0.3288590604026846	4.0	0.020163353039628545	0.8	4.0	
2.1804414769852877e9	1.3686435809292445e9	8.117978960560431e8	50.0	0.0	0.0	0.08163265306122448	0.0953757225433526	0.3288590604026846	4.0	0.020163353039628545	0.9	4.0	
2.176703735778919e9	1.365316606299908e9	8.113871294790113e8	50.0	0.0	0.0	0.08163265306122448	0.0953757225433526	0.3288590604026846	4.0	0.020163353039628545	1.0	4.0	
