2.215868435254938e9	1.40004224135326e9	8.158261939016788e8	50.0	0.0	0.0	0.40816326530612246	0.39612015018773467	0.620253164556962	19.0	0.009962425140996569	0.0	20.0	
2.2117499410101643e9	1.3964034964739404e9	8.153464445362239e8	50.0	0.0	0.0	0.40816326530612246	0.39612015018773467	0.620253164556962	19.0	0.009962425140996569	0.1	20.0	
2.2076470699956794e9	1.3927781683905592e9	8.148689016051202e8	50.0	0.0	0.0	0.40816326530612246	0.39612015018773467	0.620253164556962	19.0	0.009962425140996569	0.2	20.0	
2.203559771693613e9	1.3891662064405742e9	8.143935652530389e8	50.0	0.0	0.0	0.40816326530612246	0.39612015018773467	0.620253164556962	19.0	0.009962425140996569	0.3	20.0	
2.199487997773349e9	1.3855675637891412e9	8.139204339842074e8	50.0	0.0	0.0	0.40816326530612246	0.39612015018773467	0.620253164556962	19.0	0.009962425140996569	0.4	20.0	
2.1954316965803185e9	1.3819821871275687e9	8.134495094527495e8	50.0	0.0	0.0	0.40816326530612246	0.39612015018773467	0.620253164556962	19.0	0.009962425140996569	0.5	20.0	
2.191390815916884e9	1.3784100216655428e9	8.129807942513411e8	50.0	0.0	0.0	0.40816326530612246	0.39612015018773467	0.620253164556962	19.0	0.009962425140996569	0.6	20.0	
2.1873653089720583e9	1.3748510228025243e9	8.125142861695342e8	50.0	0.0	0.0	0.40816326530612246	0.39612015018773467	0.620253164556962	19.0	0.009962425140996569	0.7	20.0	
2.1833551268078194e9	1.3713051416232908e9	8.120499851845284e8	50.0	0.0	0.0	0.40816326530612246	0.39612015018773467	0.620253164556962	19.0	0.009962425140996569	0.8	20.0	
2.1793602207040105e9	1.367772329361518e9	8.115878913424927e8	50.0	0.0	0.0	0.40816326530612246	0.39612015018773467	0.620253164556962	19.0	0.009962425140996569	0.9	20.0	
2.175380541866685e9	1.3642525368785882e9	8.111280049880968e8	50.0	0.0	0.0	0.40816326530612246	0.39612015018773467	0.620253164556962	19.0	0.009962425140996569	1.0	20.0	
2.215868435254938e9	1.40004224135326e9	8.158261939016788e8	50.0	0.0	0.0	0.40816326530612246	0.4082416441768736	0.6363636363636364	21.0	0.013137599362089157	0.0	20.0	
2.2117499327746e9	1.3964034907415104e9	8.153464420330899e8	50.0	0.0	0.0	0.40816326530612246	0.4082416441768736	0.6363636363636364	21.0	0.013137599362089157	0.1	20.0	
2.2076470373193955e9	1.3927781457642365e9	8.148688915551593e8	50.0	0.0	0.0	0.40816326530612246	0.4082416441768736	0.6363636363636364	21.0	0.013137599362089157	0.2	20.0	
2.2035596987791796e9	1.3891661561594634e9	8.143935426197165e8	50.0	0.0	0.0	0.40816326530612246	0.4082416441768736	0.6363636363636364	21.0	0.013137599362089157	0.3	20.0	
2.199487868898239e9	1.3855674749122787e9	8.139203939859605e8	50.0	0.0	0.0	0.40816326530612246	0.4082416441768736	0.6363636363636364	21.0	0.013137599362089157	0.4	20.0	
2.195431497283698e9	1.3819820508057618e9	8.134494464779357e8	50.0	0.0	0.0	0.40816326530612246	0.4082416441768736	0.6363636363636364	21.0	0.013137599362089157	0.5	20.0	
2.191390531184263e9	1.37840982763849e9	8.129807035457733e8	50.0	0.0	0.0	0.40816326530612246	0.4082416441768736	0.6363636363636364	21.0	0.013137599362089157	0.6	20.0	
2.1873649247190614e9	1.3748507622882967e9	8.125141624307647e8	50.0	0.0	0.0	0.40816326530612246	0.4082416441768736	0.6363636363636364	21.0	0.013137599362089157	0.7	20.0	
2.1833546290217915e9	1.371304805638579e9	8.120498233832126e8	50.0	0.0	0.0	0.40816326530612246	0.4082416441768736	0.6363636363636364	21.0	0.013137599362089157	0.8	20.0	
2.179359595740142e9	1.36777190933783e9	8.115876864023119e8	50.0	0.0	0.0	0.40816326530612246	0.4082416441768736	0.6363636363636364	21.0	0.013137599362089157	0.9	20.0	
2.17537977669471e9	1.3642520251379948e9	8.111277515567153e8	50.0	0.0	0.0	0.40816326530612246	0.4082416441768736	0.6363636363636364	21.0	0.013137599362089157	1.0	20.0	
2.215868435254938e9	1.40004224135326e9	8.158261939016788e8	50.0	0.0	0.0	0.40816326530612246	0.4232481109615982	0.6363636363636364	21.0	0.011190013454044067	0.0	20.0	
2.211749932699273e9	1.396403490690122e9	8.153464420091515e8	50.0	0.0	0.0	0.40816326530612246	0.4232481109615982	0.6363636363636364	21.0	0.011190013454044067	0.1	20.0	
2.207647037028223e9	1.3927781455681221e9	8.148688914601007e8	50.0	0.0	0.0	0.40816326530612246	0.4232481109615982	0.6363636363636364	21.0	0.011190013454044067	0.2	20.0	
2.203559698129018e9	1.3891661557243056e9	8.143935424047118e8	50.0	0.0	0.0	0.40816326530612246	0.4232481109615982	0.6363636363636364	21.0	0.011190013454044067	0.3	20.0	
2.1994878676762085e9	1.3855674740064397e9	8.139203936697687e8	50.0	0.0	0.0	0.40816326530612246	0.4232481109615982	0.6363636363636364	21.0	0.011190013454044067	0.4	20.0	
2.1954314955058384e9	1.3819820496287875e9	8.134494458770516e8	50.0	0.0	0.0	0.40816326530612246	0.4232481109615982	0.6363636363636364	21.0	0.011190013454044067	0.5	20.0	
2.1913905286411953e9	1.3784098259631572e9	8.129807026780382e8	50.0	0.0	0.0	0.40816326530612246	0.4232481109615982	0.6363636363636364	21.0	0.011190013454044067	0.6	20.0	
2.187364921293174e9	1.3748507600454345e9	8.125141612477393e8	50.0	0.0	0.0	0.40816326530612246	0.4232481109615982	0.6363636363636364	21.0	0.011190013454044067	0.7	20.0	
2.1833546245767436e9	1.371304802743379e9	8.120498218333647e8	50.0	0.0	0.0	0.40816326530612246	0.4232481109615982	0.6363636363636364	21.0	0.011190013454044067	0.8	20.0	
2.179359590161586e9	1.3677719057251112e9	8.115876844364749e8	50.0	0.0	0.0	0.40816326530612246	0.4232481109615982	0.6363636363636364	21.0	0.011190013454044067	0.9	20.0	
2.1753797698687983e9	1.3642520207443771e9	8.111277491244215e8	50.0	0.0	0.0	0.40816326530612246	0.4232481109615982	0.6363636363636364	21.0	0.011190013454044067	1.0	20.0	
