2.215868435254938e9	1.40004224135326e9	8.158261939016788e8	50.0	0.0	0.0	0.12244897959183673	0.12546125461254612	0.4375	5.0	0.02636113088568957	0.0	3.0	
2.1754693905483804e9	1.3643173473159351e9	8.111520432324452e8	50.0	0.0	0.0	0.12244897959183673	0.12546125461254612	0.4375	5.0	0.02636113088568957	1.0	3.0	
2.1367330571423712e9	1.3299888931595488e9	8.067441639828224e8	50.0	0.0	0.0	0.12244897959183673	0.12546125461254612	0.4375	5.0	0.02636113088568957	2.0	3.0	
2.0995712381332536e9	1.2969718646888945e9	8.025993734443588e8	50.0	0.0	0.0	0.12244897959183673	0.12546125461254612	0.4375	5.0	0.02636113088568957	3.0	3.0	
2.0639073181382463e9	1.2651921062851357e9	7.987152118531103e8	50.0	0.0	0.0	0.12244897959183673	0.12546125461254612	0.4375	5.0	0.02636113088568957	4.0	3.0	
2.0296741453114014e9	1.234584251528977e9	7.950898937824247e8	50.0	0.0	0.0	0.12244897959183673	0.12546125461254612	0.4375	5.0	0.02636113088568957	5.0	3.0	
1.990645229094902e9	1.2018835510595806e9	7.887616780353216e8	49.0	1.0	0.0	0.12244897959183673	0.12546125461254612	0.4375	5.0	0.02636113088568957	6.0	3.0	
1.953322568591486e9	1.1707953009010265e9	7.825272676904594e8	49.0	1.0	0.0	0.12244897959183673	0.12546125461254612	0.4375	5.0	0.02636113088568957	7.0	3.0	
1.9182911832318113e9	1.1415231688623257e9	7.767680143694856e8	49.0	1.0	0.0	0.12244897959183673	0.12546125461254612	0.4375	5.0	0.02636113088568957	8.0	3.0	
1.8852725374470925e9	1.1138239278873017e9	7.714486095597912e8	49.0	1.0	0.0	0.12244897959183673	0.12546125461254612	0.4375	5.0	0.02636113088568957	9.0	3.0	
1.854044823892931e9	1.0875062364752154e9	7.665385874177155e8	49.0	1.0	0.0	0.12244897959183673	0.12546125461254612	0.4375	5.0	0.02636113088568957	10.0	3.0	
2.215868435254938e9	1.40004224135326e9	8.158261939016788e8	50.0	0.0	0.0	0.12244897959183673	0.16403402187120292	0.47115384615384615	8.0	0.060192635367178886	0.0	3.0	
2.175417516071163e9	1.3642799407582793e9	8.111375753128842e8	50.0	0.0	0.0	0.12244897959183673	0.16403402187120292	0.47115384615384615	8.0	0.060192635367178886	1.0	3.0	
2.13654923141916e9	1.329860535917295e9	8.066886955018646e8	50.0	0.0	0.0	0.12244897959183673	0.16403402187120292	0.47115384615384615	8.0	0.060192635367178886	2.0	3.0	
2.0992041769106748e9	1.2967245061784902e9	8.024796707321846e8	50.0	0.0	0.0	0.12244897959183673	0.16403402187120292	0.47115384615384615	8.0	0.060192635367178886	3.0	3.0	
2.063327300327703e9	1.2648163355055075e9	7.985109648221955e8	50.0	0.0	0.0	0.12244897959183673	0.16403402187120292	0.47115384615384615	8.0	0.060192635367178886	4.0	3.0	
2.0288675058206837e9	1.234084131749273e9	7.947833740714105e8	50.0	0.0	0.0	0.12244897959183673	0.16403402187120292	0.47115384615384615	8.0	0.060192635367178886	5.0	3.0	
1.995777304114327e9	1.204479269835649e9	7.912980342786782e8	50.0	0.0	0.0	0.12244897959183673	0.16403402187120292	0.47115384615384615	8.0	0.060192635367178886	6.0	3.0	
1.964012522001997e9	1.1759560972230566e9	7.880564247789403e8	50.0	0.0	0.0	0.12244897959183673	0.16403402187120292	0.47115384615384615	8.0	0.060192635367178886	7.0	3.0	
1.9309817935367799e9	1.147111510217618e9	7.838702833191617e8	49.0	1.0	0.0	0.12244897959183673	0.16403402187120292	0.47115384615384615	8.0	0.060192635367178886	8.0	3.0	
1.8971833650919728e9	1.118336003023614e9	7.788473620683589e8	49.0	1.0	0.0	0.12244897959183673	0.16403402187120292	0.47115384615384615	8.0	0.060192635367178886	9.0	3.0	
1.8651681349383554e9	1.0909870730357819e9	7.741810619025736e8	49.0	1.0	0.0	0.12244897959183673	0.16403402187120292	0.47115384615384615	8.0	0.060192635367178886	10.0	3.0	
2.215868435254938e9	1.40004224135326e9	8.158261939016788e8	50.0	0.0	0.0	0.12244897959183673	0.12686567164179105	0.44954128440366975	7.0	0.03254322833029316	0.0	3.0	
2.1754427562896395e9	1.3642986641234868e9	8.111440921661527e8	50.0	0.0	0.0	0.12244897959183673	0.12686567164179105	0.44954128440366975	7.0	0.03254322833029316	1.0	3.0	
2.1366425533300369e9	1.329928270344903e9	8.067142829851339e8	50.0	0.0	0.0	0.12244897959183673	0.12686567164179105	0.44954128440366975	7.0	0.03254322833029316	2.0	3.0	
2.0993986251427572e9	1.296862388796656e9	8.025362363461012e8	50.0	0.0	0.0	0.12244897959183673	0.12686567164179105	0.44954128440366975	7.0	0.03254322833029316	3.0	3.0	
2.063648004703839e9	1.2650381411723657e9	7.986098635314732e8	50.0	0.0	0.0	0.12244897959183673	0.12686567164179105	0.44954128440366975	7.0	0.03254322833029316	4.0	3.0	
2.0293332217049325e9	1.2343977248962448e9	7.949354968086877e8	50.0	0.0	0.0	0.12244897959183673	0.12686567164179105	0.44954128440366975	7.0	0.03254322833029316	5.0	3.0	
1.9964016707133641e9	1.2048877759671323e9	7.915138947462319e8	50.0	0.0	0.0	0.12244897959183673	0.12686567164179105	0.44954128440366975	7.0	0.03254322833029316	6.0	3.0	
1.9620977594121246e9	1.1750147272680073e9	7.870830321441171e8	49.0	1.0	0.0	0.12244897959183673	0.12686567164179105	0.44954128440366975	7.0	0.03254322833029316	7.0	3.0	
1.9266392027275138e9	1.145055183779526e9	7.81584018947988e8	49.0	1.0	0.0	0.12244897959183673	0.12686567164179105	0.44954128440366975	7.0	0.03254322833029316	8.0	3.0	
1.8931707237011576e9	1.1166857010276275e9	7.764850226735301e8	49.0	1.0	0.0	0.12244897959183673	0.12686567164179105	0.44954128440366975	7.0	0.03254322833029316	9.0	3.0	
1.8615129062326825e9	1.089745175600624e9	7.717677306320583e8	49.0	1.0	0.0	0.12244897959183673	0.12686567164179105	0.44954128440366975	7.0	0.03254322833029316	10.0	3.0	
2.215868435254938e9	1.40004224135326e9	8.158261939016788e8	50.0	0.0	0.0	0.12244897959183673	0.15170670037926676	0.4260869565217391	6.0	0.023863297122600848	0.0	3.0	
2.1754831517002068e9	1.364329511567709e9	8.111536401324978e8	50.0	0.0	0.0	0.12244897959183673	0.15170670037926676	0.4260869565217391	6.0	0.023863297122600848	1.0	3.0	
2.1367917068934894e9	1.3300400515628247e9	8.067516553306646e8	50.0	0.0	0.0	0.12244897959183673	0.15170670037926676	0.4260869565217391	6.0	0.023863297122600848	2.0	3.0	
2.0997091197759461e9	1.2970905538092337e9	8.026185659667125e8	50.0	0.0	0.0	0.12244897959183673	0.15170670037926676	0.4260869565217391	6.0	0.023863297122600848	3.0	3.0	
2.064159836919512e9	1.2654065918733668e9	7.987532450461451e8	50.0	0.0	0.0	0.12244897959183673	0.15170670037926676	0.4260869565217391	6.0	0.023863297122600848	4.0	3.0	
2.0300763542908792e9	1.2349212634261186e9	7.951550908647606e8	50.0	0.0	0.0	0.12244897959183673	0.15170670037926676	0.4260869565217391	6.0	0.023863297122600848	5.0	3.0	
1.9953963258304884e9	1.2044997085474389e9	7.908966172830493e8	49.0	1.0	0.0	0.12244897959183673	0.15170670037926676	0.4260869565217391	6.0	0.023863297122600848	6.0	3.0	
1.958122781559092e9	1.1732558093116732e9	7.84866972247419e8	49.0	1.0	0.0	0.12244897959183673	0.15170670037926676	0.4260869565217391	6.0	0.023863297122600848	7.0	3.0	
1.9231291353210392e9	1.1438311559983416e9	7.792979793226975e8	49.0	1.0	0.0	0.12244897959183673	0.15170670037926676	0.4260869565217391	6.0	0.023863297122600848	8.0	3.0	
1.8901626651705332e9	1.1160010498375843e9	7.741616153329489e8	49.0	1.0	0.0	0.12244897959183673	0.15170670037926676	0.4260869565217391	6.0	0.023863297122600848	9.0	3.0	
1.859017154558721e9	1.089583816783441e9	7.694333377752801e8	49.0	1.0	0.0	0.12244897959183673	0.15170670037926676	0.4260869565217391	6.0	0.023863297122600848	10.0	3.0	
2.215868435254938e9	1.40004224135326e9	8.158261939016788e8	50.0	0.0	0.0	0.12244897959183673	0.12804878048780488	0.4375	7.0	0.041491782499435574	0.0	3.0	
2.175479427849745e9	1.3643279709987977e9	8.111514568509471e8	50.0	0.0	0.0	0.12244897959183673	0.12804878048780488	0.4375	7.0	0.041491782499435574	1.0	3.0	
2.136782426371668e9	1.3300387121966906e9	8.067437141749775e8	50.0	0.0	0.0	0.12244897959183673	0.12804878048780488	0.4375	7.0	0.041491782499435574	2.0	3.0	
2.099699042714667e9	1.2970966254619145e9	8.026024172527527e8	50.0	0.0	0.0	0.12244897959183673	0.12804878048780488	0.4375	7.0	0.041491782499435574	3.0	3.0	
2.0641583617237306e9	1.2654308761495006e9	7.987274855742294e8	50.0	0.0	0.0	0.12244897959183673	0.12804878048780488	0.4375	7.0	0.041491782499435574	4.0	3.0	
2.0300960468505688e9	1.2349767524177313e9	7.951192944328375e8	50.0	0.0	0.0	0.12244897959183673	0.12804878048780488	0.4375	7.0	0.041491782499435574	5.0	3.0	
1.9974535883424242e9	1.2056749113629646e9	7.917786769794598e8	50.0	0.0	0.0	0.12244897959183673	0.12804878048780488	0.4375	7.0	0.041491782499435574	6.0	3.0	
1.9626469421133022e9	1.175602189382168e9	7.870447527311342e8	49.0	1.0	0.0	0.12244897959183673	0.12804878048780488	0.4375	7.0	0.041491782499435574	7.0	3.0	
1.9275597444768505e9	1.1459370141564033e9	7.816227303204473e8	49.0	1.0	0.0	0.12244897959183673	0.12804878048780488	0.4375	7.0	0.041491782499435574	8.0	3.0	
1.8944890323285277e9	1.1178717399597929e9	7.766172923687346e8	49.0	1.0	0.0	0.12244897959183673	0.12804878048780488	0.4375	7.0	0.041491782499435574	9.0	3.0	
1.863248405909245e9	1.0912390171949525e9	7.720093887142926e8	49.0	1.0	0.0	0.12244897959183673	0.12804878048780488	0.4375	7.0	0.041491782499435574	10.0	3.0	
2.215868435254938e9	1.40004224135326e9	8.158261939016788e8	50.0	0.0	0.0	0.12244897959183673	0.1507537688442211	0.4083333333333333	5.0	0.01792804145745322	0.0	3.0	
2.175580772961157e9	1.3644052929235e9	8.11175480037657e8	50.0	0.0	0.0	0.12244897959183673	0.1507537688442211	0.4083333333333333	5.0	0.01792804145745322	1.0	3.0	
2.1371515622554948e9	1.3303143507539713e9	8.068372115015233e8	50.0	0.0	0.0	0.12244897959183673	0.1507537688442211	0.4083333333333333	5.0	0.01792804145745322	2.0	3.0	
2.1004573806903887e9	1.2976502733453903e9	8.028071073449986e8	50.0	0.0	0.0	0.12244897959183673	0.1507537688442211	0.4083333333333333	5.0	0.01792804145745322	3.0	3.0	
2.0653924455728683e9	1.2663108912243028e9	7.990815543485655e8	50.0	0.0	0.0	0.12244897959183673	0.1507537688442211	0.4083333333333333	5.0	0.01792804145745322	4.0	3.0	
2.0302051853613276e9	1.2353150308221788e9	7.948901545391488e8	49.0	1.0	0.0	0.12244897959183673	0.1507537688442211	0.4083333333333333	5.0	0.01792804145745322	5.0	3.0	
1.9911299932116628e9	1.2028780012665212e9	7.882519919451417e8	49.0	1.0	0.0	0.12244897959183673	0.1507537688442211	0.4083333333333333	5.0	0.01792804145745322	6.0	3.0	
1.954797410340682e9	1.1726135659355736e9	7.821838444051086e8	49.0	1.0	0.0	0.12244897959183673	0.1507537688442211	0.4083333333333333	5.0	0.01792804145745322	7.0	3.0	
1.9208163389325347e9	1.1441775816560566e9	7.766387572764783e8	49.0	1.0	0.0	0.12244897959183673	0.1507537688442211	0.4083333333333333	5.0	0.01792804145745322	8.0	3.0	
1.888881873711349e9	1.1173053879440691e9	7.7157648576728e8	49.0	1.0	0.0	0.12244897959183673	0.1507537688442211	0.4083333333333333	5.0	0.01792804145745322	9.0	3.0	
1.8587551057658086e9	1.091792214123662e9	7.669628916421466e8	49.0	1.0	0.0	0.12244897959183673	0.1507537688442211	0.4083333333333333	5.0	0.01792804145745322	10.0	3.0	
2.215868435254938e9	1.40004224135326e9	8.158261939016788e8	50.0	0.0	0.0	0.12244897959183673	0.1275	0.392	4.0	0.009602601271505674	0.0	3.0	
2.1756275631248927e9	1.3644389902913532e9	8.111885728335396e8	50.0	0.0	0.0	0.12244897959183673	0.1275	0.392	4.0	0.009602601271505674	1.0	3.0	
2.1373074706587296e9	1.3304218942670007e9	8.068855763917289e8	50.0	0.0	0.0	0.12244897959183673	0.1275	0.392	4.0	0.009602601271505674	2.0	3.0	
2.1007491667464895e9	1.297842073352529e9	8.029070933939602e8	50.0	0.0	0.0	0.12244897959183673	0.1275	0.392	4.0	0.009602601271505674	3.0	3.0	
2.0658228861031778e9	1.2665788950868878e9	7.992439910162901e8	50.0	0.0	0.0	0.12244897959183673	0.1275	0.392	4.0	0.009602601271505674	4.0	3.0	
2.024368304351009e9	1.2324283815775003e9	7.919399227735087e8	49.0	1.0	0.0	0.12244897959183673	0.1275	0.392	4.0	0.009602601271505674	5.0	3.0	
1.9857505851490378e9	1.2006703386531012e9	7.850802464959366e8	49.0	1.0	0.0	0.12244897959183673	0.1275	0.392	4.0	0.009602601271505674	6.0	3.0	
1.9499156678176093e9	1.171073367633898e9	7.788423001837113e8	49.0	1.0	0.0	0.12244897959183673	0.1275	0.392	4.0	0.009602601271505674	7.0	3.0	
1.9164058409076946e9	1.1432455563294764e9	7.73160284578218e8	49.0	1.0	0.0	0.12244897959183673	0.1275	0.392	4.0	0.009602601271505674	8.0	3.0	
1.884880126193993e9	1.1169007072112763e9	7.679794189827168e8	49.0	1.0	0.0	0.12244897959183673	0.1275	0.392	4.0	0.009602601271505674	9.0	3.0	
1.8550820187494588e9	1.0918278244643698e9	7.632541942850893e8	49.0	1.0	0.0	0.12244897959183673	0.1275	0.392	4.0	0.009602601271505674	10.0	3.0	
2.215868435254938e9	1.40004224135326e9	8.158261939016788e8	50.0	0.0	0.0	0.12244897959183673	0.16517285531370038	0.3983739837398374	4.0	0.010778229942770758	0.0	3.0	
2.1756008221951637e9	1.3644179826227288e9	8.111828395724354e8	50.0	0.0	0.0	0.12244897959183673	0.16517285531370038	0.3983739837398374	4.0	0.010778229942770758	1.0	3.0	
2.1372087237208102e9	1.330345742182694e9	8.068629815381161e8	50.0	0.0	0.0	0.12244897959183673	0.16517285531370038	0.3983739837398374	4.0	0.010778229942770758	2.0	3.0	
2.1005434772786608e9	1.2976863961656914e9	8.028570811129695e8	50.0	0.0	0.0	0.12244897959183673	0.16517285531370038	0.3983739837398374	4.0	0.010778229942770758	3.0	3.0	
2.0654834764592538e9	1.2663268405526876e9	7.991566359065661e8	50.0	0.0	0.0	0.12244897959183673	0.16517285531370038	0.3983739837398374	4.0	0.010778229942770758	4.0	3.0	
2.0243990426437683e9	1.2323139416085021e9	7.92085101035266e8	49.0	1.0	0.0	0.12244897959183673	0.16517285531370038	0.3983739837398374	4.0	0.010778229942770758	5.0	3.0	
1.985577215590117e9	1.200378872767152e9	7.851983428229647e8	49.0	1.0	0.0	0.12244897959183673	0.16517285531370038	0.3983739837398374	4.0	0.010778229942770758	6.0	3.0	
1.9495265759028335e9	1.1706041690310721e9	7.789224068717616e8	49.0	1.0	0.0	0.12244897959183673	0.16517285531370038	0.3983739837398374	4.0	0.010778229942770758	7.0	3.0	
1.915797212342879e9	1.1426038584837554e9	7.731933538591241e8	49.0	1.0	0.0	0.12244897959183673	0.16517285531370038	0.3983739837398374	4.0	0.010778229942770758	8.0	3.0	
1.8840526220244248e9	1.116094851701191e9	7.67957770323234e8	49.0	1.0	0.0	0.12244897959183673	0.16517285531370038	0.3983739837398374	4.0	0.010778229942770758	9.0	3.0	
1.854038736460241e9	1.090867600821014e9	7.631711356392273e8	49.0	1.0	0.0	0.12244897959183673	0.16517285531370038	0.3983739837398374	4.0	0.010778229942770758	10.0	3.0	
2.215868435254938e9	1.40004224135326e9	8.158261939016788e8	50.0	0.0	0.0	0.12244897959183673	0.13307984790874525	0.44954128440366975	8.0	0.0611858214536786	0.0	3.0	
2.1754809362602706e9	1.3643302491111362e9	8.111506871491344e8	50.0	0.0	0.0	0.12244897959183673	0.13307984790874525	0.44954128440366975	8.0	0.0611858214536786	1.0	3.0	
2.1367909834894173e9	1.330049936083845e9	8.067410474055728e8	50.0	0.0	0.0	0.12244897959183673	0.13307984790874525	0.44954128440366975	8.0	0.0611858214536786	2.0	3.0	
2.099723117925004e9	1.2971257986359417e9	8.025973192890623e8	50.0	0.0	0.0	0.12244897959183673	0.13307984790874525	0.44954128440366975	8.0	0.0611858214536786	3.0	3.0	
2.0642084301354353e9	1.2654884386762164e9	7.98719991459219e8	50.0	0.0	0.0	0.12244897959183673	0.13307984790874525	0.44954128440366975	8.0	0.0611858214536786	4.0	3.0	
2.0301838997365203e9	1.2350739143391223e9	7.951099853973982e8	50.0	0.0	0.0	0.12244897959183673	0.13307984790874525	0.44954128440366975	8.0	0.0611858214536786	5.0	3.0	
1.9975918135649774e9	1.2058231566763034e9	7.917686568886738e8	50.0	0.0	0.0	0.12244897959183673	0.13307984790874525	0.44954128440366975	8.0	0.0611858214536786	6.0	3.0	
1.966379277154187e9	1.1776814641741521e9	7.886978129800348e8	50.0	0.0	0.0	0.12244897959183673	0.13307984790874525	0.44954128440366975	8.0	0.0611858214536786	7.0	3.0	
1.9315525489579992e9	1.1480175144541612e9	7.835350345038383e8	49.0	1.0	0.0	0.12244897959183673	0.13307984790874525	0.44954128440366975	8.0	0.0611858214536786	8.0	3.0	
1.8984520887637877e9	1.119799219496457e9	7.786528692673304e8	49.0	1.0	0.0	0.12244897959183673	0.13307984790874525	0.44954128440366975	8.0	0.0611858214536786	9.0	3.0	
1.8671785782248278e9	1.093018894191469e9	7.74159684033359e8	49.0	1.0	0.0	0.12244897959183673	0.13307984790874525	0.44954128440366975	8.0	0.0611858214536786	10.0	3.0	
2.215868435254938e9	1.40004224135326e9	8.158261939016788e8	50.0	0.0	0.0	0.12244897959183673	0.13909774436090225	0.4152542372881356	5.0	0.015523431594860169	0.0	3.0	
2.175511086737422e9	1.3643502909314559e9	8.111607958059659e8	50.0	0.0	0.0	0.12244897959183673	0.13909774436090225	0.4152542372881356	5.0	0.015523431594860169	1.0	3.0	
2.136890786769284e9	1.33011178713801e9	8.067789996312737e8	50.0	0.0	0.0	0.12244897959183673	0.13909774436090225	0.4152542372881356	5.0	0.015523431594860169	2.0	3.0	
2.0999073421181328e9	1.2972300168967986e9	8.026773252213342e8	50.0	0.0	0.0	0.12244897959183673	0.13909774436090225	0.4152542372881356	5.0	0.015523431594860169	3.0	3.0	
2.0644740002804887e9	1.2656210305688472e9	7.988529697116418e8	50.0	0.0	0.0	0.12244897959183673	0.13909774436090225	0.4152542372881356	5.0	0.015523431594860169	4.0	3.0	
2.0305150525949662e9	1.2352112641757581e9	7.953037884192078e8	50.0	0.0	0.0	0.12244897959183673	0.13909774436090225	0.4152542372881356	5.0	0.015523431594860169	5.0	3.0	
1.99096350259303e9	1.202328262068284e9	7.886352405247464e8	49.0	1.0	0.0	0.12244897959183673	0.13909774436090225	0.4152542372881356	5.0	0.015523431594860169	6.0	3.0	
1.954021831776896e9	1.1715528238796449e9	7.824690078972512e8	49.0	1.0	0.0	0.12244897959183673	0.13909774436090225	0.4152542372881356	5.0	0.015523431594860169	7.0	3.0	
1.9193982490908341e9	1.1426024514499397e9	7.767957976408942e8	49.0	1.0	0.0	0.12244897959183673	0.13909774436090225	0.4152542372881356	5.0	0.015523431594860169	8.0	3.0	
1.886804853923945e9	1.1152261369018183e9	7.715787170221267e8	49.0	1.0	0.0	0.12244897959183673	0.13909774436090225	0.4152542372881356	5.0	0.015523431594860169	9.0	3.0	
1.8560135924909961e9	1.0892274599580572e9	7.667861325329392e8	49.0	1.0	0.0	0.12244897959183673	0.13909774436090225	0.4152542372881356	5.0	0.015523431594860169	10.0	3.0	
