2.215868435254938e9	1.40004224135326e9	8.158261939016788e8	50.0	0.0	0.0	0.08163265306122448	0.07317073170731707	0.2692307692307692	2.0	0.0025965743440233236	0.0	2.0	
2.177258246110574e9	1.3657431855111609e9	8.11515060599413e8	50.0	0.0	0.0	0.08163265306122448	0.07317073170731707	0.2692307692307692	2.0	0.0025965743440233236	1.0	2.0	
2.1430954672224867e9	1.3349217775205693e9	8.081736897019173e8	50.0	0.0	0.0	0.08163265306122448	0.07317073170731707	0.2692307692307692	2.0	0.0025965743440233236	2.0	2.0	
2.100761468769299e9	1.301076568813508e9	7.996848999557908e8	49.0	1.0	0.0	0.08163265306122448	0.07317073170731707	0.2692307692307692	2.0	0.0025965743440233236	3.0	2.0	
2.062924278575532e9	1.271496596302729e9	7.91427682272803e8	49.0	1.0	0.0	0.08163265306122448	0.07317073170731707	0.2692307692307692	2.0	0.0025965743440233236	4.0	2.0	
2.0303881842734175e9	1.2457388216880646e9	7.846493625853523e8	49.0	1.0	0.0	0.08163265306122448	0.07317073170731707	0.2692307692307692	2.0	0.0025965743440233236	5.0	2.0	
2.0014843857720242e9	1.2224577304677892e9	7.790266553042352e8	49.0	1.0	0.0	0.08163265306122448	0.07317073170731707	0.2692307692307692	2.0	0.0025965743440233236	6.0	2.0	
1.9752558905150757e9	1.2009236882891483e9	7.743322022259274e8	48.0	2.0	0.0	0.08163265306122448	0.07317073170731707	0.2692307692307692	2.0	0.0025965743440233236	7.0	2.0	
1.9484041109097486e9	1.179351697194862e9	7.69052413714887e8	47.0	3.0	0.0	0.08163265306122448	0.07317073170731707	0.2692307692307692	2.0	0.0025965743440233236	8.0	2.0	
1.9216074078235474e9	1.1581874799754143e9	7.63419927848133e8	47.0	3.0	0.0	0.08163265306122448	0.07317073170731707	0.2692307692307692	2.0	0.0025965743440233236	9.0	2.0	
1.8945060366187773e9	1.1372284657703207e9	7.572775708484567e8	47.0	3.0	0.0	0.08163265306122448	0.07317073170731707	0.2692307692307692	2.0	0.0025965743440233236	10.0	2.0	
2.215868435254938e9	1.40004224135326e9	8.158261939016788e8	50.0	0.0	0.0	0.08163265306122448	0.12209302325581395	0.3333333333333333	4.0	0.029882369614512464	0.0	2.0	
2.176144329966282e9	1.3648639675254602e9	8.112803624408214e8	50.0	0.0	0.0	0.08163265306122448	0.12209302325581395	0.3333333333333333	4.0	0.029882369614512464	1.0	2.0	
2.139252359925292e9	1.3319965043152776e9	8.072558556100143e8	50.0	0.0	0.0	0.08163265306122448	0.12209302325581395	0.3333333333333333	4.0	0.029882369614512464	2.0	2.0	
2.1048810547748494e9	1.301132980421168e9	8.037480743536813e8	50.0	0.0	0.0	0.08163265306122448	0.12209302325581395	0.3333333333333333	4.0	0.029882369614512464	3.0	2.0	
2.0691064127796297e9	1.2700983177971802e9	7.990080949824498e8	49.0	1.0	0.0	0.08163265306122448	0.12209302325581395	0.3333333333333333	4.0	0.029882369614512464	4.0	2.0	
2.0306521890608482e9	1.2386423104645555e9	7.92009878596293e8	49.0	1.0	0.0	0.08163265306122448	0.12209302325581395	0.3333333333333333	4.0	0.029882369614512464	5.0	2.0	
1.9960420150396147e9	1.2101291792153115e9	7.859128358243036e8	49.0	1.0	0.0	0.08163265306122448	0.12209302325581395	0.3333333333333333	4.0	0.029882369614512464	6.0	2.0	
1.9645223815880895e9	1.1839027243421721e9	7.806196572459173e8	48.0	2.0	0.0	0.08163265306122448	0.12209302325581395	0.3333333333333333	4.0	0.029882369614512464	7.0	2.0	
1.9340673914609349e9	1.158742123507011e9	7.753252679539238e8	48.0	2.0	0.0	0.08163265306122448	0.12209302325581395	0.3333333333333333	4.0	0.029882369614512464	8.0	2.0	
1.9028288214150305e9	1.1337088506507125e9	7.691199707643183e8	47.0	3.0	0.0	0.08163265306122448	0.12209302325581395	0.3333333333333333	4.0	0.029882369614512464	9.0	2.0	
1.873905114097313e9	1.1103364892785854e9	7.635686248187273e8	46.0	4.0	0.0	0.08163265306122448	0.12209302325581395	0.3333333333333333	4.0	0.029882369614512464	10.0	2.0	
2.215868435254938e9	1.40004224135326e9	8.158261939016788e8	50.0	0.0	0.0	0.08163265306122448	0.14678899082568808	0.32666666666666666	4.0	0.031082968901846454	0.0	2.0	
2.176074159241566e9	1.364805779498438e9	8.112683797431282e8	50.0	0.0	0.0	0.08163265306122448	0.14678899082568808	0.32666666666666666	4.0	0.031082968901846454	1.0	2.0	
2.138993083009378e9	1.33178603858592e9	8.072070444234576e8	50.0	0.0	0.0	0.08163265306122448	0.14678899082568808	0.32666666666666666	4.0	0.031082968901846454	2.0	2.0	
2.1043392257079701e9	1.3007033546309078e9	8.036358710770622e8	50.0	0.0	0.0	0.08163265306122448	0.14678899082568808	0.32666666666666666	4.0	0.031082968901846454	3.0	2.0	
2.0685549686972997e9	1.269578714335902e9	7.989762543613979e8	49.0	1.0	0.0	0.08163265306122448	0.14678899082568808	0.32666666666666666	4.0	0.031082968901846454	4.0	2.0	
2.0296690355552926e9	1.2377821895462132e9	7.918868460090797e8	49.0	1.0	0.0	0.08163265306122448	0.14678899082568808	0.32666666666666666	4.0	0.031082968901846454	5.0	2.0	
1.9945870228494644e9	1.2089161136699266e9	7.856709091795375e8	49.0	1.0	0.0	0.08163265306122448	0.14678899082568808	0.32666666666666666	4.0	0.031082968901846454	6.0	2.0	
1.9625683017306442e9	1.182336643333805e9	7.802316583968389e8	49.0	1.0	0.0	0.08163265306122448	0.14678899082568808	0.32666666666666666	4.0	0.031082968901846454	7.0	2.0	
1.933082045733008e9	1.157590583108268e9	7.754914626247398e8	49.0	1.0	0.0	0.08163265306122448	0.14678899082568808	0.32666666666666666	4.0	0.031082968901846454	8.0	2.0	
1.905743806658234e9	1.1343551251460145e9	7.713886815122197e8	47.0	3.0	0.0	0.08163265306122448	0.14678899082568808	0.32666666666666666	4.0	0.031082968901846454	9.0	2.0	
1.879969540276506e9	1.1122397603990874e9	7.677297798774186e8	46.0	4.0	0.0	0.08163265306122448	0.14678899082568808	0.32666666666666666	4.0	0.031082968901846454	10.0	2.0	
2.215868435254938e9	1.40004224135326e9	8.158261939016788e8	50.0	0.0	0.0	0.08163265306122448	0.11607142857142858	0.34507042253521125	4.0	0.038636823777129896	0.0	2.0	
2.1758747071116905e9	1.3646397920950751e9	8.112349150166156e8	50.0	0.0	0.0	0.08163265306122448	0.11607142857142858	0.34507042253521125	4.0	0.038636823777129896	1.0	2.0	
2.1382371120010946e9	1.3311655047565105e9	8.070716072445841e8	50.0	0.0	0.0	0.08163265306122448	0.11607142857142858	0.34507042253521125	4.0	0.038636823777129896	2.0	2.0	
2.1027219636605265e9	1.2993948962079296e9	8.033270674525967e8	50.0	0.0	0.0	0.08163265306122448	0.11607142857142858	0.34507042253521125	4.0	0.038636823777129896	3.0	2.0	
2.067076652728709e9	1.2680449738517237e9	7.990316788769854e8	49.0	1.0	0.0	0.08163265306122448	0.11607142857142858	0.34507042253521125	4.0	0.038636823777129896	4.0	2.0	
2.0267801832823792e9	1.2350627162592015e9	7.917174670231771e8	49.0	1.0	0.0	0.08163265306122448	0.11607142857142858	0.34507042253521125	4.0	0.038636823777129896	5.0	2.0	
1.990106679334281e9	1.204901743128257e9	7.85204936206024e8	49.0	1.0	0.0	0.08163265306122448	0.11607142857142858	0.34507042253521125	4.0	0.038636823777129896	6.0	2.0	
1.95636026951367e9	1.1769571488990617e9	7.794031206146079e8	49.0	1.0	0.0	0.08163265306122448	0.11607142857142858	0.34507042253521125	4.0	0.038636823777129896	7.0	2.0	
1.925037016692675e9	1.1507994027573476e9	7.742376139353278e8	49.0	1.0	0.0	0.08163265306122448	0.11607142857142858	0.34507042253521125	4.0	0.038636823777129896	8.0	2.0	
1.8957685327894883e9	1.1261205340482805e9	7.696479987412076e8	48.0	2.0	0.0	0.08163265306122448	0.11607142857142858	0.34507042253521125	4.0	0.038636823777129896	9.0	2.0	
1.8682824779770164e9	1.1026969744173975e9	7.65585503559619e8	47.0	3.0	0.0	0.08163265306122448	0.11607142857142858	0.34507042253521125	4.0	0.038636823777129896	10.0	2.0	
2.215868435254938e9	1.40004224135326e9	8.158261939016788e8	50.0	0.0	0.0	0.08163265306122448	0.10746268656716418	0.3310810810810811	4.0	0.04859686562492685	0.0	2.0	
2.176077089589406e9	1.364806921005949e9	8.112701685834572e8	50.0	0.0	0.0	0.08163265306122448	0.10746268656716418	0.3310810810810811	4.0	0.04859686562492685	1.0	2.0	
2.138998353673118e9	1.3317844098138723e9	8.072139438592454e8	50.0	0.0	0.0	0.08163265306122448	0.10746268656716418	0.3310810810810811	4.0	0.04859686562492685	2.0	2.0	
2.1043387749791563e9	1.3006880031025429e9	8.036507718766129e8	50.0	0.0	0.0	0.08163265306122448	0.10746268656716418	0.3310810810810811	4.0	0.04859686562492685	3.0	2.0	
2.0682733376720998e9	1.2694002509436233e9	7.988730867284765e8	49.0	1.0	0.0	0.08163265306122448	0.10746268656716418	0.3310810810810811	4.0	0.04859686562492685	4.0	2.0	
2.0293685114809232e9	1.2375887819325478e9	7.917797295483756e8	49.0	1.0	0.0	0.08163265306122448	0.10746268656716418	0.3310810810810811	4.0	0.04859686562492685	5.0	2.0	
1.9942528184200943e9	1.2086885123788252e9	7.855643060412691e8	49.0	1.0	0.0	0.08163265306122448	0.10746268656716418	0.3310810810810811	4.0	0.04859686562492685	6.0	2.0	
1.962181140160601e9	1.1820521321601152e9	7.801290080004857e8	49.0	1.0	0.0	0.08163265306122448	0.10746268656716418	0.3310810810810811	4.0	0.04859686562492685	7.0	2.0	
1.932621152128169e9	1.15722552145005e9	7.75395630678119e8	48.0	2.0	0.0	0.08163265306122448	0.10746268656716418	0.3310810810810811	4.0	0.04859686562492685	8.0	2.0	
1.905188591963564e9	1.1338863005900307e9	7.713022913735334e8	47.0	3.0	0.0	0.08163265306122448	0.10746268656716418	0.3310810810810811	4.0	0.04859686562492685	9.0	2.0	
1.8762145525919068e9	1.110102666564969e9	7.661118860269377e8	46.0	4.0	0.0	0.08163265306122448	0.10746268656716418	0.3310810810810811	4.0	0.04859686562492685	10.0	2.0	
2.215868435254938e9	1.40004224135326e9	8.158261939016788e8	50.0	0.0	0.0	0.08163265306122448	0.08231707317073171	0.32666666666666666	5.0	0.04593760123096857	0.0	2.0	
2.1760910831843553e9	1.3648271161582894e9	8.11263967026066e8	50.0	0.0	0.0	0.08163265306122448	0.08231707317073171	0.32666666666666666	5.0	0.04593760123096857	1.0	2.0	
2.139086426953296e9	1.3318924594394078e9	8.071939675138881e8	50.0	0.0	0.0	0.08163265306122448	0.08231707317073171	0.32666666666666666	5.0	0.04593760123096857	2.0	2.0	
2.1045953647200298e9	1.300977973696209e9	8.036173910238211e8	50.0	0.0	0.0	0.08163265306122448	0.08231707317073171	0.32666666666666666	5.0	0.04593760123096857	3.0	2.0	
2.0724028794411602e9	1.2718653817044077e9	8.005374977367529e8	50.0	0.0	0.0	0.08163265306122448	0.08231707317073171	0.32666666666666666	5.0	0.04593760123096857	4.0	2.0	
2.0359118040345783e9	1.2410900681152747e9	7.948217359193039e8	49.0	1.0	0.0	0.08163265306122448	0.08231707317073171	0.32666666666666666	5.0	0.04593760123096857	5.0	2.0	
2.0009748558828404e9	1.2120469375548804e9	7.889279183279598e8	49.0	1.0	0.0	0.08163265306122448	0.08231707317073171	0.32666666666666666	5.0	0.04593760123096857	6.0	2.0	
1.9691925516876638e9	1.1853872483202178e9	7.838053033674457e8	48.0	2.0	0.0	0.08163265306122448	0.08231707317073171	0.32666666666666666	5.0	0.04593760123096857	7.0	2.0	
1.9400772159217463e9	1.1606791092482884e9	7.79398106673458e8	48.0	2.0	0.0	0.08163265306122448	0.08231707317073171	0.32666666666666666	5.0	0.04593760123096857	8.0	2.0	
1.910419983869031e9	1.1361751845932794e9	7.742447992757516e8	48.0	2.0	0.0	0.08163265306122448	0.08231707317073171	0.32666666666666666	5.0	0.04593760123096857	9.0	2.0	
1.8816562806144123e9	1.1126350036543446e9	7.690212769600679e8	45.0	5.0	0.0	0.08163265306122448	0.08231707317073171	0.32666666666666666	5.0	0.04593760123096857	10.0	2.0	
2.215868435254938e9	1.40004224135326e9	8.158261939016788e8	50.0	0.0	0.0	0.08163265306122448	0.08695652173913043	0.3656716417910448	4.0	0.04894483587085629	0.0	2.0	
2.1758220563762827e9	1.3645984531448588e9	8.112236032314241e8	50.0	0.0	0.0	0.08163265306122448	0.08695652173913043	0.3656716417910448	4.0	0.04894483587085629	1.0	2.0	
2.1380436322151663e9	1.331017136622259e9	8.070264955929074e8	50.0	0.0	0.0	0.08163265306122448	0.08695652173913043	0.3656716417910448	4.0	0.04894483587085629	2.0	2.0	
2.1023207681971931e9	1.2990947669761782e9	8.032260012210147e8	50.0	0.0	0.0	0.08163265306122448	0.08695652173913043	0.3656716417910448	4.0	0.04894483587085629	3.0	2.0	
2.0672324180715358e9	1.2679947249123845e9	7.992376931591514e8	49.0	1.0	0.0	0.08163265306122448	0.08695652173913043	0.3656716417910448	4.0	0.04894483587085629	4.0	2.0	
2.0265977824591885e9	1.234718649941798e9	7.918791325173906e8	49.0	1.0	0.0	0.08163265306122448	0.08695652173913043	0.3656716417910448	4.0	0.04894483587085629	5.0	2.0	
1.9895529939584212e9	1.2042553368497906e9	7.85297657108631e8	49.0	1.0	0.0	0.08163265306122448	0.08695652173913043	0.3656716417910448	4.0	0.04894483587085629	6.0	2.0	
1.9554231852241626e9	1.1760167542041802e9	7.794064310199823e8	49.0	1.0	0.0	0.08163265306122448	0.08695652173913043	0.3656716417910448	4.0	0.04894483587085629	7.0	2.0	
1.9237159295025659e9	1.1495820843191555e9	7.741338451834102e8	49.0	1.0	0.0	0.08163265306122448	0.08695652173913043	0.3656716417910448	4.0	0.04894483587085629	8.0	2.0	
1.8940688887033849e9	1.1246475120666666e9	7.69421376636718e8	48.0	2.0	0.0	0.08163265306122448	0.08695652173913043	0.3656716417910448	4.0	0.04894483587085629	9.0	2.0	
1.86621255372089e9	1.100991109347507e9	7.652214443733828e8	48.0	2.0	0.0	0.08163265306122448	0.08695652173913043	0.3656716417910448	4.0	0.04894483587085629	10.0	2.0	
2.215868435254938e9	1.40004224135326e9	8.158261939016788e8	50.0	0.0	0.0	0.08163265306122448	0.11818181818181818	0.3656716417910448	5.0	0.06574023458589782	0.0	2.0	
2.175762785751137e9	1.364555379289721e9	8.112074064614155e8	50.0	0.0	0.0	0.08163265306122448	0.11818181818181818	0.3656716417910448	5.0	0.06574023458589782	1.0	2.0	
2.137846266028543e9	1.3308806989459395e9	8.069655670826035e8	50.0	0.0	0.0	0.08163265306122448	0.11818181818181818	0.3656716417910448	5.0	0.06574023458589782	2.0	2.0	
2.101952001099714e9	1.2988543816839666e9	8.030976194157472e8	50.0	0.0	0.0	0.08163265306122448	0.11818181818181818	0.3656716417910448	5.0	0.06574023458589782	3.0	2.0	
2.0679380924188473e9	1.2683366883790734e9	7.996014040397738e8	50.0	0.0	0.0	0.08163265306122448	0.11818181818181818	0.3656716417910448	5.0	0.06574023458589782	4.0	2.0	
2.0319677801785645e9	1.237249325530303e9	7.947184546482617e8	49.0	1.0	0.0	0.08163265306122448	0.11818181818181818	0.3656716417910448	5.0	0.06574023458589782	5.0	2.0	
1.9944401964035048e9	1.2061120698496408e9	7.883281265538638e8	49.0	1.0	0.0	0.08163265306122448	0.11818181818181818	0.3656716417910448	5.0	0.06574023458589782	6.0	2.0	
1.9598273719551704e9	1.1772473030108945e9	7.825800689442761e8	49.0	1.0	0.0	0.08163265306122448	0.11818181818181818	0.3656716417910448	5.0	0.06574023458589782	7.0	2.0	
1.9276978651145248e9	1.1502756134069107e9	7.77422251707614e8	49.0	1.0	0.0	0.08163265306122448	0.11818181818181818	0.3656716417910448	5.0	0.06574023458589782	8.0	2.0	
1.8977201039993353e9	1.1249088703976007e9	7.728112336017349e8	49.0	1.0	0.0	0.08163265306122448	0.11818181818181818	0.3656716417910448	5.0	0.06574023458589782	9.0	2.0	
1.8696375444869366e9	1.100926443039022e9	7.687111014479144e8	49.0	1.0	0.0	0.08163265306122448	0.11818181818181818	0.3656716417910448	5.0	0.06574023458589782	10.0	2.0	
2.215868435254938e9	1.40004224135326e9	8.158261939016788e8	50.0	0.0	0.0	0.08163265306122448	0.06287425149700598	0.3858267716535433	6.0	0.08234060850169792	0.0	2.0	
2.175606524636983e9	1.364429247247354e9	8.111772773896286e8	50.0	0.0	0.0	0.08163265306122448	0.06287425149700598	0.3858267716535433	6.0	0.08234060850169792	1.0	2.0	
2.137261875862286e9	1.3304156757348757e9	8.068462001274104e8	50.0	0.0	0.0	0.08163265306122448	0.06287425149700598	0.3858267716535433	6.0	0.08234060850169792	2.0	2.0	
2.1007185883740373e9	1.2978872049610434e9	8.028313834129939e8	50.0	0.0	0.0	0.08163265306122448	0.06287425149700598	0.3858267716535433	6.0	0.08234060850169792	3.0	2.0	
2.0658749107672563e9	1.2667430117431443e9	7.991318990241119e8	50.0	0.0	0.0	0.08163265306122448	0.06287425149700598	0.3858267716535433	6.0	0.08234060850169792	4.0	2.0	
2.0326411095230947e9	1.236893657066761e9	7.957474524563338e8	50.0	0.0	0.0	0.08163265306122448	0.06287425149700598	0.3858267716535433	6.0	0.08234060850169792	5.0	2.0	
1.9965262011344848e9	1.2059448970207982e9	7.905813041136863e8	49.0	1.0	0.0	0.08163265306122448	0.06287425149700598	0.3858267716535433	6.0	0.08234060850169792	6.0	2.0	
1.960420392498859e9	1.1756711201141324e9	7.847492723847266e8	49.0	1.0	0.0	0.08163265306122448	0.06287425149700598	0.3858267716535433	6.0	0.08234060850169792	7.0	2.0	
1.9266991362975156e9	1.1472667052098985e9	7.794324310876172e8	49.0	1.0	0.0	0.08163265306122448	0.06287425149700598	0.3858267716535433	6.0	0.08234060850169792	8.0	2.0	
1.89508189464773e9	1.120482728340085e9	7.745991663076451e8	49.0	1.0	0.0	0.08163265306122448	0.06287425149700598	0.3858267716535433	6.0	0.08234060850169792	9.0	2.0	
1.865343287970861e9	1.095120772924098e9	7.70222515046763e8	49.0	1.0	0.0	0.08163265306122448	0.06287425149700598	0.3858267716535433	6.0	0.08234060850169792	10.0	2.0	
2.215868435254938e9	1.40004224135326e9	8.158261939016788e8	50.0	0.0	0.0	0.08163265306122448	0.11403508771929824	0.3402777777777778	4.0	0.034321347586653714	0.0	2.0	
2.1759255321847086e9	1.3646814487787385e9	8.112440834059702e8	50.0	0.0	0.0	0.08163265306122448	0.11403508771929824	0.3402777777777778	4.0	0.034321347586653714	1.0	2.0	
2.138426989261991e9	1.3313187885114112e9	8.071082007505802e8	50.0	0.0	0.0	0.08163265306122448	0.11403508771929824	0.3402777777777778	4.0	0.034321347586653714	2.0	2.0	
2.1031225933386703e9	1.299713324298043e9	8.034092690406274e8	50.0	0.0	0.0	0.08163265306122448	0.11403508771929824	0.3402777777777778	4.0	0.034321347586653714	3.0	2.0	
2.0672314345089297e9	1.2683007220995815e9	7.989307124093482e8	49.0	1.0	0.0	0.08163265306122448	0.11403508771929824	0.3402777777777778	4.0	0.034321347586653714	4.0	2.0	
2.0272807805360827e9	1.2356182141619596e9	7.916625663741231e8	49.0	1.0	0.0	0.08163265306122448	0.11403508771929824	0.3402777777777778	4.0	0.034321347586653714	5.0	2.0	
1.990994444104102e9	1.2057791509169674e9	7.852152931871347e8	49.0	1.0	0.0	0.08163265306122448	0.11403508771929824	0.3402777777777778	4.0	0.034321347586653714	6.0	2.0	
1.9576618252625198e9	1.178166544901721e9	7.794952803607987e8	49.0	1.0	0.0	0.08163265306122448	0.11403508771929824	0.3402777777777778	4.0	0.034321347586653714	7.0	2.0	
1.926770591485735e9	1.1523442330539908e9	7.744263584317439e8	49.0	1.0	0.0	0.08163265306122448	0.11403508771929824	0.3402777777777778	4.0	0.034321347586653714	8.0	2.0	
1.8979476735579572e9	1.1280006830827866e9	7.699469904751706e8	47.0	3.0	0.0	0.08163265306122448	0.11403508771929824	0.3402777777777778	4.0	0.034321347586653714	9.0	2.0	
1.8698822353924255e9	1.1043754922512646e9	7.655067431411607e8	47.0	3.0	0.0	0.08163265306122448	0.11403508771929824	0.3402777777777778	4.0	0.034321347586653714	10.0	2.0	
