2.215868435254938e9	1.40004224135326e9	8.158261939016788e8	50.0	0.0	0.0	0.04081632653061224	0.04285714285714286	0.19066147859922178	3.0	0.5017006802721088	0.0	1.0	
2.178346590602166e9	1.366710080566919e9	8.11636510035247e8	50.0	0.0	0.0	0.04081632653061224	0.04285714285714286	0.19066147859922178	3.0	0.5017006802721088	1.0	1.0	
2.1473492272127361e9	1.3386400145888643e9	8.087092126238714e8	50.0	0.0	0.0	0.04081632653061224	0.04285714285714286	0.19066147859922178	3.0	0.5017006802721088	2.0	1.0	
2.1163129338856754e9	1.311905398704503e9	8.044075351811723e8	49.0	1.0	0.0	0.04081632653061224	0.04285714285714286	0.19066147859922178	3.0	0.5017006802721088	3.0	1.0	
2.0846042279593995e9	1.286720726692563e9	7.978835012668364e8	48.0	2.0	0.0	0.04081632653061224	0.04285714285714286	0.19066147859922178	3.0	0.5017006802721088	4.0	1.0	
2.0596395174041955e9	1.266396304254743e9	7.932432131494524e8	47.0	3.0	0.0	0.04081632653061224	0.04285714285714286	0.19066147859922178	3.0	0.5017006802721088	5.0	1.0	
2.0320944273539863e9	1.2457596374228568e9	7.863347899311295e8	47.0	3.0	0.0	0.04081632653061224	0.04285714285714286	0.19066147859922178	3.0	0.5017006802721088	6.0	1.0	
2.0045294750177102e9	1.226259292403893e9	7.782701826138171e8	45.0	5.0	0.0	0.04081632653061224	0.04285714285714286	0.19066147859922178	3.0	0.5017006802721088	7.0	1.0	
1.9814750189523647e9	1.2098333829945643e9	7.716416359578006e8	45.0	5.0	0.0	0.04081632653061224	0.04285714285714286	0.19066147859922178	3.0	0.5017006802721088	8.0	1.0	
1.9604459436761518e9	1.1949455241980944e9	7.655004194780579e8	44.0	6.0	0.0	0.04081632653061224	0.04285714285714286	0.19066147859922178	3.0	0.5017006802721088	9.0	1.0	
1.9399017633176146e9	1.180742034147729e9	7.591597291698856e8	43.0	7.0	0.0	0.04081632653061224	0.04285714285714286	0.19066147859922178	3.0	0.5017006802721088	10.0	1.0	
2.215868435254938e9	1.40004224135326e9	8.158261939016788e8	50.0	0.0	0.0	0.04081632653061224	0.043478260869565216	0.1540880503144654	4.0	0.6853741496598639	0.0	1.0	
2.1771773547548227e9	1.3657463096344633e9	8.114310451203597e8	50.0	0.0	0.0	0.04081632653061224	0.043478260869565216	0.1540880503144654	4.0	0.6853741496598639	1.0	1.0	
2.1431756396535928e9	1.3353072530389924e9	8.078683866146004e8	50.0	0.0	0.0	0.04081632653061224	0.043478260869565216	0.1540880503144654	4.0	0.6853741496598639	2.0	1.0	
2.1133019457123785e9	1.3081452507922435e9	8.05156694920135e8	50.0	0.0	0.0	0.04081632653061224	0.043478260869565216	0.1540880503144654	4.0	0.6853741496598639	3.0	1.0	
2.0803378288587904e9	1.2803752844626932e9	7.999625443960972e8	49.0	1.0	0.0	0.04081632653061224	0.043478260869565216	0.1540880503144654	4.0	0.6853741496598639	4.0	1.0	
2.0491201402969918e9	1.2549405603441725e9	7.941795799528197e8	49.0	1.0	0.0	0.04081632653061224	0.043478260869565216	0.1540880503144654	4.0	0.6853741496598639	5.0	1.0	
2.022721383742891e9	1.233086831748363e9	7.896345519945283e8	48.0	2.0	0.0	0.04081632653061224	0.043478260869565216	0.1540880503144654	4.0	0.6853741496598639	6.0	1.0	
2.000250741066274e9	1.2140176577317257e9	7.862330833345482e8	46.0	4.0	0.0	0.04081632653061224	0.043478260869565216	0.1540880503144654	4.0	0.6853741496598639	7.0	1.0	
1.9767361537836547e9	1.1950484419962065e9	7.816877117874482e8	45.0	5.0	0.0	0.04081632653061224	0.043478260869565216	0.1540880503144654	4.0	0.6853741496598639	8.0	1.0	
1.950340153230829e9	1.1752691487383347e9	7.750710044924941e8	45.0	5.0	0.0	0.04081632653061224	0.043478260869565216	0.1540880503144654	4.0	0.6853741496598639	9.0	1.0	
1.9206247728732762e9	1.1546531737701735e9	7.659715991031027e8	43.0	7.0	0.0	0.04081632653061224	0.043478260869565216	0.1540880503144654	4.0	0.6853741496598639	10.0	1.0	
2.215868435254938e9	1.40004224135326e9	8.158261939016788e8	50.0	0.0	0.0	0.04081632653061224	0.041666666666666664	0.22272727272727272	3.0	0.625	0.0	1.0	
2.177303478468374e9	1.3658278066280222e9	8.114756718403515e8	50.0	0.0	0.0	0.04081632653061224	0.041666666666666664	0.22272727272727272	3.0	0.625	1.0	1.0	
2.143527110873232e9	1.3354833789464571e9	8.080437319267746e8	50.0	0.0	0.0	0.04081632653061224	0.041666666666666664	0.22272727272727272	3.0	0.625	2.0	1.0	
2.1107158621921277e9	1.3066562345866604e9	8.040596276054671e8	49.0	1.0	0.0	0.04081632653061224	0.041666666666666664	0.22272727272727272	3.0	0.625	3.0	1.0	
2.0737162637404613e9	1.2771774688016572e9	7.965387949388039e8	49.0	1.0	0.0	0.04081632653061224	0.041666666666666664	0.22272727272727272	3.0	0.625	4.0	1.0	
2.042742037709022e9	1.2522288078875413e9	7.905132298214809e8	48.0	2.0	0.0	0.04081632653061224	0.041666666666666664	0.22272727272727272	3.0	0.625	5.0	1.0	
2.0157369996830301e9	1.2302177273830068e9	7.855192723000231e8	48.0	2.0	0.0	0.04081632653061224	0.041666666666666664	0.22272727272727272	3.0	0.625	6.0	1.0	
1.9870082343021617e9	1.2081091803076825e9	7.788990539944792e8	47.0	3.0	0.0	0.04081632653061224	0.041666666666666664	0.22272727272727272	3.0	0.625	7.0	1.0	
1.9619050894284935e9	1.1885212885498245e9	7.73383800878669e8	46.0	4.0	0.0	0.04081632653061224	0.041666666666666664	0.22272727272727272	3.0	0.625	8.0	1.0	
1.9373662980898573e9	1.1697291430583222e9	7.676371550315353e8	46.0	4.0	0.0	0.04081632653061224	0.041666666666666664	0.22272727272727272	3.0	0.625	9.0	1.0	
1.9103186759801612e9	1.1501970861546197e9	7.601215898255414e8	44.0	6.0	0.0	0.04081632653061224	0.041666666666666664	0.22272727272727272	3.0	0.625	10.0	1.0	
2.215868435254938e9	1.40004224135326e9	8.158261939016788e8	50.0	0.0	0.0	0.04081632653061224	0.0	0.1163895486935867	1.0	0.0	0.0	1.0	
2.182303932416235e9	1.3698038871700983e9	8.125000452461367e8	50.0	0.0	0.0	0.04081632653061224	0.0	0.1163895486935867	1.0	0.0	1.0	1.0	
2.1463343944579577e9	1.3416507087188473e9	8.046836857391104e8	49.0	1.0	0.0	0.04081632653061224	0.0	0.1163895486935867	1.0	0.0	2.0	1.0	
2.1169512708527892e9	1.3206081201557248e9	7.963431506970643e8	49.0	1.0	0.0	0.04081632653061224	0.0	0.1163895486935867	1.0	0.0	3.0	1.0	
2.0962653295174553e9	1.3052968259627862e9	7.909685035546689e8	48.0	2.0	0.0	0.04081632653061224	0.0	0.1163895486935867	1.0	0.0	4.0	1.0	
2.0783438360313854e9	1.2918384819462924e9	7.86505354085093e8	48.0	2.0	0.0	0.04081632653061224	0.0	0.1163895486935867	1.0	0.0	5.0	1.0	
2.0589798036116734e9	1.2782512523958993e9	7.807285512157743e8	48.0	2.0	0.0	0.04081632653061224	0.0	0.1163895486935867	1.0	0.0	6.0	1.0	
2.0429017153157032e9	1.2668208644552946e9	7.760808508604083e8	48.0	1.0	1.0	0.04081632653061224	0.0	0.1163895486935867	1.0	0.0	7.0	1.0	
2.0293195618308105e9	1.2570089159483771e9	7.723106458824337e8	45.0	4.0	1.0	0.04081632653061224	0.0	0.1163895486935867	1.0	0.0	8.0	1.0	
2.01773124051579e9	1.2484652329370291e9	7.692660075787609e8	45.0	4.0	1.0	0.04081632653061224	0.0	0.1163895486935867	1.0	0.0	9.0	1.0	
2.007810158075587e9	1.240950990254196e9	7.668591678213913e8	45.0	4.0	1.0	0.04081632653061224	0.0	0.1163895486935867	1.0	0.0	10.0	1.0	
2.215868435254938e9	1.40004224135326e9	8.158261939016788e8	50.0	0.0	0.0	0.04081632653061224	0.0	0.09514563106796116	1.0	0.0	0.0	1.0	
2.1836066902858515e9	1.3708757546730914e9	8.127309356127598e8	50.0	0.0	0.0	0.04081632653061224	0.0	0.09514563106796116	1.0	0.0	1.0	1.0	
2.1496100907026787e9	1.3447163700110607e9	8.048937206916175e8	49.0	1.0	0.0	0.04081632653061224	0.0	0.09514563106796116	1.0	0.0	2.0	1.0	
2.1241840987518547e9	1.326781663172528e9	7.974024355793266e8	48.0	2.0	0.0	0.04081632653061224	0.0	0.09514563106796116	1.0	0.0	3.0	1.0	
2.10616871110788e9	1.3137972643175263e9	7.923714467903539e8	48.0	2.0	0.0	0.04081632653061224	0.0	0.09514563106796116	1.0	0.0	4.0	1.0	
2.0865588579483528e9	1.300867600044928e9	7.856912579034247e8	48.0	2.0	0.0	0.04081632653061224	0.0	0.09514563106796116	1.0	0.0	5.0	1.0	
2.071471219288662e9	1.2908051627444987e9	7.806660565441631e8	46.0	4.0	0.0	0.04081632653061224	0.0	0.09514563106796116	1.0	0.0	6.0	1.0	
2.0594850856325145e9	1.2826427468622122e9	7.768423387703023e8	46.0	3.0	1.0	0.04081632653061224	0.0	0.09514563106796116	1.0	0.0	7.0	1.0	
2.0497880583605735e9	1.2758348451142225e9	7.739532132463508e8	46.0	3.0	1.0	0.04081632653061224	0.0	0.09514563106796116	1.0	0.0	8.0	1.0	
2.0419042154687045e9	1.2700540772507246e9	7.718501382179797e8	46.0	3.0	1.0	0.04081632653061224	0.0	0.09514563106796116	1.0	0.0	9.0	1.0	
2.0355360572714036e9	1.2650860003662639e9	7.704500569051397e8	46.0	3.0	1.0	0.04081632653061224	0.0	0.09514563106796116	1.0	0.0	10.0	1.0	
2.215868435254938e9	1.40004224135326e9	8.158261939016788e8	50.0	0.0	0.0	0.04081632653061224	0.0	0.1396011396011396	2.0	0.07993197278911564	0.0	1.0	
2.1798384378474174e9	1.3679194514296684e9	8.119189864177489e8	50.0	0.0	0.0	0.04081632653061224	0.0	0.1396011396011396	2.0	0.07993197278911564	1.0	1.0	
2.152044349247675e9	1.342367053807922e9	8.096772954397532e8	49.0	1.0	0.0	0.04081632653061224	0.0	0.1396011396011396	2.0	0.07993197278911564	2.0	1.0	
2.1161589788616123e9	1.3150567476601973e9	8.011022312014152e8	49.0	1.0	0.0	0.04081632653061224	0.0	0.1396011396011396	2.0	0.07993197278911564	3.0	1.0	
2.090564951153861e9	1.295244014280982e9	7.953209368728788e8	48.0	2.0	0.0	0.04081632653061224	0.0	0.1396011396011396	2.0	0.07993197278911564	4.0	1.0	
2.0645683430140266e9	1.2765912567101777e9	7.87977086303849e8	47.0	3.0	0.0	0.04081632653061224	0.0	0.1396011396011396	2.0	0.07993197278911564	5.0	1.0	
2.0433642539940052e9	1.2613670760900335e9	7.819971779039714e8	46.0	4.0	0.0	0.04081632653061224	0.0	0.1396011396011396	2.0	0.07993197278911564	6.0	1.0	
2.0246162622083497e9	1.2479308055810213e9	7.766854566273289e8	46.0	4.0	0.0	0.04081632653061224	0.0	0.1396011396011396	2.0	0.07993197278911564	7.0	1.0	
2.005999469128034e9	1.2350410266075191e9	7.709584425205147e8	46.0	4.0	0.0	0.04081632653061224	0.0	0.1396011396011396	2.0	0.07993197278911564	8.0	1.0	
1.9871953208958182e9	1.2226498458880553e9	7.645454750077629e8	46.0	4.0	0.0	0.04081632653061224	0.0	0.1396011396011396	2.0	0.07993197278911564	9.0	1.0	
1.97044277196071e9	1.2117190363841887e9	7.587237355765214e8	45.0	4.0	1.0	0.04081632653061224	0.0	0.1396011396011396	2.0	0.07993197278911564	10.0	1.0	
2.215868435254938e9	1.40004224135326e9	8.158261939016788e8	50.0	0.0	0.0	0.04081632653061224	0.0	0.15605095541401273	1.0	0.0	0.0	1.0	
2.182850232756275e9	1.3702263506015294e9	8.126238821547462e8	50.0	0.0	0.0	0.04081632653061224	0.0	0.15605095541401273	1.0	0.0	1.0	1.0	
2.147072443222334e9	1.3424943782921228e9	8.045780649302111e8	49.0	1.0	0.0	0.04081632653061224	0.0	0.15605095541401273	1.0	0.0	2.0	1.0	
2.1188587880818043e9	1.3222699017380161e9	7.965888863437881e8	48.0	2.0	0.0	0.04081632653061224	0.0	0.15605095541401273	1.0	0.0	3.0	1.0	
2.0990696371567426e9	1.3073841081650476e9	7.916855289916947e8	48.0	2.0	0.0	0.04081632653061224	0.0	0.15605095541401273	1.0	0.0	4.0	1.0	
2.0756330379866052e9	1.291297315444618e9	7.843357225419872e8	48.0	2.0	0.0	0.04081632653061224	0.0	0.15605095541401273	1.0	0.0	5.0	1.0	
2.0564087923508067e9	1.2779102068931699e9	7.784985854576367e8	48.0	2.0	0.0	0.04081632653061224	0.0	0.15605095541401273	1.0	0.0	6.0	1.0	
2.040060430023499e9	1.2663249080058594e9	7.737355220176396e8	48.0	1.0	1.0	0.04081632653061224	0.0	0.15605095541401273	1.0	0.0	7.0	1.0	
2.0257911227159362e9	1.2560235461280096e9	7.697675765879266e8	47.0	2.0	1.0	0.04081632653061224	0.0	0.15605095541401273	1.0	0.0	8.0	1.0	
2.013107213305962e9	1.2466878214900413e9	7.664193918159205e8	46.0	3.0	1.0	0.04081632653061224	0.0	0.15605095541401273	1.0	0.0	9.0	1.0	
2.0016919174291308e9	1.2381123291788504e9	7.635795882502804e8	46.0	3.0	1.0	0.04081632653061224	0.0	0.15605095541401273	1.0	0.0	10.0	1.0	
2.215868435254938e9	1.40004224135326e9	8.158261939016788e8	50.0	0.0	0.0	0.04081632653061224	0.046153846153846156	0.12727272727272726	1.0	0.0	0.0	1.0	
2.185275321067402e9	1.3722255767139559e9	8.130497443534458e8	50.0	0.0	0.0	0.04081632653061224	0.046153846153846156	0.12727272727272726	1.0	0.0	1.0	1.0	
2.1535301849550714e9	1.3483226818637223e9	8.052075030913491e8	49.0	1.0	0.0	0.04081632653061224	0.046153846153846156	0.12727272727272726	1.0	0.0	2.0	1.0	
2.1325659947120051e9	1.3336244876391087e9	7.989415070728965e8	48.0	2.0	0.0	0.04081632653061224	0.046153846153846156	0.12727272727272726	1.0	0.0	3.0	1.0	
2.1104169804795024e9	1.3198398595227928e9	7.905771209567097e8	48.0	2.0	0.0	0.04081632653061224	0.046153846153846156	0.12727272727272726	1.0	0.0	4.0	1.0	
2.0945837580043566e9	1.3100421265000587e9	7.845416315042979e8	48.0	2.0	0.0	0.04081632653061224	0.046153846153846156	0.12727272727272726	1.0	0.0	5.0	1.0	
2.0826036467562437e9	1.3024698740022826e9	7.801337727539618e8	47.0	2.0	1.0	0.04081632653061224	0.046153846153846156	0.12727272727272726	1.0	0.0	6.0	1.0	
2.0730524402738378e9	1.2962220833447409e9	7.768303569290969e8	47.0	2.0	1.0	0.04081632653061224	0.046153846153846156	0.12727272727272726	1.0	0.0	7.0	1.0	
2.065162051337258e9	1.2908429078500662e9	7.743191434871924e8	47.0	2.0	1.0	0.04081632653061224	0.046153846153846156	0.12727272727272726	1.0	0.0	8.0	1.0	
2.05850341289468e9	1.2860878784800916e9	7.724155344145887e8	47.0	2.0	1.0	0.04081632653061224	0.046153846153846156	0.12727272727272726	1.0	0.0	9.0	1.0	
2.0527690734740367e9	1.2817901389373684e9	7.709789345366682e8	47.0	2.0	1.0	0.04081632653061224	0.046153846153846156	0.12727272727272726	1.0	0.0	10.0	1.0	
2.215868435254938e9	1.40004224135326e9	8.158261939016788e8	50.0	0.0	0.0	0.04081632653061224	0.043478260869565216	0.09369024856596558	1.0	0.0	0.0	1.0	
2.183517249376012e9	1.3707975314384608e9	8.127197179375509e8	50.0	0.0	0.0	0.04081632653061224	0.043478260869565216	0.09369024856596558	1.0	0.0	1.0	1.0	
2.1492865776487885e9	1.3444331258990169e9	8.048534517497711e8	49.0	1.0	0.0	0.04081632653061224	0.043478260869565216	0.09369024856596558	1.0	0.0	2.0	1.0	
2.1235008438262448e9	1.326193659267585e9	7.973071845586598e8	48.0	2.0	0.0	0.04081632653061224	0.043478260869565216	0.09369024856596558	1.0	0.0	3.0	1.0	
2.105118352848773e9	1.312872804626298e9	7.92245548222475e8	48.0	2.0	0.0	0.04081632653061224	0.043478260869565216	0.09369024856596558	1.0	0.0	4.0	1.0	
2.0849713497167845e9	1.2994926053130722e9	7.85478744403712e8	48.0	2.0	0.0	0.04081632653061224	0.043478260869565216	0.09369024856596558	1.0	0.0	5.0	1.0	
2.0692863967681904e9	1.288936389972877e9	7.803500067953129e8	47.0	3.0	0.0	0.04081632653061224	0.043478260869565216	0.09369024856596558	1.0	0.0	6.0	1.0	
2.0566502170725582e9	1.2802448466506133e9	7.764053704219447e8	46.0	3.0	1.0	0.04081632653061224	0.043478260869565216	0.09369024856596558	1.0	0.0	7.0	1.0	
2.0462532767117267e9	1.2728774261002111e9	7.733758506115155e8	46.0	3.0	1.0	0.04081632653061224	0.043478260869565216	0.09369024856596558	1.0	0.0	8.0	1.0	
2.0376181443711877e9	1.2665094448950684e9	7.711086994761195e8	46.0	3.0	1.0	0.04081632653061224	0.043478260869565216	0.09369024856596558	1.0	0.0	9.0	1.0	
2.0304722811946583e9	1.2609414287815876e9	7.695308524130708e8	46.0	3.0	1.0	0.04081632653061224	0.043478260869565216	0.09369024856596558	1.0	0.0	10.0	1.0	
2.215868435254938e9	1.40004224135326e9	8.158261939016788e8	50.0	0.0	0.0	0.04081632653061224	0.043478260869565216	0.10103092783505155	2.0	0.1173469387755102	0.0	1.0	
2.180936753108398e9	1.368823548675886e9	8.12113204432512e8	50.0	0.0	0.0	0.04081632653061224	0.043478260869565216	0.10103092783505155	2.0	0.1173469387755102	1.0	1.0	
2.153654052213641e9	1.3442473286427836e9	8.094067235708573e8	49.0	1.0	0.0	0.04081632653061224	0.043478260869565216	0.10103092783505155	2.0	0.1173469387755102	2.0	1.0	
2.121762036685991e9	1.3202230410962749e9	8.015389955897162e8	48.0	2.0	0.0	0.04081632653061224	0.043478260869565216	0.10103092783505155	2.0	0.1173469387755102	3.0	1.0	
2.1006563443077059e9	1.303810592354346e9	7.968457519533601e8	47.0	3.0	0.0	0.04081632653061224	0.043478260869565216	0.10103092783505155	2.0	0.1173469387755102	4.0	1.0	
2.0729218924078794e9	1.2854838523608418e9	7.874380400470372e8	47.0	3.0	0.0	0.04081632653061224	0.043478260869565216	0.10103092783505155	2.0	0.1173469387755102	5.0	1.0	
2.0497098933780494e9	1.270822836199359e9	7.788870571786907e8	47.0	3.0	0.0	0.04081632653061224	0.043478260869565216	0.10103092783505155	2.0	0.1173469387755102	6.0	1.0	
2.0316102215311177e9	1.259504271631834e9	7.721059498992835e8	46.0	4.0	0.0	0.04081632653061224	0.043478260869565216	0.10103092783505155	2.0	0.1173469387755102	7.0	1.0	
2.0171742080609322e9	1.2504523703622005e9	7.667218376987317e8	46.0	4.0	0.0	0.04081632653061224	0.043478260869565216	0.10103092783505155	2.0	0.1173469387755102	8.0	1.0	
2.0054755429761891e9	1.2430033308692222e9	7.624722121069669e8	45.0	4.0	1.0	0.04081632653061224	0.043478260869565216	0.10103092783505155	2.0	0.1173469387755102	9.0	1.0	
1.99591578442805e9	1.2367382841079223e9	7.591775003201275e8	45.0	4.0	1.0	0.04081632653061224	0.043478260869565216	0.10103092783505155	2.0	0.1173469387755102	10.0	1.0	
