2.215868435254938e9	1.40004224135326e9	8.158261939016788e8	50.0	0.0	0.0	0.16326530612244897	0.15884718498659517	0.4803921568627451	7.0	0.016329018426107258	0.0	4.0	
2.1754108548022404e9	1.3642741134463315e9	8.111367413559089e8	50.0	0.0	0.0	0.16326530612244897	0.15884718498659517	0.4803921568627451	7.0	0.016329018426107258	1.0	4.0	
2.1365219891434593e9	1.329836837839088e9	8.066851513043716e8	50.0	0.0	0.0	0.16326530612244897	0.15884718498659517	0.4803921568627451	7.0	0.016329018426107258	2.0	4.0	
2.099141934748739e9	1.2966706820456133e9	8.024712527031256e8	50.0	0.0	0.0	0.16326530612244897	0.15884718498659517	0.4803921568627451	7.0	0.016329018426107258	3.0	4.0	
2.063215546232719e9	1.2647203000089374e9	7.984952462237815e8	50.0	0.0	0.0	0.16326530612244897	0.15884718498659517	0.4803921568627451	7.0	0.016329018426107258	4.0	4.0	
2.02869191957331e9	1.23393423929075e9	7.9475768028256e8	50.0	0.0	0.0	0.16326530612244897	0.15884718498659517	0.4803921568627451	7.0	0.016329018426107258	5.0	4.0	
1.9955239476021442e9	1.2042644884588168e9	7.912594591433277e8	50.0	0.0	0.0	0.16326530612244897	0.15884718498659517	0.4803921568627451	7.0	0.016329018426107258	6.0	4.0	
1.9630837204764314e9	1.175349236424971e9	7.877344840514604e8	49.0	1.0	0.0	0.16326530612244897	0.15884718498659517	0.4803921568627451	7.0	0.016329018426107258	7.0	4.0	
1.9272939692314956e9	1.1450843803869073e9	7.822095888445883e8	49.0	1.0	0.0	0.16326530612244897	0.15884718498659517	0.4803921568627451	7.0	0.016329018426107258	8.0	4.0	
1.8934608814321914e9	1.116397341507457e9	7.770635399247345e8	49.0	1.0	0.0	0.16326530612244897	0.15884718498659517	0.4803921568627451	7.0	0.016329018426107258	9.0	4.0	
1.8614182565378408e9	1.0891378690807061e9	7.722803874571348e8	49.0	1.0	0.0	0.16326530612244897	0.15884718498659517	0.4803921568627451	7.0	0.016329018426107258	10.0	4.0	
2.215868435254938e9	1.40004224135326e9	8.158261939016788e8	50.0	0.0	0.0	0.16326530612244897	0.17551020408163265	0.5157894736842106	11.0	0.04149537749665301	0.0	4.0	
2.1753915636200724e9	1.364260443648731e9	8.111311199713413e8	50.0	0.0	0.0	0.16326530612244897	0.17551020408163265	0.5157894736842106	11.0	0.04149537749665301	1.0	4.0	
2.1364520900333474e9	1.329788995452629e9	8.066630945807183e8	50.0	0.0	0.0	0.16326530612244897	0.17551020408163265	0.5157894736842106	11.0	0.04149537749665301	2.0	4.0	
2.0989993284475632e9	1.2965768301436565e9	8.024224983039069e8	50.0	0.0	0.0	0.16326530612244897	0.17551020408163265	0.5157894736842106	11.0	0.04149537749665301	3.0	4.0	
2.0629854564288242e9	1.264575486115139e9	7.984099703136852e8	50.0	0.0	0.0	0.16326530612244897	0.17551020408163265	0.5157894736842106	11.0	0.04149537749665301	4.0	4.0	
2.028365358368448e9	1.233738958511825e9	7.946263998566232e8	50.0	0.0	0.0	0.16326530612244897	0.17551020408163265	0.5157894736842106	11.0	0.04149537749665301	5.0	4.0	
1.9950964721695266e9	1.2040235284161956e9	7.91072943753331e8	50.0	0.0	0.0	0.16326530612244897	0.17551020408163265	0.5157894736842106	11.0	0.04149537749665301	6.0	4.0	
1.9631386594438229e9	1.1753876353109794e9	7.877510241328437e8	50.0	0.0	0.0	0.16326530612244897	0.17551020408163265	0.5157894736842106	11.0	0.04149537749665301	7.0	4.0	
1.9324540840018597e9	1.1477917430282378e9	7.846623409736218e8	50.0	0.0	0.0	0.16326530612244897	0.17551020408163265	0.5157894736842106	11.0	0.04149537749665301	8.0	4.0	
1.9030071050267851e9	1.121198225223207e9	7.818088798035785e8	50.0	0.0	0.0	0.16326530612244897	0.17551020408163265	0.5157894736842106	11.0	0.04149537749665301	9.0	4.0	
1.8736149995967162e9	1.094954523263491e9	7.786604763332253e8	49.0	1.0	0.0	0.16326530612244897	0.17551020408163265	0.5157894736842106	11.0	0.04149537749665301	10.0	4.0	
2.215868435254938e9	1.40004224135326e9	8.158261939016788e8	50.0	0.0	0.0	0.16326530612244897	0.18711446196024675	0.47572815533980584	8.0	0.018652308922792113	0.0	4.0	
2.17540412695977e9	1.3642693663835828e9	8.111347605761871e8	50.0	0.0	0.0	0.16326530612244897	0.18711446196024675	0.47572815533980584	8.0	0.018652308922792113	1.0	4.0	
2.1364979835200272e9	1.3298205243675036e9	8.066774591525236e8	50.0	0.0	0.0	0.16326530612244897	0.18711446196024675	0.47572815533980584	8.0	0.018652308922792113	2.0	4.0	
2.0990937277372656e9	1.2966393035958946e9	8.02454424141371e8	50.0	0.0	0.0	0.16326530612244897	0.18711446196024675	0.47572815533980584	8.0	0.018652308922792113	3.0	4.0	
2.0631390276054635e9	1.2646729118466876e9	7.984661157587756e8	50.0	0.0	0.0	0.16326530612244897	0.18711446196024675	0.47572815533980584	8.0	0.018652308922792113	4.0	4.0	
2.0285851491308265e9	1.233871844286655e9	7.947133048441718e8	50.0	0.0	0.0	0.16326530612244897	0.18711446196024675	0.47572815533980584	8.0	0.018652308922792113	5.0	4.0	
1.9953866494275796e9	1.2041895681287665e9	7.911970812988129e8	50.0	0.0	0.0	0.16326530612244897	0.18711446196024675	0.47572815533980584	8.0	0.018652308922792113	6.0	4.0	
1.9635011176278465e9	1.1755822639857087e9	7.879188536421378e8	50.0	0.0	0.0	0.16326530612244897	0.18711446196024675	0.47572815533980584	8.0	0.018652308922792113	7.0	4.0	
1.93101581698712e9	1.1470039373085654e9	7.840118796785547e8	49.0	1.0	0.0	0.16326530612244897	0.18711446196024675	0.47572815533980584	8.0	0.018652308922792113	8.0	4.0	
1.897061808596827e9	1.118098315998354e9	7.789634925984728e8	49.0	1.0	0.0	0.16326530612244897	0.18711446196024675	0.47572815533980584	8.0	0.018652308922792113	9.0	4.0	
1.864878916220773e9	1.0906147255778842e9	7.742641906428884e8	49.0	1.0	0.0	0.16326530612244897	0.18711446196024675	0.47572815533980584	8.0	0.018652308922792113	10.0	4.0	
2.215868435254938e9	1.40004224135326e9	8.158261939016788e8	50.0	0.0	0.0	0.16326530612244897	0.20584239130434784	0.47572815533980584	8.0	0.024552851721219064	0.0	4.0	
2.1754033675755672e9	1.3642687733634963e9	8.111345942120712e8	50.0	0.0	0.0	0.16326530612244897	0.20584239130434784	0.47572815533980584	8.0	0.024552851721219064	1.0	4.0	
2.1364950533193042e9	1.3298182591038084e9	8.066767942154962e8	50.0	0.0	0.0	0.16326530612244897	0.20584239130434784	0.47572815533980584	8.0	0.024552851721219064	2.0	4.0	
2.0990873652977543e9	1.2966344362685885e9	8.024529290291656e8	50.0	0.0	0.0	0.16326530612244897	0.20584239130434784	0.47572815533980584	8.0	0.024552851721219064	3.0	4.0	
2.0631281064700363e9	1.2646646468480487e9	7.984634596219876e8	50.0	0.0	0.0	0.16326530612244897	0.20584239130434784	0.47572815533980584	8.0	0.024552851721219064	4.0	4.0	
2.0285686641286628e9	1.2338595079056058e9	7.947091562230568e8	50.0	0.0	0.0	0.16326530612244897	0.20584239130434784	0.47572815533980584	8.0	0.024552851721219064	5.0	4.0	
1.9953637031579902e9	1.2041725951501942e9	7.911911080077962e8	50.0	0.0	0.0	0.16326530612244897	0.20584239130434784	0.47572815533980584	8.0	0.024552851721219064	6.0	4.0	
1.963470907393515e9	1.175560184235089e9	7.879107231584262e8	50.0	0.0	0.0	0.16326530612244897	0.20584239130434784	0.47572815533980584	8.0	0.024552851721219064	7.0	4.0	
1.9309708833280046e9	1.1469727553933048e9	7.839981279346998e8	49.0	1.0	0.0	0.16326530612244897	0.20584239130434784	0.47572815533980584	8.0	0.024552851721219064	8.0	4.0	
1.8970083045700996e9	1.1180615100545657e9	7.789467945155342e8	49.0	1.0	0.0	0.16326530612244897	0.20584239130434784	0.47572815533980584	8.0	0.024552851721219064	9.0	4.0	
1.8648163427776427e9	1.0905720980577722e9	7.742442447198706e8	49.0	1.0	0.0	0.16326530612244897	0.20584239130434784	0.47572815533980584	8.0	0.024552851721219064	10.0	4.0	
2.215868435254938e9	1.40004224135326e9	8.158261939016788e8	50.0	0.0	0.0	0.16326530612244897	0.19665551839464884	0.4537037037037037	5.0	0.006709110045181315	0.0	4.0	
2.175444144126305e9	1.364298155612104e9	8.111459885142013e8	50.0	0.0	0.0	0.16326530612244897	0.19665551839464884	0.4537037037037037	5.0	0.006709110045181315	1.0	4.0	
2.1366398761957157e9	1.3299193403080053e9	8.067205358877101e8	50.0	0.0	0.0	0.16326530612244897	0.19665551839464884	0.4537037037037037	5.0	0.006709110045181315	2.0	4.0	
2.0993772424880736e9	1.2968297575310187e9	8.025474849570551e8	50.0	0.0	0.0	0.16326530612244897	0.19665551839464884	0.4537037037037037	5.0	0.006709110045181315	3.0	4.0	
2.0635873381414528e9	1.2649622145522416e9	7.98625123589211e8	50.0	0.0	0.0	0.16326530612244897	0.19665551839464884	0.4537037037037037	5.0	0.006709110045181315	4.0	4.0	
2.0292090603278186e9	1.2342567406042118e9	7.949523197236068e8	50.0	0.0	0.0	0.16326530612244897	0.19665551839464884	0.4537037037037037	5.0	0.006709110045181315	5.0	4.0	
1.991506853811451e9	1.2021928228370917e9	7.893140309743598e8	49.0	1.0	0.0	0.16326530612244897	0.19665551839464884	0.4537037037037037	5.0	0.006709110045181315	6.0	4.0	
1.95394423524086e9	1.170868875494854e9	7.830753597460059e8	49.0	1.0	0.0	0.16326530612244897	0.19665551839464884	0.4537037037037037	5.0	0.006709110045181315	7.0	4.0	
1.9186544239815087e9	1.141358524384776e9	7.772958995967329e8	49.0	1.0	0.0	0.16326530612244897	0.19665551839464884	0.4537037037037037	5.0	0.006709110045181315	8.0	4.0	
1.8853709245078583e9	1.1134279610821915e9	7.719429634256666e8	49.0	1.0	0.0	0.16326530612244897	0.19665551839464884	0.4537037037037037	5.0	0.006709110045181315	9.0	4.0	
1.8538795534680023e9	1.086891429369998e9	7.669881240980042e8	49.0	1.0	0.0	0.16326530612244897	0.19665551839464884	0.4537037037037037	5.0	0.006709110045181315	10.0	4.0	
2.215868435254938e9	1.40004224135326e9	8.158261939016788e8	50.0	0.0	0.0	0.16326530612244897	0.16632443531827515	0.48514851485148514	8.0	0.027785814355878426	0.0	4.0	
2.175400399546687e9	1.3642665710426743e9	8.111338285040131e8	50.0	0.0	0.0	0.16326530612244897	0.16632443531827515	0.48514851485148514	8.0	0.027785814355878426	1.0	4.0	
2.1364839251810927e9	1.329810163609915e9	8.066737615711775e8	50.0	0.0	0.0	0.16326530612244897	0.16632443531827515	0.48514851485148514	8.0	0.027785814355878426	2.0	4.0	
2.0990638564482763e9	1.296617689549739e9	8.024461668985376e8	50.0	0.0	0.0	0.16326530612244897	0.16632443531827515	0.48514851485148514	8.0	0.027785814355878426	3.0	4.0	
2.0630888035197453e9	1.2646372736230166e9	7.98451529896729e8	50.0	0.0	0.0	0.16326530612244897	0.16632443531827515	0.48514851485148514	8.0	0.027785814355878426	4.0	4.0	
2.0285108206391377e9	1.233820186994636e9	7.946906336445018e8	50.0	0.0	0.0	0.16326530612244897	0.16632443531827515	0.48514851485148514	8.0	0.027785814355878426	5.0	4.0	
1.995285120240155e9	1.2041205498496852e9	7.911645703904697e8	50.0	0.0	0.0	0.16326530612244897	0.16632443531827515	0.48514851485148514	8.0	0.027785814355878426	6.0	4.0	
1.9633698325122547e9	1.1754950959931793e9	7.878747365190753e8	50.0	0.0	0.0	0.16326530612244897	0.16632443531827515	0.48514851485148514	8.0	0.027785814355878426	7.0	4.0	
1.931315569736125e9	1.1471439212770228e9	7.841716484591022e8	49.0	1.0	0.0	0.16326530612244897	0.16632443531827515	0.48514851485148514	8.0	0.027785814355878426	8.0	4.0	
1.8973189063461099e9	1.1181959831349642e9	7.791229232111459e8	49.0	1.0	0.0	0.16326530612244897	0.16632443531827515	0.48514851485148514	8.0	0.027785814355878426	9.0	4.0	
1.8650887607424667e9	1.0906686696478052e9	7.744200910946614e8	49.0	1.0	0.0	0.16326530612244897	0.16632443531827515	0.48514851485148514	8.0	0.027785814355878426	10.0	4.0	
2.215868435254938e9	1.40004224135326e9	8.158261939016788e8	50.0	0.0	0.0	0.16326530612244897	0.17995910020449898	0.5268817204301075	10.0	0.03109128565123463	0.0	4.0	
2.1753915321981926e9	1.3642603263884046e9	8.111312058097882e8	50.0	0.0	0.0	0.16326530612244897	0.17995910020449898	0.5268817204301075	10.0	0.03109128565123463	1.0	4.0	
2.1364516765680406e9	1.3297882563727636e9	8.066634201952771e8	50.0	0.0	0.0	0.16326530612244897	0.17995910020449898	0.5268817204301075	10.0	0.03109128565123463	2.0	4.0	
2.09899782610913e9	1.2965746284945226e9	8.024231976146076e8	50.0	0.0	0.0	0.16326530612244897	0.17995910020449898	0.5268817204301075	10.0	0.03109128565123463	3.0	4.0	
2.0629818927841988e9	1.2645707347933378e9	7.984111579908612e8	50.0	0.0	0.0	0.16326530612244897	0.17995910020449898	0.5268817204301075	10.0	0.03109128565123463	4.0	4.0	
2.0283585650740616e9	1.233730391446178e9	7.946281736278836e8	50.0	0.0	0.0	0.16326530612244897	0.17995910020449898	0.5268817204301075	10.0	0.03109128565123463	5.0	4.0	
1.995085140325385e9	1.2040097532680054e9	7.910753870573797e8	50.0	0.0	0.0	0.16326530612244897	0.17995910020449898	0.5268817204301075	10.0	0.03109128565123463	6.0	4.0	
1.963121382938246e9	1.175367176469367e9	7.877542064688787e8	50.0	0.0	0.0	0.16326530612244897	0.17995910020449898	0.5268817204301075	10.0	0.03109128565123463	7.0	4.0	
1.9324293930643468e9	1.147763073532992e9	7.846663195313547e8	50.0	0.0	0.0	0.16326530612244897	0.17995910020449898	0.5268817204301075	10.0	0.03109128565123463	8.0	4.0	
1.9029734912103758e9	1.1211597893346505e9	7.818137018757255e8	50.0	0.0	0.0	0.16326530612244897	0.17995910020449898	0.5268817204301075	10.0	0.03109128565123463	9.0	4.0	
1.8714519646625497e9	1.093793919217194e9	7.776580454453552e8	49.0	1.0	0.0	0.16326530612244897	0.17995910020449898	0.5268817204301075	10.0	0.03109128565123463	10.0	4.0	
2.215868435254938e9	1.40004224135326e9	8.158261939016788e8	50.0	0.0	0.0	0.16326530612244897	0.16337644656228728	0.5104166666666666	10.0	0.03631823925191271	0.0	4.0	
2.1753905431285334e9	1.3642595588888364e9	8.11130984239697e8	50.0	0.0	0.0	0.16326530612244897	0.16337644656228728	0.5104166666666666	10.0	0.03631823925191271	1.0	4.0	
2.1364478631966946e9	1.3297853259782765e9	8.066625372184178e8	50.0	0.0	0.0	0.16326530612244897	0.16337644656228728	0.5104166666666666	10.0	0.03631823925191271	2.0	4.0	
2.098989552614042e9	1.2965683358146822e9	8.024212167993598e8	50.0	0.0	0.0	0.16326530612244897	0.16337644656228728	0.5104166666666666	10.0	0.03631823925191271	3.0	4.0	
2.0629677015620465e9	1.2645600560312357e9	7.984076455308108e8	50.0	0.0	0.0	0.16326530612244897	0.16337644656228728	0.5104166666666666	10.0	0.03631823925191271	4.0	4.0	
2.0283371581295285e9	1.2337144609052432e9	7.946226972242854e8	50.0	0.0	0.0	0.16326530612244897	0.16337644656228728	0.5104166666666666	10.0	0.03631823925191271	5.0	4.0	
1.9950553614911156e9	1.203987847385416e9	7.910675141056995e8	50.0	0.0	0.0	0.16326530612244897	0.16337644656228728	0.5104166666666666	10.0	0.03631823925191271	6.0	4.0	
1.9630822010488927e9	1.1753386989842045e9	7.877435020646882e8	50.0	0.0	0.0	0.16326530612244897	0.16337644656228728	0.5104166666666666	10.0	0.03631823925191271	7.0	4.0	
1.932379886541545e9	1.1477275411727505e9	7.846523453687944e8	50.0	0.0	0.0	0.16326530612244897	0.16337644656228728	0.5104166666666666	10.0	0.03631823925191271	8.0	4.0	
1.9029128337924511e9	1.121116820003725e9	7.817960137887263e8	50.0	0.0	0.0	0.16326530612244897	0.16337644656228728	0.5104166666666666	10.0	0.03631823925191271	9.0	4.0	
1.871359686254989e9	1.093732912403582e9	7.77626773851407e8	49.0	1.0	0.0	0.16326530612244897	0.16337644656228728	0.5104166666666666	10.0	0.03631823925191271	10.0	4.0	
2.215868435254938e9	1.40004224135326e9	8.158261939016788e8	50.0	0.0	0.0	0.16326530612244897	0.17730978260869565	0.47115384615384615	7.0	0.01990969985230189	0.0	4.0	
2.175412664463659e9	1.3642754551214373e9	8.111372093422215e8	50.0	0.0	0.0	0.16326530612244897	0.17730978260869565	0.47115384615384615	7.0	0.01990969985230189	1.0	4.0	
2.1365286845514014e9	1.3298416975026927e9	8.066869870487088e8	50.0	0.0	0.0	0.16326530612244897	0.17730978260869565	0.47115384615384615	7.0	0.01990969985230189	2.0	4.0	
2.0991558908947573e9	1.2966805823712525e9	8.02475308523505e8	50.0	0.0	0.0	0.16326530612244897	0.17730978260869565	0.47115384615384615	7.0	0.01990969985230189	3.0	4.0	
2.0632385672259507e9	1.2647362312316568e9	7.985023359942938e8	50.0	0.0	0.0	0.16326530612244897	0.17730978260869565	0.47115384615384615	7.0	0.01990969985230189	4.0	4.0	
2.028725346873036e9	1.2339567586133766e9	7.947685882596594e8	50.0	0.0	0.0	0.16326530612244897	0.17730978260869565	0.47115384615384615	7.0	0.01990969985230189	5.0	4.0	
1.995568749317617e9	1.2042937997037656e9	7.912749496138513e8	50.0	0.0	0.0	0.16326530612244897	0.17730978260869565	0.47115384615384615	7.0	0.01990969985230189	6.0	4.0	
1.962914791828141e9	1.175263525144442e9	7.876512666836989e8	49.0	1.0	0.0	0.16326530612244897	0.17730978260869565	0.47115384615384615	7.0	0.01990969985230189	7.0	4.0	
1.9271422630373244e9	1.1450178849467826e9	7.821243780905418e8	49.0	1.0	0.0	0.16326530612244897	0.17730978260869565	0.47115384615384615	7.0	0.01990969985230189	8.0	4.0	
1.8933289262265582e9	1.116350870157176e9	7.769780560693823e8	49.0	1.0	0.0	0.16326530612244897	0.17730978260869565	0.47115384615384615	7.0	0.01990969985230189	9.0	4.0	
1.8613071408361337e9	1.089111116045759e9	7.721960247903745e8	49.0	1.0	0.0	0.16326530612244897	0.17730978260869565	0.47115384615384615	7.0	0.01990969985230189	10.0	4.0	
2.215868435254938e9	1.40004224135326e9	8.158261939016788e8	50.0	0.0	0.0	0.16326530612244897	0.18964357767316745	0.45794392523364486	6.0	0.00898523127477209	0.0	4.0	
2.1754260195333676e9	1.3642850583456335e9	8.111409611877342e8	50.0	0.0	0.0	0.16326530612244897	0.18964357767316745	0.45794392523364486	6.0	0.00898523127477209	1.0	4.0	
2.1365763790430472e9	1.3298749225917978e9	8.067014564512494e8	50.0	0.0	0.0	0.16326530612244897	0.18964357767316745	0.45794392523364486	6.0	0.00898523127477209	2.0	4.0	
2.0992518759456506e9	1.2967451406384068e9	8.025067353072441e8	50.0	0.0	0.0	0.16326530612244897	0.18964357767316745	0.45794392523364486	6.0	0.00898523127477209	3.0	4.0	
2.063391450044035e9	1.2648351179395866e9	7.985563321044481e8	50.0	0.0	0.0	0.16326530612244897	0.18964357767316745	0.45794392523364486	6.0	0.00898523127477209	4.0	4.0	
2.028939692071703e9	1.2340894702717073e9	7.948502217999957e8	50.0	0.0	0.0	0.16326530612244897	0.18964357767316745	0.45794392523364486	6.0	0.00898523127477209	5.0	4.0	
1.9958460813465405e9	1.2044572615740666e9	7.913888197724735e8	50.0	0.0	0.0	0.16326530612244897	0.18964357767316745	0.45794392523364486	6.0	0.00898523127477209	6.0	4.0	
1.9584884308410935e9	1.1729796897408676e9	7.855087411002259e8	49.0	1.0	0.0	0.16326530612244897	0.18964357767316745	0.45794392523364486	6.0	0.00898523127477209	7.0	4.0	
1.9229126208265533e9	1.1430560241615036e9	7.798565966650496e8	49.0	1.0	0.0	0.16326530612244897	0.18964357767316745	0.45794392523364486	6.0	0.00898523127477209	8.0	4.0	
1.8893296154385548e9	1.114721666616858e9	7.746079488216972e8	49.0	1.0	0.0	0.16326530612244897	0.18964357767316745	0.45794392523364486	6.0	0.00898523127477209	9.0	4.0	
1.857548382258101e9	1.0878073812384586e9	7.697410010196424e8	49.0	1.0	0.0	0.16326530612244897	0.18964357767316745	0.45794392523364486	6.0	0.00898523127477209	10.0	4.0	
