2.215868435254938e9	1.40004224135326e9	8.158261939016788e8	50.0	0.0	0.0	0.20408163265306123	0.22265122265122264	0.47572815533980584	7.0	0.006826652517659183	0.0	5.0	
2.1754062754165764e9	1.3642706779455397e9	8.111355974710367e8	50.0	0.0	0.0	0.20408163265306123	0.22265122265122264	0.47572815533980584	7.0	0.006826652517659183	1.0	5.0	
2.1365048202495615e9	1.3298241858473477e9	8.066806344022137e8	50.0	0.0	0.0	0.20408163265306123	0.22265122265122264	0.47572815533980584	7.0	0.006826652517659183	2.0	5.0	
2.099105663362177e9	1.2966444534811435e9	8.024612098810338e8	50.0	0.0	0.0	0.20408163265306123	0.22265122265122264	0.47572815533980584	7.0	0.006826652517659183	3.0	5.0	
2.0631548955302334e9	1.264677311372498e9	7.984775841577356e8	50.0	0.0	0.0	0.20408163265306123	0.22265122265122264	0.47572815533980584	7.0	0.006826652517659183	4.0	5.0	
2.0286026312072117e9	1.2338722829935925e9	7.947303482136191e8	50.0	0.0	0.0	0.20408163265306123	0.22265122265122264	0.47572815533980584	7.0	0.006826652517659183	5.0	5.0	
1.9954025975515773e9	1.2041821620450962e9	7.912204355064809e8	50.0	0.0	0.0	0.20408163265306123	0.22265122265122264	0.47572815533980584	7.0	0.006826652517659183	6.0	5.0	
1.9634351628348384e9	1.175520964933353e9	7.879141979014853e8	50.0	0.0	0.0	0.20408163265306123	0.22265122265122264	0.47572815533980584	7.0	0.006826652517659183	7.0	5.0	
1.9275997273161197e9	1.145207229965612e9	7.82392497350508e8	49.0	1.0	0.0	0.20408163265306123	0.22265122265122264	0.47572815533980584	7.0	0.006826652517659183	8.0	5.0	
1.8937126220417848e9	1.1164677948373225e9	7.77244827204462e8	49.0	1.0	0.0	0.20408163265306123	0.22265122265122264	0.47572815533980584	7.0	0.006826652517659183	9.0	5.0	
1.8616123034243772e9	1.0891557182031524e9	7.724565852212248e8	49.0	1.0	0.0	0.20408163265306123	0.22265122265122264	0.47572815533980584	7.0	0.006826652517659183	10.0	5.0	
2.215868435254938e9	1.40004224135326e9	8.158261939016788e8	50.0	0.0	0.0	0.20408163265306123	0.22672929120409907	0.5268817204301075	10.0	0.019436945798164514	0.0	5.0	
2.175388907065647e9	1.364258357661582e9	8.111305494040654e8	50.0	0.0	0.0	0.20408163265306123	0.22672929120409907	0.5268817204301075	10.0	0.019436945798164514	1.0	5.0	
2.136441685350716e9	1.3297808865833106e9	8.066607987674053e8	50.0	0.0	0.0	0.20408163265306123	0.22672929120409907	0.5268817204301075	10.0	0.019436945798164514	2.0	5.0	
2.0989764112138171e9	1.2965591066106877e9	8.024173046031291e8	50.0	0.0	0.0	0.20408163265306123	0.22672929120409907	0.5268817204301075	10.0	0.019436945798164514	3.0	5.0	
2.0629455849237287e9	1.2645449058892522e9	7.984006790344764e8	50.0	0.0	0.0	0.20408163265306123	0.22672929120409907	0.5268817204301075	10.0	0.019436945798164514	4.0	5.0	
2.0283043975497746e9	1.2336926172655404e9	7.94611780284234e8	50.0	0.0	0.0	0.20408163265306123	0.22672929120409907	0.5268817204301075	10.0	0.019436945798164514	5.0	5.0	
1.9950105733385062e9	1.203958843698636e9	7.910517296398699e8	50.0	0.0	0.0	0.20408163265306123	0.22672929120409907	0.5268817204301075	10.0	0.019436945798164514	6.0	5.0	
1.9630242364791458e9	1.1753023320895507e9	7.877219043895952e8	50.0	0.0	0.0	0.20408163265306123	0.22672929120409907	0.5268817204301075	10.0	0.019436945798164514	7.0	5.0	
1.9323077868360064e9	1.1476838321995244e9	7.84623954636482e8	50.0	0.0	0.0	0.20408163265306123	0.22672929120409907	0.5268817204301075	10.0	0.019436945798164514	8.0	5.0	
1.902825790297458e9	1.121065980917482e9	7.817598093799763e8	50.0	0.0	0.0	0.20408163265306123	0.22672929120409907	0.5268817204301075	10.0	0.019436945798164514	9.0	5.0	
1.871716658206026e9	1.093912970392556e9	7.778036878134699e8	49.0	1.0	0.0	0.20408163265306123	0.22672929120409907	0.5268817204301075	10.0	0.019436945798164514	10.0	5.0	
2.215868435254938e9	1.40004224135326e9	8.158261939016788e8	50.0	0.0	0.0	0.20408163265306123	0.22370689655172413	0.494949494949495	9.0	0.01287373694533927	0.0	5.0	
2.1753937291992702e9	1.3642617847156813e9	8.111319444835887e8	50.0	0.0	0.0	0.20408163265306123	0.22370689655172413	0.494949494949495	9.0	0.01287373694533927	1.0	5.0	
2.1364594595110853e9	1.329793124013469e9	8.06666335497616e8	50.0	0.0	0.0	0.20408163265306123	0.22370689655172413	0.494949494949495	9.0	0.01287373694533927	2.0	5.0	
2.0990133090760863e9	1.2965836282526412e9	8.024296808234451e8	50.0	0.0	0.0	0.20408163265306123	0.22370689655172413	0.494949494949495	9.0	0.01287373694533927	3.0	5.0	
2.0630061774391081e9	1.2645836065881004e9	7.984225708510079e8	50.0	0.0	0.0	0.20408163265306123	0.22370689655172413	0.494949494949495	9.0	0.01287373694533927	4.0	5.0	
2.0283919568645086e9	1.2337460932674444e9	7.946458635970643e8	50.0	0.0	0.0	0.20408163265306123	0.22370689655172413	0.494949494949495	9.0	0.01287373694533927	5.0	5.0	
1.995127325981688e9	1.204026627157621e9	7.911006988240671e8	50.0	0.0	0.0	0.20408163265306123	0.22370689655172413	0.494949494949495	9.0	0.01287373694533927	6.0	5.0	
1.9631715749903731e9	1.1753830803573303e9	7.87788494633043e8	50.0	0.0	0.0	0.20408163265306123	0.22370689655172413	0.494949494949495	9.0	0.01287373694533927	7.0	5.0	
1.9324864490275798e9	1.1477754877484097e9	7.847109612791698e8	50.0	0.0	0.0	0.20408163265306123	0.22370689655172413	0.494949494949495	9.0	0.01287373694533927	8.0	5.0	
1.9008056783672023e9	1.1199750025868745e9	7.808306757803277e8	49.0	1.0	0.0	0.20408163265306123	0.22370689655172413	0.494949494949495	9.0	0.01287373694533927	9.0	5.0	
1.868457839903558e9	1.092253116414399e9	7.76204723489159e8	49.0	1.0	0.0	0.20408163265306123	0.22370689655172413	0.494949494949495	9.0	0.01287373694533927	10.0	5.0	
2.215868435254938e9	1.40004224135326e9	8.158261939016788e8	50.0	0.0	0.0	0.20408163265306123	0.24143835616438356	0.5212765957446809	10.0	0.015358724704963196	0.0	5.0	
2.1753904713754416e9	1.3642595292742035e9	8.11130942101238e8	50.0	0.0	0.0	0.20408163265306123	0.24143835616438356	0.5212765957446809	10.0	0.015358724704963196	1.0	5.0	
2.1364476397510233e9	1.3297852727852645e9	8.06662366965759e8	50.0	0.0	0.0	0.20408163265306123	0.24143835616438356	0.5212765957446809	10.0	0.015358724704963196	2.0	5.0	
2.0989891760354602e9	1.296568347600021e9	8.024208284354391e8	50.0	0.0	0.0	0.20408163265306123	0.24143835616438356	0.5212765957446809	10.0	0.015358724704963196	3.0	5.0	
2.0629672307503352e9	1.2645602884275136e9	7.984069423228214e8	50.0	0.0	0.0	0.20408163265306123	0.24143835616438356	0.5212765957446809	10.0	0.015358724704963196	4.0	5.0	
2.028336695404321e9	1.233715119277968e9	7.946215761263531e8	50.0	0.0	0.0	0.20408163265306123	0.24143835616438356	0.5212765957446809	10.0	0.015358724704963196	5.0	5.0	
1.9950550412919576e9	1.203989180257695e9	7.910658610342627e8	50.0	0.0	0.0	0.20408163265306123	0.24143835616438356	0.5212765957446809	10.0	0.015358724704963196	6.0	5.0	
1.963082178055563e9	1.1753409833026063e9	7.877411947529563e8	50.0	0.0	0.0	0.20408163265306123	0.24143835616438356	0.5212765957446809	10.0	0.015358724704963196	7.0	5.0	
1.9323803275316536e9	1.147731080479438e9	7.846492470522158e8	50.0	0.0	0.0	0.20408163265306123	0.24143835616438356	0.5212765957446809	10.0	0.015358724704963196	8.0	5.0	
1.902913910255497e9	1.1211219346015444e9	7.817919756539527e8	50.0	0.0	0.0	0.20408163265306123	0.24143835616438356	0.5212765957446809	10.0	0.015358724704963196	9.0	5.0	
1.8715707437577944e9	1.0938479516706069e9	7.777227920871878e8	49.0	1.0	0.0	0.20408163265306123	0.24143835616438356	0.5212765957446809	10.0	0.015358724704963196	10.0	5.0	
2.215868435254938e9	1.40004224135326e9	8.158261939016788e8	50.0	0.0	0.0	0.20408163265306123	0.2374468085106383	0.5051546391752577	7.0	0.009172201806130377	0.0	5.0	
2.175402319932873e9	1.364267763969634e9	8.111345559632387e8	50.0	0.0	0.0	0.20408163265306123	0.2374468085106383	0.5051546391752577	7.0	0.009172201806130377	1.0	5.0	
2.1364901239882112e9	1.3298135946652455e9	8.066765293229656e8	50.0	0.0	0.0	0.20408163265306123	0.2374468085106383	0.5051546391752577	7.0	0.009172201806130377	2.0	5.0	
2.099074883582485e9	1.2966227852302105e9	8.024520983522742e8	50.0	0.0	0.0	0.20408163265306123	0.2374468085106383	0.5051546391752577	7.0	0.009172201806130377	3.0	5.0	
2.063103858966167e9	1.2646422803077145e9	7.984615786584525e8	50.0	0.0	0.0	0.20408163265306123	0.2374468085106383	0.5051546391752577	7.0	0.009172201806130377	4.0	5.0	
2.028528107083928e9	1.233822508383349e9	7.947055987005795e8	50.0	0.0	0.0	0.20408163265306123	0.2374468085106383	0.5051546391752577	7.0	0.009172201806130377	5.0	5.0	
1.995302110787033e9	1.204116999237885e9	7.911851115491481e8	50.0	0.0	0.0	0.20408163265306123	0.2374468085106383	0.5051546391752577	7.0	0.009172201806130377	6.0	5.0	
1.9633834755178223e9	1.1754820894136302e9	7.879013861041915e8	50.0	0.0	0.0	0.20408163265306123	0.2374468085106383	0.5051546391752577	7.0	0.009172201806130377	7.0	5.0	
1.928091599600809e9	1.1454378285423522e9	7.82653771058457e8	49.0	1.0	0.0	0.20408163265306123	0.2374468085106383	0.5051546391752577	7.0	0.009172201806130377	8.0	5.0	
1.8941555079479718e9	1.1166448619516518e9	7.775106459963198e8	49.0	1.0	0.0	0.20408163265306123	0.2374468085106383	0.5051546391752577	7.0	0.009172201806130377	9.0	5.0	
1.8620021869194438e9	1.089279029269261e9	7.727231576501827e8	49.0	1.0	0.0	0.20408163265306123	0.2374468085106383	0.5051546391752577	7.0	0.009172201806130377	10.0	5.0	
2.215868435254938e9	1.40004224135326e9	8.158261939016788e8	50.0	0.0	0.0	0.20408163265306123	0.21675929884566053	0.5104166666666666	8.0	0.011408040175186783	0.0	5.0	
2.175395497060006e9	1.3642629526999583e9	8.11132544360048e8	50.0	0.0	0.0	0.20408163265306123	0.21675929884566053	0.5104166666666666	8.0	0.011408040175186783	1.0	5.0	
2.1364655636734235e9	1.3297968958435576e9	8.066686678298659e8	50.0	0.0	0.0	0.20408163265306123	0.21675929884566053	0.5104166666666666	8.0	0.011408040175186783	2.0	5.0	
2.099025104755566e9	1.296590314855037e9	8.024347899005289e8	50.0	0.0	0.0	0.20408163265306123	0.21675929884566053	0.5104166666666666	8.0	0.011408040175186783	3.0	5.0	
2.0630240750897355e9	1.2645926512609396e9	7.98431423828796e8	50.0	0.0	0.0	0.20408163265306123	0.21675929884566053	0.5104166666666666	8.0	0.011408040175186783	4.0	5.0	
2.028415636408338e9	1.2337562767905128e9	7.946593596178253e8	50.0	0.0	0.0	0.20408163265306123	0.21675929884566053	0.5104166666666666	8.0	0.011408040175186783	5.0	5.0	
1.995155906072895e9	1.2040362274117453e9	7.911196786611497e8	50.0	0.0	0.0	0.20408163265306123	0.21675929884566053	0.5104166666666666	8.0	0.011408040175186783	6.0	5.0	
1.9632037483281884e9	1.1753900018074594e9	7.87813746520729e8	50.0	0.0	0.0	0.20408163265306123	0.21675929884566053	0.5104166666666666	8.0	0.011408040175186783	7.0	5.0	
1.9320845254714446e9	1.1475410040592036e9	7.84543521412241e8	49.0	1.0	0.0	0.20408163265306123	0.21675929884566053	0.5104166666666666	8.0	0.011408040175186783	8.0	5.0	
1.8980307890757995e9	1.1185259862828188e9	7.79504802792981e8	49.0	1.0	0.0	0.20408163265306123	0.21675929884566053	0.5104166666666666	8.0	0.011408040175186783	9.0	5.0	
1.865734547583704e9	1.0909283543642297e9	7.748061932194743e8	49.0	1.0	0.0	0.20408163265306123	0.21675929884566053	0.5104166666666666	8.0	0.011408040175186783	10.0	5.0	
2.215868435254938e9	1.40004224135326e9	8.158261939016788e8	50.0	0.0	0.0	0.20408163265306123	0.20077220077220076	0.494949494949495	7.0	0.008136011850564477	0.0	5.0	
2.175403832968052e9	1.3642688762921777e9	8.111349566758738e8	50.0	0.0	0.0	0.20408163265306123	0.20077220077220076	0.494949494949495	7.0	0.008136011850564477	1.0	5.0	
2.1364957426629548e9	1.329817634073566e9	8.066781085893887e8	50.0	0.0	0.0	0.20408163265306123	0.20077220077220076	0.494949494949495	7.0	0.008136011850564477	2.0	5.0	
2.099086644605719e9	1.2966310403078203e9	8.024556042978985e8	50.0	0.0	0.0	0.20408163265306123	0.20077220077220076	0.494949494949495	7.0	0.008136011850564477	3.0	5.0	
2.0631233490419488e9	1.2646556103519385e9	7.9846773869001e8	50.0	0.0	0.0	0.20408163265306123	0.20077220077220076	0.494949494949495	7.0	0.008136011850564477	4.0	5.0	
2.0285565506024175e9	1.2338414245729542e9	7.947151260294633e8	50.0	0.0	0.0	0.20408163265306123	0.20077220077220076	0.494949494949495	7.0	0.008136011850564477	5.0	5.0	
1.9953404417979336e9	1.2041417287384121e9	7.911987130595216e8	50.0	0.0	0.0	0.20408163265306123	0.20077220077220076	0.494949494949495	7.0	0.008136011850564477	6.0	5.0	
1.963432397517409e9	1.1755126289524863e9	7.879197685649228e8	50.0	0.0	0.0	0.20408163265306123	0.20077220077220076	0.494949494949495	7.0	0.008136011850564477	7.0	5.0	
1.9278853312978694e9	1.1453397353305e9	7.825455959673694e8	49.0	1.0	0.0	0.20408163265306123	0.20077220077220076	0.494949494949495	7.0	0.008136011850564477	8.0	5.0	
1.8939682478841677e9	1.1165680181654012e9	7.774002297187666e8	49.0	1.0	0.0	0.20408163265306123	0.20077220077220076	0.494949494949495	7.0	0.008136011850564477	9.0	5.0	
1.8618355792986968e9	1.0892235678629775e9	7.726120114357195e8	49.0	1.0	0.0	0.20408163265306123	0.20077220077220076	0.494949494949495	7.0	0.008136011850564477	10.0	5.0	
2.215868435254938e9	1.40004224135326e9	8.158261939016788e8	50.0	0.0	0.0	0.20408163265306123	0.21717171717171718	0.45794392523364486	7.0	0.006288839679564391	0.0	5.0	
2.1754072766052675e9	1.3642714239288173e9	8.111358526764505e8	50.0	0.0	0.0	0.20408163265306123	0.21717171717171718	0.45794392523364486	7.0	0.006288839679564391	1.0	5.0	
2.136508567906765e9	1.3298269259472332e9	8.066816419595317e8	50.0	0.0	0.0	0.20408163265306123	0.21717171717171718	0.45794392523364486	7.0	0.006288839679564391	2.0	5.0	
2.0991135707330697e9	1.2966501217149603e9	8.024634490181093e8	50.0	0.0	0.0	0.20408163265306123	0.21717171717171718	0.45794392523364486	7.0	0.006288839679564391	3.0	5.0	
2.0631681033976688e9	1.2646865819522514e9	7.984815214454174e8	50.0	0.0	0.0	0.20408163265306123	0.21717171717171718	0.45794392523364486	7.0	0.006288839679564391	4.0	5.0	
2.0286220580763576e9	1.2338856158319526e9	7.947364422444053e8	50.0	0.0	0.0	0.20408163265306123	0.21717171717171718	0.45794392523364486	7.0	0.006288839679564391	5.0	5.0	
1.9954289820029218e9	1.2041998427815182e9	7.912291392214036e8	50.0	0.0	0.0	0.20408163265306123	0.21717171717171718	0.45794392523364486	7.0	0.006288839679564391	6.0	5.0	
1.963353493570693e9	1.1754802875141656e9	7.878732060565269e8	50.0	0.0	0.0	0.20408163265306123	0.21717171717171718	0.45794392523364486	7.0	0.006288839679564391	7.0	5.0	
1.927527518575141e9	1.145177033170454e9	7.823504854046872e8	49.0	1.0	0.0	0.20408163265306123	0.21717171717171718	0.45794392523364486	7.0	0.006288839679564391	8.0	5.0	
1.8936522781211908e9	1.1164491562574065e9	7.772031218637843e8	49.0	1.0	0.0	0.20408163265306123	0.21717171717171718	0.45794392523364486	7.0	0.006288839679564391	9.0	5.0	
1.8615646799242668e9	1.0891486946139605e9	7.72415985310306e8	49.0	1.0	0.0	0.20408163265306123	0.21717171717171718	0.45794392523364486	7.0	0.006288839679564391	10.0	5.0	
2.215868435254938e9	1.40004224135326e9	8.158261939016788e8	50.0	0.0	0.0	0.20408163265306123	0.2278969957081545	0.5833333333333334	15.0	0.05273519578642085	0.0	5.0	
2.175381354806009e9	1.364253127465103e9	8.11128227340906e8	50.0	0.0	0.0	0.20408163265306123	0.2278969957081545	0.5833333333333334	15.0	0.05273519578642085	1.0	5.0	
2.1364138512964907e9	1.3297623562736917e9	8.066514950227988e8	50.0	0.0	0.0	0.20408163265306123	0.2278969957081545	0.5833333333333334	15.0	0.05273519578642085	2.0	5.0	
2.0989186679933286e9	1.296522357513013e9	8.023963104803156e8	50.0	0.0	0.0	0.20408163265306123	0.2278969957081545	0.5833333333333334	15.0	0.05273519578642085	3.0	5.0	
2.062850872787858e9	1.264487680676357e9	7.98363192111501e8	50.0	0.0	0.0	0.20408163265306123	0.2278969957081545	0.5833333333333334	15.0	0.05273519578642085	4.0	5.0	
2.028167759365478e9	1.2336148877854939e9	7.945528715799841e8	50.0	0.0	0.0	0.20408163265306123	0.2278969957081545	0.5833333333333334	15.0	0.05273519578642085	5.0	5.0	
1.9948287583227086e9	1.203862452936792e9	7.909663053859167e8	50.0	0.0	0.0	0.20408163265306123	0.2278969957081545	0.5833333333333334	15.0	0.05273519578642085	6.0	5.0	
1.962795358665872e9	1.1751906867274978e9	7.876046719383738e8	50.0	0.0	0.0	0.20408163265306123	0.2278969957081545	0.5833333333333334	15.0	0.05273519578642085	7.0	5.0	
1.932031030135425e9	1.1475616427459364e9	7.844693873894886e8	50.0	0.0	0.0	0.20408163265306123	0.2278969957081545	0.5833333333333334	15.0	0.05273519578642085	8.0	5.0	
1.9025011539650126e9	1.1209390439255e9	7.815621100395126e8	50.0	0.0	0.0	0.20408163265306123	0.2278969957081545	0.5833333333333334	15.0	0.05273519578642085	9.0	5.0	
1.8741729581482587e9	1.09528821622727e9	7.788847419209887e8	50.0	0.0	0.0	0.20408163265306123	0.2278969957081545	0.5833333333333334	15.0	0.05273519578642085	10.0	5.0	
2.215868435254938e9	1.40004224135326e9	8.158261939016788e8	50.0	0.0	0.0	0.20408163265306123	0.21935483870967742	0.5384615384615384	11.0	0.023559114629279978	0.0	5.0	
2.1753854428301363e9	1.3642559163751779e9	8.111295264549583e8	50.0	0.0	0.0	0.20408163265306123	0.21935483870967742	0.5384615384615384	11.0	0.023559114629279978	1.0	5.0	
2.13642887402101e9	1.3297721594285026e9	8.066567145925071e8	50.0	0.0	0.0	0.20408163265306123	0.21935483870967742	0.5384615384615384	11.0	0.023559114629279978	2.0	5.0	
2.0989497309897804e9	1.2965416082932682e9	8.024081226965121e8	50.0	0.0	0.0	0.20408163265306123	0.21935483870967742	0.5384615384615384	11.0	0.023559114629279978	3.0	5.0	
2.0629016396166422e9	1.2645172966277738e9	7.983843429888682e8	50.0	0.0	0.0	0.20408163265306123	0.21935483870967742	0.5384615384615384	11.0	0.023559114629279978	4.0	5.0	
2.0282407109085727e9	1.2336545103328793e9	7.945862005756936e8	50.0	0.0	0.0	0.20408163265306123	0.21935483870967742	0.5384615384615384	11.0	0.023559114629279978	5.0	5.0	
1.9949254158167367e9	1.2039106490287037e9	7.910147667880332e8	50.0	0.0	0.0	0.20408163265306123	0.21935483870967742	0.5384615384615384	11.0	0.023559114629279978	6.0	5.0	
1.9629164768187428e9	1.1752451224085155e9	7.876713544102273e8	50.0	0.0	0.0	0.20408163265306123	0.21935483870967742	0.5384615384615384	11.0	0.023559114629279978	7.0	5.0	
1.9321767645807326e9	1.1476192307749736e9	7.84557533805759e8	50.0	0.0	0.0	0.20408163265306123	0.21935483870967742	0.5384615384615384	11.0	0.023559114629279978	8.0	5.0	
1.9026712060043733e9	1.120996068216323e9	7.816751377880503e8	50.0	0.0	0.0	0.20408163265306123	0.21935483870967742	0.5384615384615384	11.0	0.023559114629279978	9.0	5.0	
1.874366701674409e9	1.0953404342408915e9	7.790262674335173e8	49.0	1.0	0.0	0.20408163265306123	0.21935483870967742	0.5384615384615384	11.0	0.023559114629279978	10.0	5.0	
