1.1844423981669502e9	7.199278765576947e8	44.0	5.0	1.0	0.04081632653061224	0.0	
1.1249198787211416e9	6.990419020876341e8	43.0	7.0	0.0	0.04081632653061224	0.0	
1.1328177786284192e9	7.043196935184035e8	42.0	7.0	1.0	0.04081632653061224	0.0	
9.492585158465042e8	6.625194610818107e8	35.0	15.0	0.0	0.04081632653061224	0.0	
1.1091926201132236e9	6.915700519994186e8	40.0	10.0	0.0	0.04081632653061224	0.0	
9.315552144123756e8	6.473867591775621e8	38.0	12.0	0.0	0.04081632653061224	0.0	
1.148232358103465e9	7.103662242993635e8	43.0	6.0	1.0	0.04081632653061224	0.0	
8.166423066945204e8	6.56750854963186e8	33.0	17.0	0.0	0.04081632653061224	0.0	
9.693806867071005e8	6.709152653518578e8	40.0	10.0	0.0	0.04081632653061224	0.0	
9.013095318903152e8	6.563240768143592e8	35.0	15.0	0.0	0.04081632653061224	0.0	
9.188101828884237e8	6.598087510317062e8	37.0	13.0	0.0	0.04081632653061224	0.0	
9.943946959188302e8	6.785507693133223e8	37.0	12.0	1.0	0.04081632653061224	0.0	
9.19937257398241e8	6.626151301201882e8	33.0	17.0	0.0	0.04081632653061224	0.0	
1.0530125642905504e9	6.951224233355389e8	40.0	10.0	0.0	0.04081632653061224	0.0	
9.233171492927222e8	6.528489371646013e8	33.0	17.0	0.0	0.04081632653061224	0.0	
1.1867953594998534e9	7.203918147390267e8	43.0	6.0	1.0	0.04081632653061224	0.0	
9.567305080960555e8	6.663506556159315e8	36.0	14.0	0.0	0.04081632653061224	0.0	
1.0671620641225543e9	7.032595781223354e8	42.0	7.0	1.0	0.04081632653061224	0.0	
9.946931073516476e8	6.749084604919474e8	38.0	11.0	1.0	0.04081632653061224	0.0	
8.709819344171226e8	6.648848996173372e8	33.0	17.0	0.0	0.04081632653061224	0.0	
9.839884420080199e8	6.70502985420701e8	36.0	14.0	0.0	0.04081632653061224	0.046153846153846156	
1.0770256340088222e9	6.889184374290686e8	39.0	11.0	0.0	0.04081632653061224	0.0	
8.467840595531797e8	6.57486124830957e8	32.0	18.0	0.0	0.04081632653061224	0.0	
1.0247719266490402e9	6.750526943033044e8	40.0	10.0	0.0	0.04081632653061224	0.0	
9.866605602657443e8	6.851303206629064e8	38.0	12.0	0.0	0.04081632653061224	0.0	
9.632031164725573e8	6.652443145287706e8	37.0	13.0	0.0	0.04081632653061224	0.0	
1.0752401917145684e9	6.69942772842741e8	40.0	10.0	0.0	0.04081632653061224	0.0	
1.074566408058709e9	6.720357207949764e8	40.0	10.0	0.0	0.04081632653061224	0.0	
9.224712310010761e8	6.50340473042644e8	37.0	13.0	0.0	0.04081632653061224	0.0	
8.485989140698861e8	6.627788032242059e8	33.0	17.0	0.0	0.04081632653061224	0.0	
1.183122946390873e9	7.197129786860466e8	44.0	5.0	1.0	0.04081632653061224	0.0	
9.032640676711587e8	6.572124639711041e8	34.0	16.0	0.0	0.04081632653061224	0.0	
1.0349356848667693e9	6.741240638160493e8	39.0	11.0	0.0	0.04081632653061224	0.0	
1.1175155950534785e9	7.060596695118923e8	42.0	7.0	1.0	0.04081632653061224	0.0	
9.837682819434301e8	6.791056964912854e8	38.0	12.0	0.0	0.04081632653061224	0.0	
9.435015708596412e8	6.742672150529587e8	37.0	12.0	1.0	0.04081632653061224	0.0	
1.1079530779044464e9	6.869051612160581e8	42.0	8.0	0.0	0.04081632653061224	0.0	
1.0564546050986705e9	6.905083708801953e8	41.0	8.0	1.0	0.04081632653061224	0.0	
1.0016635220329154e9	6.724532808760746e8	38.0	12.0	0.0	0.04081632653061224	0.04838709677419355	
1.0693595428463365e9	6.92559231749476e8	42.0	7.0	1.0	0.04081632653061224	0.0	
1.0028806968281921e9	6.631274585207858e8	37.0	13.0	0.0	0.04081632653061224	0.046875	
1.0368220416714582e9	6.850959171068324e8	40.0	10.0	0.0	0.04081632653061224	0.0	
1.0192342680656992e9	6.727165466168656e8	37.0	13.0	0.0	0.04081632653061224	0.0	
9.332409452012148e8	6.538243458847053e8	38.0	12.0	0.0	0.04081632653061224	0.046875	
1.0507539213742423e9	6.732804744496417e8	38.0	12.0	0.0	0.04081632653061224	0.0	
9.046815356527109e8	6.562419493114498e8	37.0	13.0	0.0	0.04081632653061224	0.0	
1.0287404924529847e9	6.690217861579616e8	39.0	11.0	0.0	0.04081632653061224	0.046875	
1.0511655264652321e9	6.868143058939362e8	40.0	10.0	0.0	0.04081632653061224	0.0	
1.0033950358952249e9	6.851119019867721e8	38.0	12.0	0.0	0.04081632653061224	0.0	
1.1126377343097327e9	6.894295025666263e8	42.0	8.0	0.0	0.04081632653061224	0.0	
1.014868468299294e9	6.692964647975585e8	41.0	9.0	0.0	0.04081632653061224	0.0	
1.132371785789449e9	6.994730749651055e8	43.0	6.0	1.0	0.04081632653061224	0.0	
9.227601546274704e8	6.576738233564811e8	36.0	14.0	0.0	0.04081632653061224	0.0	
9.105886897265105e8	6.575308956941814e8	35.0	15.0	0.0	0.04081632653061224	0.0	
1.0308920201754351e9	6.917123775114731e8	42.0	8.0	0.0	0.04081632653061224	0.0	
1.0921093463256474e9	6.836133451697576e8	42.0	8.0	0.0	0.04081632653061224	0.0	
9.652624668696041e8	6.608706589986107e8	36.0	14.0	0.0	0.04081632653061224	0.0	
9.718693271361605e8	6.637197077486172e8	38.0	12.0	0.0	0.04081632653061224	0.0	
8.750534106509794e8	6.52636413490875e8	33.0	17.0	0.0	0.04081632653061224	0.0	
8.904453883272204e8	6.5459726722359e8	39.0	11.0	0.0	0.04081632653061224	0.0	
9.679005521623929e8	6.666404444682027e8	37.0	13.0	0.0	0.04081632653061224	0.046153846153846156	
1.0796486769598527e9	6.841914995348301e8	41.0	9.0	0.0	0.04081632653061224	0.0	
9.824792187204337e8	6.73463420254388e8	38.0	11.0	1.0	0.04081632653061224	0.0	
9.837093912537678e8	6.672646486165152e8	38.0	12.0	0.0	0.04081632653061224	0.0	
9.890082234622838e8	6.682293850361375e8	39.0	10.0	1.0	0.04081632653061224	0.046153846153846156	
1.0995957291291015e9	6.946556029448259e8	40.0	10.0	0.0	0.04081632653061224	0.047619047619047616	
1.046383526948972e9	6.684542033028324e8	39.0	11.0	0.0	0.04081632653061224	0.0	
9.591762218888167e8	6.635522793408543e8	39.0	11.0	0.0	0.04081632653061224	0.0	
1.0483134142485591e9	6.959223585050094e8	41.0	8.0	1.0	0.04081632653061224	0.0	
1.1245547272005897e9	7.105039158263701e8	40.0	9.0	1.0	0.04081632653061224	0.0	
1.1001680367816486e9	6.804945913282446e8	41.0	9.0	0.0	0.04081632653061224	0.0	
1.0520506215485895e9	6.91482536886801e8	41.0	8.0	1.0	0.04081632653061224	0.0	
1.0694029479898854e9	6.833384471882889e8	41.0	8.0	1.0	0.04081632653061224	0.0	
1.1513170512761297e9	7.11284105164397e8	43.0	6.0	1.0	0.04081632653061224	0.04411764705882353	
1.0565381511811903e9	6.707546486971262e8	42.0	8.0	0.0	0.04081632653061224	0.046153846153846156	
9.844993411875191e8	6.730316655686454e8	40.0	9.0	1.0	0.04081632653061224	0.0	
9.785941411525505e8	6.749845015378785e8	41.0	9.0	0.0	0.04081632653061224	0.0410958904109589	
1.13213575996135e9	7.068121522202964e8	44.0	5.0	1.0	0.04081632653061224	0.0	
1.0842660446944315e9	6.932866084080806e8	41.0	9.0	0.0	0.04081632653061224	0.0	
9.890557937876832e8	6.731595531959178e8	36.0	14.0	0.0	0.04081632653061224	0.0	
9.841754456206551e8	6.66725460357611e8	38.0	12.0	0.0	0.04081632653061224	0.0	
8.974142752353048e8	6.532905393525076e8	36.0	14.0	0.0	0.04081632653061224	0.045454545454545456	
1.0712953591649172e9	6.937979291800642e8	42.0	7.0	1.0	0.04081632653061224	0.0	
9.704102515262501e8	6.735717274690433e8	40.0	9.0	1.0	0.04081632653061224	0.0	
9.660003256859432e8	6.548425221642137e8	38.0	12.0	0.0	0.04081632653061224	0.0	
1.1053256293035553e9	6.964870731477282e8	40.0	10.0	0.0	0.04081632653061224	0.0	
1.1865797961491222e9	7.203581032591758e8	43.0	6.0	1.0	0.04081632653061224	0.0	
1.1031696881471224e9	6.906455343784568e8	40.0	10.0	0.0	0.04081632653061224	0.0	
1.0482696514060605e9	6.761705954280783e8	40.0	10.0	0.0	0.04081632653061224	0.0	
1.126643341838591e9	7.088152895713568e8	41.0	8.0	1.0	0.04081632653061224	0.0	
1.1325615005423694e9	6.99307035262898e8	42.0	8.0	0.0	0.04081632653061224	0.0	
8.93144608910034e8	6.639780164588931e8	39.0	11.0	0.0	0.04081632653061224	0.0	
1.0380831273916342e9	6.711371530181661e8	38.0	12.0	0.0	0.04081632653061224	0.0	
1.0427228600222523e9	6.746846603446562e8	39.0	11.0	0.0	0.04081632653061224	0.0	
1.0057998067625717e9	6.608540815729904e8	39.0	11.0	0.0	0.04081632653061224	0.0	
7.747946568542912e8	6.75251728174428e8	27.0	23.0	0.0	0.04081632653061224	0.047619047619047616	
1.0948183413645911e9	6.886096351471919e8	43.0	7.0	0.0	0.04081632653061224	0.0	
9.813480046100564e8	6.662255116981423e8	39.0	11.0	0.0	0.04081632653061224	0.0	
1.0896214209868214e9	6.832297360027965e8	42.0	8.0	0.0	0.04081632653061224	0.0	
1.1117198491285079e9	6.875216707932463e8	42.0	8.0	0.0	0.04081632653061224	0.0	
9.574713331492587e8	6.609997719765218e8	38.0	12.0	0.0	0.04081632653061224	0.0	
1.1672151268530903e9	7.125731316975691e8	43.0	6.0	1.0	0.04081632653061224	0.0	
9.709003084694588e8	6.742960048866866e8	39.0	10.0	1.0	0.04081632653061224	0.0	
1.1378293532043967e9	7.079712053170067e8	43.0	6.0	1.0	0.04081632653061224	0.0	
1.0614663334876931e9	6.767187013886963e8	40.0	10.0	0.0	0.04081632653061224	0.0	
8.283825556552255e8	6.588635901312886e8	32.0	18.0	0.0	0.04081632653061224	0.0	
9.10402936714133e8	6.520131140872598e8	36.0	14.0	0.0	0.04081632653061224	0.0	
9.403510258462659e8	6.537704908243641e8	37.0	13.0	0.0	0.04081632653061224	0.0	
1.0430064537335069e9	6.846133203188598e8	41.0	9.0	0.0	0.04081632653061224	0.0	
9.71472763140592e8	6.586868710132202e8	36.0	14.0	0.0	0.04081632653061224	0.04838709677419355	
1.0770966436354349e9	6.951239786877195e8	40.0	9.0	1.0	0.04081632653061224	0.0	
1.0923360555822544e9	7.007240942841371e8	43.0	6.0	1.0	0.04081632653061224	0.0	
1.1165276567948835e9	6.961138950206182e8	43.0	7.0	0.0	0.04081632653061224	0.0	
1.1707088165896988e9	7.132302749573585e8	43.0	6.0	1.0	0.04081632653061224	0.0	
1.1516448949487338e9	7.098803203456013e8	44.0	5.0	1.0	0.04081632653061224	0.0	
1.0208126325912657e9	6.691608428617558e8	39.0	11.0	0.0	0.04081632653061224	0.05263157894736842	
9.806347607127457e8	6.612419794396108e8	36.0	14.0	0.0	0.04081632653061224	0.0	
1.0752829715734394e9	6.84405345712887e8	40.0	9.0	1.0	0.04081632653061224	0.0	
9.1353159167407e8	6.56485939617861e8	35.0	15.0	0.0	0.04081632653061224	0.0	
1.150068271559644e9	7.06357910251344e8	43.0	6.0	1.0	0.04081632653061224	0.0	
1.0560205846072876e9	6.795480378947744e8	42.0	8.0	0.0	0.04081632653061224	0.0	
9.407414605636123e8	6.530420316613578e8	37.0	13.0	0.0	0.04081632653061224	0.0	
1.065877375905905e9	6.864384243856326e8	43.0	7.0	0.0	0.04081632653061224	0.0	
1.050050579402052e9	6.720603614603117e8	39.0	11.0	0.0	0.04081632653061224	0.0	
9.222516894449222e8	6.452303418216119e8	37.0	13.0	0.0	0.04081632653061224	0.04285714285714286	
8.391003767295322e8	6.606893484527602e8	33.0	17.0	0.0	0.04081632653061224	0.0	
1.0100322145010283e9	6.714138138370726e8	36.0	14.0	0.0	0.04081632653061224	0.043478260869565216	
9.016493816769156e8	6.538635233087773e8	32.0	18.0	0.0	0.04081632653061224	0.0	
1.0585905124189456e9	6.793098786383238e8	40.0	10.0	0.0	0.04081632653061224	0.0	
1.1470544434860196e9	7.057750853911505e8	43.0	6.0	1.0	0.04081632653061224	0.0	
8.917103038994025e8	6.500424327251979e8	37.0	13.0	0.0	0.04081632653061224	0.04411764705882353	
1.0681367300849797e9	6.718741053174763e8	39.0	11.0	0.0	0.04081632653061224	0.0	
1.0331165538091332e9	6.858477087311606e8	39.0	11.0	0.0	0.04081632653061224	0.0	
9.471415095930094e8	6.582699519408551e8	36.0	14.0	0.0	0.04081632653061224	0.0	
1.1149640324497197e9	7.066537900600743e8	42.0	7.0	1.0	0.04081632653061224	0.0	
1.1573927176628191e9	7.12059684428299e8	43.0	6.0	1.0	0.04081632653061224	0.04477611940298507	
9.433253738671106e8	6.652057348574905e8	34.0	16.0	0.0	0.04081632653061224	0.04838709677419355	
1.0999176273860683e9	6.808629091489801e8	40.0	10.0	0.0	0.04081632653061224	0.0	
8.902933907684171e8	6.561589012275047e8	31.0	19.0	0.0	0.04081632653061224	0.0	
8.542854019288421e8	6.74635038231541e8	34.0	16.0	0.0	0.04081632653061224	0.0	
1.0333970826190296e9	6.727340341708812e8	41.0	9.0	0.0	0.04081632653061224	0.0	
1.0512031838690174e9	6.922483399086263e8	40.0	9.0	1.0	0.04081632653061224	0.0	
1.0540447010461459e9	6.763333462791436e8	40.0	10.0	0.0	0.04081632653061224	0.046875	
1.0454036800398551e9	6.936783997485375e8	37.0	12.0	1.0	0.04081632653061224	0.0	
1.0395013934980041e9	6.710517010321417e8	41.0	9.0	0.0	0.04081632653061224	0.046153846153846156	
1.147827043058483e9	7.1013860412593e8	43.0	6.0	1.0	0.04081632653061224	0.0	
8.780971166165875e8	6.449810049673693e8	35.0	15.0	0.0	0.04081632653061224	0.0	
1.066504663887609e9	6.870435908229965e8	38.0	12.0	0.0	0.04081632653061224	0.0	
9.188798890362263e8	6.566189964307545e8	37.0	13.0	0.0	0.04081632653061224	0.0	
1.1343017047476678e9	6.996041051530509e8	43.0	7.0	0.0	0.04081632653061224	0.0	
1.0286993926274451e9	6.900078636561601e8	41.0	8.0	1.0	0.04081632653061224	0.0	
1.1555732560642517e9	7.156843744068173e8	43.0	6.0	1.0	0.04081632653061224	0.0	
9.936507843841873e8	6.678304067735882e8	37.0	13.0	0.0	0.04081632653061224	0.0	
9.661350884519541e8	6.564880945612184e8	38.0	12.0	0.0	0.04081632653061224	0.0	
9.480941561477158e8	6.626022534734986e8	35.0	15.0	0.0	0.04081632653061224	0.0	
8.356543883391442e8	6.607765093527443e8	32.0	18.0	0.0	0.04081632653061224	0.0	
9.948414544090292e8	6.764192986760609e8	38.0	12.0	0.0	0.04081632653061224	0.0	
9.989540570153376e8	6.71204488245096e8	37.0	13.0	0.0	0.04081632653061224	0.0	
8.565163144382396e8	6.577127611263186e8	33.0	17.0	0.0	0.04081632653061224	0.0	
1.0674674002272239e9	6.803174104830279e8	41.0	9.0	0.0	0.04081632653061224	0.04838709677419355	
9.98476682337595e8	6.691661619000323e8	39.0	11.0	0.0	0.04081632653061224	0.0	
1.0822036281128545e9	6.899510145465038e8	40.0	10.0	0.0	0.04081632653061224	0.0	
9.423321774323887e8	6.60179636270215e8	34.0	16.0	0.0	0.04081632653061224	0.0	
8.78389794168133e8	6.606320821202145e8	32.0	18.0	0.0	0.04081632653061224	0.0	
9.493911762521464e8	6.590979803712754e8	36.0	14.0	0.0	0.04081632653061224	0.05	
8.563956208273988e8	6.642216873992641e8	32.0	18.0	0.0	0.04081632653061224	0.0	
9.694203228627727e8	6.54388613418397e8	38.0	12.0	0.0	0.04081632653061224	0.0	
9.451623953400563e8	6.528512201955252e8	35.0	15.0	0.0	0.04081632653061224	0.047619047619047616	
1.104582726190342e9	6.996944878748358e8	40.0	9.0	1.0	0.04081632653061224	0.0	
1.0396112655302345e9	6.72344490106643e8	38.0	12.0	0.0	0.04081632653061224	0.0	
1.1112534788555202e9	6.938481204446839e8	41.0	9.0	0.0	0.04081632653061224	0.0	
1.0248545847706635e9	6.733524937640958e8	40.0	10.0	0.0	0.04081632653061224	0.0	
1.077120527217935e9	7.015662948580441e8	43.0	6.0	1.0	0.04081632653061224	0.0	
9.448421140237123e8	6.558880161281203e8	37.0	13.0	0.0	0.04081632653061224	0.0	
9.928632675950406e8	6.817836377858629e8	39.0	11.0	0.0	0.04081632653061224	0.05	
8.671965163230698e8	6.543995446916813e8	37.0	13.0	0.0	0.04081632653061224	0.0	
9.192029084216557e8	6.605248089913377e8	36.0	14.0	0.0	0.04081632653061224	0.04411764705882353	
9.88974313382805e8	6.599721131297805e8	37.0	13.0	0.0	0.04081632653061224	0.0	
1.0396307248749591e9	6.714391164102161e8	39.0	11.0	0.0	0.04081632653061224	0.04918032786885246	
9.021491732811174e8	6.470894413454698e8	37.0	13.0	0.0	0.04081632653061224	0.0	
1.0964540295599985e9	6.978442775431645e8	42.0	7.0	1.0	0.04081632653061224	0.0	
9.344212628200266e8	6.600912500989842e8	37.0	13.0	0.0	0.04081632653061224	0.045454545454545456	
9.02312058525068e8	6.434935099853113e8	35.0	15.0	0.0	0.04081632653061224	0.0	
9.499017679562913e8	6.580883496852427e8	34.0	16.0	0.0	0.04081632653061224	0.0	
1.128731029297876e9	6.969732299187005e8	42.0	8.0	0.0	0.04081632653061224	0.046875	
1.0256151906174371e9	6.71113509894476e8	38.0	12.0	0.0	0.04081632653061224	0.0	
9.585816310919249e8	6.706014768119267e8	37.0	12.0	1.0	0.04081632653061224	0.0	
1.017015561792273e9	6.741445843584058e8	39.0	10.0	1.0	0.04081632653061224	0.0	
9.280687174175885e8	6.576258161522324e8	35.0	15.0	0.0	0.04081632653061224	0.0	
1.0692375735090126e9	6.821283753542008e8	41.0	9.0	0.0	0.04081632653061224	0.0	
8.713570812544142e8	6.522438764175273e8	34.0	16.0	0.0	0.04081632653061224	0.0	
8.994184262266107e8	6.549607968524487e8	35.0	15.0	0.0	0.04081632653061224	0.0	
1.0671977651782882e9	6.78904451934206e8	40.0	10.0	0.0	0.04081632653061224	0.05172413793103448	
1.0011607511905897e9	6.740931682657851e8	41.0	8.0	1.0	0.04081632653061224	0.0	
9.098570967685881e8	6.554772585382173e8	34.0	16.0	0.0	0.04081632653061224	0.0	
9.233433477258493e8	6.573750744996629e8	36.0	14.0	0.0	0.04081632653061224	0.0	
1.083005756860682e9	6.976668157526339e8	43.0	6.0	1.0	0.04081632653061224	0.0	
9.532692264265015e8	6.591474218460851e8	37.0	13.0	0.0	0.04081632653061224	0.0	
1.0244088505565761e9	6.763699762009865e8	43.0	7.0	0.0	0.04081632653061224	0.0	
1.0695724231962144e9	6.92736476404383e8	42.0	7.0	1.0	0.04081632653061224	0.0	
1.0415096425659887e9	6.724523754538958e8	39.0	11.0	0.0	0.04081632653061224	0.0	
1.0849666628811936e9	6.928045906267109e8	42.0	7.0	1.0	0.04081632653061224	0.045454545454545456	
1.0796942221801577e9	7.017677804542348e8	44.0	5.0	1.0	0.04081632653061224	0.0	
1.1249668451536698e9	7.105710122806958e8	40.0	9.0	1.0	0.04081632653061224	0.0	
1.0340243166861919e9	6.917245954560918e8	39.0	10.0	1.0	0.04081632653061224	0.0	
9.198778001505055e8	6.524742697556853e8	36.0	14.0	0.0	0.04081632653061224	0.0	
1.0637106034076151e9	6.98811400570443e8	39.0	10.0	1.0	0.04081632653061224	0.0	
1.0158293449823617e9	6.798501587198448e8	39.0	11.0	0.0	0.04081632653061224	0.0	
1.0477933341902233e9	6.918148569374695e8	39.0	11.0	0.0	0.04081632653061224	0.0	
1.1461425176798499e9	7.050547634495509e8	42.0	7.0	1.0	0.04081632653061224	0.0	
9.684152377010578e8	6.635162589421368e8	36.0	14.0	0.0	0.04081632653061224	0.0	
1.0438316326877307e9	6.858871370613446e8	38.0	12.0	0.0	0.04081632653061224	0.0	
1.1746474875931058e9	7.177257167338669e8	44.0	5.0	1.0	0.04081632653061224	0.0	
9.933819594331715e8	6.643749409066238e8	39.0	11.0	0.0	0.04081632653061224	0.0	
1.005247001793304e9	6.760768700047343e8	38.0	12.0	0.0	0.04081632653061224	0.0	
9.412993327117931e8	6.693937833159828e8	38.0	11.0	1.0	0.04081632653061224	0.0	
1.0773483454626336e9	6.939471740283692e8	40.0	10.0	0.0	0.04081632653061224	0.0	
8.795503575851926e8	6.539722869082197e8	36.0	14.0	0.0	0.04081632653061224	0.0	
9.266761762081866e8	6.659705991427947e8	38.0	12.0	0.0	0.04081632653061224	0.0	
1.0313183402082448e9	6.767580689842937e8	39.0	11.0	0.0	0.04081632653061224	0.046875	
9.28375266964217e8	6.543940116913377e8	37.0	13.0	0.0	0.04081632653061224	0.0	
9.442933970385268e8	6.492386590918541e8	36.0	14.0	0.0	0.04081632653061224	0.0	
1.0825676216133194e9	6.982821295312678e8	39.0	10.0	1.0	0.04081632653061224	0.0	
1.074008156489327e9	6.899496852828169e8	39.0	11.0	0.0	0.04081632653061224	0.0	
9.136128619322522e8	6.608338596048744e8	34.0	16.0	0.0	0.04081632653061224	0.0	
9.036006281124732e8	6.627297621939781e8	32.0	18.0	0.0	0.04081632653061224	0.0	
1.0097041957271857e9	6.773803852725363e8	38.0	11.0	1.0	0.04081632653061224	0.0	
1.0018974982264698e9	6.70780744730647e8	37.0	13.0	0.0	0.04081632653061224	0.0	
1.0489040036482347e9	6.773936303979813e8	40.0	10.0	0.0	0.04081632653061224	0.0	
9.687186634475734e8	6.62918069549382e8	38.0	12.0	0.0	0.04081632653061224	0.0	
9.756135070832014e8	6.675880482022815e8	38.0	12.0	0.0	0.04081632653061224	0.0	
1.177020003410772e9	7.183283416976577e8	44.0	5.0	1.0	0.04081632653061224	0.0	
7.773879028461483e8	6.558032978555024e8	34.0	16.0	0.0	0.04081632653061224	0.0	
1.1021266447436357e9	7.095630701707331e8	41.0	8.0	1.0	0.04081632653061224	0.0	
1.0871683406762717e9	6.99906387246536e8	40.0	9.0	1.0	0.04081632653061224	0.0	
1.0038941383925154e9	6.610238410668602e8	36.0	14.0	0.0	0.04081632653061224	0.0	
9.584295894628385e8	6.565501805912045e8	36.0	14.0	0.0	0.04081632653061224	0.0	
9.307710943490723e8	6.645018782146012e8	34.0	16.0	0.0	0.04081632653061224	0.0	
8.339297432481172e8	6.506336900161695e8	34.0	16.0	0.0	0.04081632653061224	0.0	
1.0259038572876538e9	6.729182123345956e8	39.0	11.0	0.0	0.04081632653061224	0.0	
1.0467882387495401e9	6.747690383636987e8	40.0	10.0	0.0	0.04081632653061224	0.0	
8.705326599740511e8	6.528110051889638e8	34.0	16.0	0.0	0.04081632653061224	0.0	
9.59884331183446e8	6.647325246676002e8	34.0	16.0	0.0	0.04081632653061224	0.0	
1.0129629048626906e9	6.685171447487648e8	37.0	13.0	0.0	0.04081632653061224	0.0	
1.0765475897564273e9	6.721286230935783e8	40.0	10.0	0.0	0.04081632653061224	0.0	
1.0026745421718519e9	6.685431919186797e8	38.0	12.0	0.0	0.04081632653061224	0.04838709677419355	
1.0547986184568093e9	6.760118937530893e8	39.0	11.0	0.0	0.04081632653061224	0.0	
1.0520505494186317e9	6.817943364141072e8	41.0	8.0	1.0	0.04081632653061224	0.04411764705882353	
8.681484790211031e8	6.831312290780265e8	32.0	18.0	0.0	0.04081632653061224	0.0	
9.620752753343322e8	6.639992559064648e8	36.0	14.0	0.0	0.04081632653061224	0.0	
9.672060158884073e8	6.575286224691608e8	37.0	13.0	0.0	0.04081632653061224	0.0	
8.99060242969723e8	6.627310288221967e8	32.0	18.0	0.0	0.04081632653061224	0.047619047619047616	
1.0101526316510807e9	6.696411181099132e8	39.0	11.0	0.0	0.04081632653061224	0.0	
1.0104982764326198e9	6.794408867748082e8	39.0	11.0	0.0	0.04081632653061224	0.0	
1.0432362652407405e9	6.913022351184134e8	41.0	8.0	1.0	0.04081632653061224	0.0	
1.1806158121631646e9	7.192592230906593e8	44.0	5.0	1.0	0.04081632653061224	0.0	
1.0620671812628665e9	6.724179705572797e8	39.0	11.0	0.0	0.04081632653061224	0.046875	
1.0837919018633459e9	6.838735703169692e8	42.0	7.0	1.0	0.04081632653061224	0.0	
1.0529316015975866e9	6.974163857239035e8	41.0	8.0	1.0	0.04081632653061224	0.04411764705882353	
1.0359668484865159e9	6.854973386492623e8	41.0	9.0	0.0	0.04081632653061224	0.0	
9.465416507530755e8	6.638630047193924e8	36.0	14.0	0.0	0.04081632653061224	0.0	
1.0449871510415566e9	6.773577952002993e8	39.0	11.0	0.0	0.04081632653061224	0.0	
8.9775403955675e8	6.530950332780958e8	36.0	14.0	0.0	0.04081632653061224	0.0	
1.0858773693157103e9	6.968638373669367e8	41.0	8.0	1.0	0.04081632653061224	0.0	
1.0778936729493592e9	6.759847352071114e8	41.0	9.0	0.0	0.04081632653061224	0.0	
1.1053034421473079e9	6.9260829828338e8	41.0	9.0	0.0	0.04081632653061224	0.0	
1.1644038702080665e9	7.152969403263807e8	44.0	5.0	1.0	0.04081632653061224	0.04918032786885246	
1.0226498341632645e9	6.706593365977603e8	40.0	10.0	0.0	0.04081632653061224	0.0	
7.920728938277017e8	6.489478090402471e8	35.0	15.0	0.0	0.04081632653061224	0.0	
9.40961426090661e8	6.572631347792605e8	36.0	14.0	0.0	0.04081632653061224	0.0	
1.0471766342492377e9	6.692725705751603e8	42.0	8.0	0.0	0.04081632653061224	0.0	
9.032451851129208e8	6.487006388786585e8	37.0	13.0	0.0	0.04081632653061224	0.0	
1.1121406211740026e9	6.911836613984785e8	42.0	8.0	0.0	0.04081632653061224	0.0	
9.661942465477936e8	6.734786604081881e8	38.0	11.0	1.0	0.04081632653061224	0.045454545454545456	
1.064493456545887e9	6.91602823892173e8	42.0	7.0	1.0	0.04081632653061224	0.0	
1.0491205864223747e9	6.820848707750478e8	41.0	9.0	0.0	0.04081632653061224	0.0	
9.345385213930106e8	6.782988976183355e8	39.0	11.0	0.0	0.04081632653061224	0.0	
9.900845400444144e8	6.645947185182989e8	39.0	11.0	0.0	0.04081632653061224	0.0	
9.359421037853872e8	6.538182004988945e8	37.0	13.0	0.0	0.04081632653061224	0.0	
1.0866517282503896e9	6.822353740356869e8	40.0	10.0	0.0	0.04081632653061224	0.0	
9.588595620230975e8	6.568313379310268e8	36.0	14.0	0.0	0.04081632653061224	0.0	
1.10672544312829e9	6.93593406191117e8	43.0	6.0	1.0	0.04081632653061224	0.0	
1.1241464604605691e9	6.943782711649187e8	42.0	8.0	0.0	0.04081632653061224	0.0	
9.537097202515831e8	6.550119699605906e8	37.0	13.0	0.0	0.04081632653061224	0.0	
9.411240247650424e8	6.562991404966214e8	38.0	12.0	0.0	0.04081632653061224	0.047619047619047616	
1.0135090526443975e9	6.741426941985546e8	37.0	13.0	0.0	0.04081632653061224	0.0	
1.0802475050361347e9	6.902285006333144e8	41.0	9.0	0.0	0.04081632653061224	0.0	
8.613429841427476e8	6.478759411669841e8	35.0	15.0	0.0	0.04081632653061224	0.0	
8.668683800251838e8	6.525066161111119e8	33.0	17.0	0.0	0.04081632653061224	0.0	
1.0549813266435609e9	6.774114155326796e8	40.0	9.0	1.0	0.04081632653061224	0.04838709677419355	
1.0395521097939755e9	6.873188418620319e8	40.0	10.0	0.0	0.04081632653061224	0.0	
1.0706322302620672e9	6.823607504619737e8	41.0	9.0	0.0	0.04081632653061224	0.0	
9.567629775811908e8	6.62599199312093e8	39.0	11.0	0.0	0.04081632653061224	0.0	
1.0137658770154378e9	6.71562035578798e8	38.0	11.0	1.0	0.04081632653061224	0.0	
1.0354593850618324e9	6.808975264375596e8	40.0	9.0	1.0	0.04081632653061224	0.0	
9.667690548130895e8	6.660765761969862e8	35.0	15.0	0.0	0.04081632653061224	0.0	
1.0642636692701062e9	6.985518799056158e8	44.0	5.0	1.0	0.04081632653061224	0.0	
1.0304732059721926e9	6.819112803467078e8	37.0	13.0	0.0	0.04081632653061224	0.0	
