35	15	0	50	100	0.0759493670886076
30	20	0	50	100	0.08991825613079019
35	15	0	50	100	0.0797872340425532
37	13	0	50	100	0.07049608355091384
30	20	0	50	100	0.09428571428571429
40	9	1	50	100	0.11538461538461539
38	12	0	50	100	0.11822660098522167
34	16	0	50	100	0.046753246753246755
39	11	0	50	100	0.04603580562659847
29	21	0	50	100	0.07692307692307693
34	16	0	50	100	0.07792207792207792
41	9	0	50	100	0.07714285714285714
43	7	0	50	100	0.05263157894736842
24	26	0	50	100	0.09929078014184398
27	23	0	50	100	0.06349206349206349
33	17	0	50	100	0.06923076923076923
44	6	0	50	100	0.08108108108108109
33	17	0	50	100	0.04838709677419355
43	6	1	50	100	0.08823529411764706
32	18	0	50	100	0.04120879120879121
37	13	0	50	100	0.08527131782945736
31	19	0	50	100	0.07219251336898395
41	8	1	50	100	0.07177033492822966
33	17	0	50	100	0.09974424552429667
32	18	0	50	100	0.0873015873015873
38	12	0	50	100	0.048
42	8	0	50	100	0.0532994923857868
34	16	0	50	100	0.04986149584487535
31	19	0	50	100	0.05817174515235457
35	15	0	50	100	0.0967741935483871
41	9	0	50	100	0.061068702290076333
40	9	1	50	100	0.07712082262210797
37	13	0	50	100	0.08847184986595175
30	20	0	50	100	0.057534246575342465
31	19	0	50	100	0.06521739130434782
27	23	0	50	100	0.11081794195250659
28	22	0	50	100	0.0636604774535809
39	11	0	50	100	0.09
39	11	0	50	100	0.08695652173913043
30	20	0	50	100	0.07238605898123325
28	22	0	50	100	0.046511627906976744
29	21	0	50	100	0.1191588785046729
34	16	0	50	100	0.05426356589147287
30	20	0	50	100	0.07672634271099744
27	23	0	50	100	0.11538461538461539
35	15	0	50	100	0.07518796992481203
37	13	0	50	100	0.05737704918032787
33	17	0	50	100	0.04143646408839779
29	21	0	50	100	0.0889487870619946
40	9	1	50	100	0.12307692307692308
40	10	0	50	100	0.07277628032345014
29	21	0	50	100	0.0636604774535809
29	21	0	50	100	0.08450704225352113
30	20	0	50	100	0.06217616580310881
46	3	1	50	100	0.07633587786259542
39	11	0	50	100	0.03007518796992481
35	15	0	50	100	0.11658031088082901
34	16	0	50	100	0.08264462809917356
38	12	0	50	100	0.10182767624020887
35	15	0	50	100	0.05660377358490566
30	20	0	50	100	0.08418367346938775
34	16	0	50	100	0.0633245382585752
37	13	0	50	100	0.07479224376731301
34	16	0	50	100	0.04918032786885246
30	20	0	50	100	0.109375
44	5	1	50	100	0.04201680672268908
36	14	0	50	100	0.08571428571428572
33	17	0	50	100	0.10714285714285714
35	15	0	50	100	0.057534246575342465
38	12	0	50	100	0.08086253369272237
42	7	1	50	100	0.0859375
29	21	0	50	100	0.04076086956521739
32	18	0	50	100	0.039473684210526314
40	10	0	50	100	0.05384615384615385
39	11	0	50	100	0.07462686567164178
34	16	0	50	100	0.055408970976253295
27	23	0	50	100	0.07444168734491315
41	8	1	50	100	0.08977556109725686
37	13	0	50	100	0.04986149584487535
36	14	0	50	100	0.08086253369272237
42	7	1	50	100	0.06417112299465241
37	13	0	50	100	0.064
37	13	0	50	100	0.056910569105691054
31	19	0	50	100	0.07772020725388601
35	15	0	50	100	0.08549222797927461
44	5	1	50	100	0.064343163538874
38	12	0	50	100	0.05511811023622047
35	15	0	50	100	0.088
37	13	0	50	100	0.08312342569269521
33	17	0	50	100	0.11570247933884298
46	3	1	50	100	0.09399477806788512
38	12	0	50	100	0.08042895442359249
35	15	0	50	100	0.07297297297297298
42	7	1	50	100	0.07731958762886598
42	7	1	50	100	0.12846347607052896
32	18	0	50	100	0.11306532663316583
32	18	0	50	100	0.046511627906976744
34	16	0	50	100	0.04838709677419355
32	18	0	50	100	0.06870229007633588
32	18	0	50	100	0.051470588235294115
