32	18	0	50	100	0.13761467889908258
37	13	0	50	100	0.06231454005934718
35	15	0	50	100	0.13432835820895522
32	18	0	50	100	0.09939759036144578
38	12	0	50	100	0.10588235294117647
35	15	0	50	100	0.07780979827089338
33	17	0	50	100	0.08206686930091185
35	15	0	50	100	0.11470588235294117
36	14	0	50	100	0.09259259259259259
40	10	0	50	100	0.03409090909090909
36	14	0	50	100	0.11142857142857143
32	18	0	50	100	0.0872093023255814
34	16	0	50	100	0.09090909090909091
36	14	0	50	100	0.1
35	15	0	50	100	0.12804878048780488
35	15	0	50	100	0.10443037974683544
35	15	0	50	100	0.12650602409638553
35	15	0	50	100	0.055900621118012424
37	13	0	50	100	0.06441717791411043
32	18	0	50	100	0.1308139534883721
35	15	0	50	100	0.12612612612612611
34	16	0	50	100	0.10526315789473684
33	17	0	50	100	0.11142857142857143
35	15	0	50	100	0.10588235294117647
36	14	0	50	100	0.07848837209302326
33	17	0	50	100	0.14912280701754385
34	16	0	50	100	0.07964601769911504
34	16	0	50	100	0.12650602409638553
36	14	0	50	100	0.08011869436201781
36	14	0	50	100	0.0911854103343465
35	15	0	50	100	0.08547008547008547
39	11	0	50	100	0.14201183431952663
35	15	0	50	100	0.07250755287009064
35	15	0	50	100	0.10682492581602374
34	16	0	50	100	0.17378048780487804
31	19	0	50	100	0.09850746268656717
35	15	0	50	100	0.06231454005934718
34	16	0	50	100	0.08746355685131195
31	19	0	50	100	0.16167664670658682
34	16	0	50	100	0.12280701754385964
37	13	0	50	100	0.07758620689655173
37	13	0	50	100	0.08426966292134831
33	17	0	50	100	0.06287425149700598
37	13	0	50	100	0.14328358208955225
32	18	0	50	100	0.06306306306306306
31	19	0	50	100	0.16071428571428573
37	13	0	50	100	0.08746355685131195
33	17	0	50	100	0.0729483282674772
33	17	0	50	100	0.09763313609467456
35	15	0	50	100	0.07964601769911504
35	15	0	50	100	0.05325443786982249
32	18	0	50	100	0.13803680981595093
34	16	0	50	100	0.09734513274336283
35	15	0	50	100	0.10714285714285714
35	15	0	50	100	0.13005780346820808
35	15	0	50	100	0.10714285714285714
35	15	0	50	100	0.125
33	17	0	50	100	0.07079646017699115
39	11	0	50	100	0.10975609756097561
38	12	0	50	100	0.0718562874251497
32	18	0	50	100	0.13119533527696792
27	23	0	50	100	0.12893982808022922
35	15	0	50	100	0.13994169096209913
36	14	0	50	100	0.10344827586206896
32	18	0	50	100	0.06501547987616099
33	17	0	50	100	0.1504424778761062
33	17	0	50	100	0.08011869436201781
35	15	0	50	100	0.1411764705882353
39	11	0	50	100	0.08083832335329341
40	9	1	50	100	0.11337209302325581
34	16	0	50	100	0.0634441087613293
34	16	0	50	100	0.044642857142857144
38	12	0	50	100	0.10876132930513595
33	17	0	50	100	0.061946902654867256
33	17	0	50	100	0.13043478260869565
30	20	0	50	100	0.09620991253644315
38	12	0	50	100	0.14488636363636365
33	17	0	50	100	0.15454545454545454
39	11	0	50	100	0.09565217391304348
34	16	0	50	100	0.09763313609467456
31	19	0	50	100	0.10030395136778116
40	9	1	50	100	0.14457831325301204
34	16	0	50	100	0.1
37	13	0	50	100	0.11782477341389729
41	8	1	50	100	0.1268882175226586
32	18	0	50	100	0.08771929824561403
36	14	0	50	100	0.13392857142857142
36	14	0	50	100	0.11370262390670553
38	12	0	50	100	0.13353115727002968
37	13	0	50	100	0.0953757225433526
35	15	0	50	100	0.08181818181818182
35	15	0	50	100	0.18584070796460178
41	9	0	50	100	0.13313609467455623
41	9	0	50	100	0.10030395136778116
35	15	0	50	100	0.09174311926605505
36	14	0	50	100	0.08746355685131195
33	17	0	50	100	0.06287425149700598
40	10	0	50	100	0.07670454545454546
35	15	0	50	100	0.09939759036144578
33	17	0	50	100	0.12280701754385964
