2.215868435254938e9	1.40004224135326e9	8.158261939016788e8	50.0	0.0	0.0	0.08163265306122448	0.07988165680473373	0.3356164383561644	3.0	0.025605054431585048	0.0	4.0	
2.211781441673966e9	1.3964292679215791e9	8.15352173752387e8	50.0	0.0	0.0	0.08163265306122448	0.07988165680473373	0.3356164383561644	3.0	0.025605054431585048	0.1	4.0	
2.20777108199179e9	1.392879287151764e9	8.148917948400257e8	50.0	0.0	0.0	0.08163265306122448	0.07988165680473373	0.3356164383561644	3.0	0.025605054431585048	0.2	4.0	
2.2038344576811094e9	1.389389435845633e9	8.144450218354762e8	50.0	0.0	0.0	0.08163265306122448	0.07988165680473373	0.3356164383561644	3.0	0.025605054431585048	0.3	4.0	
2.1999688363275356e9	1.3859570127063203e9	8.140118236212155e8	50.0	0.0	0.0	0.08163265306122448	0.07988165680473373	0.3356164383561644	3.0	0.025605054431585048	0.4	4.0	
2.1961716412000766e9	1.3825794681464658e9	8.13592173053611e8	50.0	0.0	0.0	0.08163265306122448	0.07988165680473373	0.3356164383561644	3.0	0.025605054431585048	0.5	4.0	
2.192440441766721e9	1.3792543966624043e9	8.131860451043164e8	50.0	0.0	0.0	0.08163265306122448	0.07988165680473373	0.3356164383561644	3.0	0.025605054431585048	0.6	4.0	
2.1887729408647056e9	1.3759795238369865e9	8.127934170277193e8	50.0	0.0	0.0	0.08163265306122448	0.07988165680473373	0.3356164383561644	3.0	0.025605054431585048	0.7	4.0	
2.1851669708765945e9	1.3727527030765498e9	8.124142678000447e8	50.0	0.0	0.0	0.08163265306122448	0.07988165680473373	0.3356164383561644	3.0	0.025605054431585048	0.8	4.0	
2.1816204767933846e9	1.3695719004459398e9	8.120485763474445e8	50.0	0.0	0.0	0.08163265306122448	0.07988165680473373	0.3356164383561644	3.0	0.025605054431585048	0.9	4.0	
2.1781315172862253e9	1.366435194315949e9	8.116963229702765e8	50.0	0.0	0.0	0.08163265306122448	0.07988165680473373	0.3356164383561644	3.0	0.025605054431585048	1.0	4.0	
2.215868435254938e9	1.40004224135326e9	8.158261939016788e8	50.0	0.0	0.0	0.08163265306122448	0.08746355685131195	0.3475177304964539	5.0	0.03781921498758233	0.0	4.0	
2.211768013635946e9	1.3964184014905057e9	8.153496121454403e8	50.0	0.0	0.0	0.08163265306122448	0.08746355685131195	0.3475177304964539	5.0	0.03781921498758233	0.1	4.0	
2.2077186679863734e9	1.3928371045687997e9	8.148815634175737e8	50.0	0.0	0.0	0.08163265306122448	0.08746355685131195	0.3475177304964539	5.0	0.03781921498758233	0.2	4.0	
2.20371934204542e9	1.3892973088700237e9	8.144220331753968e8	50.0	0.0	0.0	0.08163265306122448	0.08746355685131195	0.3475177304964539	5.0	0.03781921498758233	0.3	4.0	
2.1997690178746e9	1.3857980095481634e9	8.139710083264368e8	50.0	0.0	0.0	0.08163265306122448	0.08746355685131195	0.3475177304964539	5.0	0.03781921498758233	0.4	4.0	
2.1958667130982666e9	1.3823382356254904e9	8.135284774727764e8	50.0	0.0	0.0	0.08163265306122448	0.08746355685131195	0.3475177304964539	5.0	0.03781921498758233	0.5	4.0	
2.192011479853202e9	1.3789170494395795e9	8.130944304136224e8	50.0	0.0	0.0	0.08163265306122448	0.08746355685131195	0.3475177304964539	5.0	0.03781921498758233	0.6	4.0	
2.188202404575963e9	1.3755335464624453e9	8.12668858113517e8	50.0	0.0	0.0	0.08163265306122448	0.08746355685131195	0.3475177304964539	5.0	0.03781921498758233	0.7	4.0	
2.184438606328731e9	1.372186854110198e9	8.122517522185329e8	50.0	0.0	0.0	0.08163265306122448	0.08746355685131195	0.3475177304964539	5.0	0.03781921498758233	0.8	4.0	
2.180719233424084e9	1.3688761275998287e9	8.118431058242557e8	50.0	0.0	0.0	0.08163265306122448	0.08746355685131195	0.3475177304964539	5.0	0.03781921498758233	0.9	4.0	
2.1770434632494144e9	1.3656005501842947e9	8.114429130651201e8	50.0	0.0	0.0	0.08163265306122448	0.08746355685131195	0.3475177304964539	5.0	0.03781921498758233	1.0	4.0	
2.215868435254938e9	1.40004224135326e9	8.158261939016788e8	50.0	0.0	0.0	0.08163265306122448	0.08011869436201781	0.37404580152671757	5.0	0.0462680743292988	0.0	4.0	
2.211763685348525e9	1.3964146804242067e9	8.153490049243181e8	50.0	0.0	0.0	0.08163265306122448	0.08011869436201781	0.37404580152671757	5.0	0.0462680743292988	0.1	4.0	
2.207701482965539e9	1.3928223544497352e9	8.148791285158042e8	50.0	0.0	0.0	0.08163265306122448	0.08011869436201781	0.37404580152671757	5.0	0.0462680743292988	0.2	4.0	
2.2036809565309877e9	1.3892644145110304e9	8.144165420199571e8	50.0	0.0	0.0	0.08163265306122448	0.08011869436201781	0.37404580152671757	5.0	0.0462680743292988	0.3	4.0	
2.1997012661045732e9	1.3857400436107821e9	8.139612224937909e8	50.0	0.0	0.0	0.08163265306122448	0.08011869436201781	0.37404580152671757	5.0	0.0462680743292988	0.4	4.0	
2.195761600335327e9	1.382248452185032e9	8.135131481502955e8	50.0	0.0	0.0	0.08163265306122448	0.08011869436201781	0.37404580152671757	5.0	0.0462680743292988	0.5	4.0	
2.191861175172109e9	1.3787888777829247e9	8.130722973891845e8	50.0	0.0	0.0	0.08163265306122448	0.08011869436201781	0.37404580152671757	5.0	0.0462680743292988	0.6	4.0	
2.1879992332819743e9	1.3753605837366757e9	8.126386495452987e8	50.0	0.0	0.0	0.08163265306122448	0.08011869436201781	0.37404580152671757	5.0	0.0462680743292988	0.7	4.0	
2.1841750437914677e9	1.3719628597649708e9	8.122121840264971e8	50.0	0.0	0.0	0.08163265306122448	0.08011869436201781	0.37404580152671757	5.0	0.0462680743292988	0.8	4.0	
2.1803879009684343e9	1.3685950209392295e9	8.117928800292048e8	50.0	0.0	0.0	0.08163265306122448	0.08011869436201781	0.37404580152671757	5.0	0.0462680743292988	0.9	4.0	
2.176637121264257e9	1.3652564041397953e9	8.113807171244619e8	50.0	0.0	0.0	0.08163265306122448	0.08011869436201781	0.37404580152671757	5.0	0.0462680743292988	1.0	4.0	
