2.215868435254938e9	1.40004224135326e9	8.158261939016788e8	50.0	0.0	0.0	0.16326530612244897	0.1863481228668942	0.4188034188034188	4.0	0.00813400035338811	0.0	9.0	
2.211760624560029e9	1.3964119078027117e9	8.153487167573171e8	50.0	0.0	0.0	0.16326530612244897	0.1863481228668942	0.4188034188034188	4.0	0.00813400035338811	0.1	9.0	
2.2076891442660584e9	1.392811191458676e9	8.148779528073823e8	50.0	0.0	0.0	0.16326530612244897	0.1863481228668942	0.4188034188034188	4.0	0.00813400035338811	0.2	9.0	
2.203652986296122e9	1.389239141651418e9	8.14413844644704e8	50.0	0.0	0.0	0.16326530612244897	0.1863481228668942	0.4188034188034188	4.0	0.00813400035338811	0.3	9.0	
2.1996511844064384e9	1.385694851346937e9	8.139563330595014e8	50.0	0.0	0.0	0.16326530612244897	0.1863481228668942	0.4188034188034188	4.0	0.00813400035338811	0.4	9.0	
2.1956828105492086e9	1.3821774518524137e9	8.135053586967953e8	50.0	0.0	0.0	0.16326530612244897	0.1863481228668942	0.4188034188034188	4.0	0.00813400035338811	0.5	9.0	
2.191746973942445e9	1.3786861129315944e9	8.130608610108502e8	50.0	0.0	0.0	0.16326530612244897	0.1863481228668942	0.4188034188034188	4.0	0.00813400035338811	0.6	9.0	
2.187842818076759e9	1.3752200386447778e9	8.126227794319808e8	50.0	0.0	0.0	0.16326530612244897	0.1863481228668942	0.4188034188034188	4.0	0.00813400035338811	0.7	9.0	
2.1839695204104323e9	1.3717784683782687e9	8.121910520321636e8	50.0	0.0	0.0	0.16326530612244897	0.1863481228668942	0.4188034188034188	4.0	0.00813400035338811	0.8	9.0	
2.180126290233424e9	1.368360673929494e9	8.117656163039303e8	50.0	0.0	0.0	0.16326530612244897	0.1863481228668942	0.4188034188034188	4.0	0.00813400035338811	0.9	9.0	
2.1763123684562345e9	1.3649659603558059e9	8.113464081004285e8	50.0	0.0	0.0	0.16326530612244897	0.1863481228668942	0.4188034188034188	4.0	0.00813400035338811	1.0	9.0	
2.215868435254938e9	1.40004224135326e9	8.158261939016788e8	50.0	0.0	0.0	0.16326530612244897	0.2080808080808081	0.46226415094339623	6.0	0.012163161621069783	0.0	9.0	
2.2117539193796496e9	1.3964065707788236e9	8.153473486008258e8	50.0	0.0	0.0	0.16326530612244897	0.2080808080808081	0.46226415094339623	6.0	0.012163161621069783	0.1	9.0	
2.20766279109622e9	1.3927902878066287e9	8.148725032895912e8	50.0	0.0	0.0	0.16326530612244897	0.2080808080808081	0.46226415094339623	6.0	0.012163161621069783	0.2	9.0	
2.2035947184905167e9	1.3891930821029768e9	8.144016363875397e8	50.0	0.0	0.0	0.16326530612244897	0.2080808080808081	0.46226415094339623	6.0	0.012163161621069783	0.3	9.0	
2.1995493796689997e9	1.3856146539638243e9	8.13934725705175e8	50.0	0.0	0.0	0.16326530612244897	0.2080808080808081	0.46226415094339623	6.0	0.012163161621069783	0.4	9.0	
2.1955264622445736e9	1.382054713553575e9	8.134717486909988e8	50.0	0.0	0.0	0.16326530612244897	0.2080808080808081	0.46226415094339623	6.0	0.012163161621069783	0.5	9.0	
2.1915256621221223e9	1.3785129785475986e9	8.130126835745237e8	50.0	0.0	0.0	0.16326530612244897	0.2080808080808081	0.46226415094339623	6.0	0.012163161621069783	0.6	9.0	
2.1875466834798803e9	1.3749891746493077e9	8.125575088305722e8	50.0	0.0	0.0	0.16326530612244897	0.2080808080808081	0.46226415094339623	6.0	0.012163161621069783	0.7	9.0	
2.1835892386214027e9	1.3714830357085242e9	8.121062029128788e8	50.0	0.0	0.0	0.16326530612244897	0.2080808080808081	0.46226415094339623	6.0	0.012163161621069783	0.8	9.0	
2.179653047627183e9	1.367994303279953e9	8.116587443472306e8	50.0	0.0	0.0	0.16326530612244897	0.2080808080808081	0.46226415094339623	6.0	0.012163161621069783	0.9	9.0	
2.1757378388757634e9	1.364522727670672e9	8.112151112050915e8	50.0	0.0	0.0	0.16326530612244897	0.2080808080808081	0.46226415094339623	6.0	0.012163161621069783	1.0	9.0	
2.215868435254938e9	1.40004224135326e9	8.158261939016788e8	50.0	0.0	0.0	0.16326530612244897	0.1937457511896669	0.494949494949495	9.0	0.03369447068426662	0.0	9.0	
2.211751322376793e9	1.3964045462521887e9	8.15346776124604e8	50.0	0.0	0.0	0.16326530612244897	0.1937457511896669	0.494949494949495	9.0	0.03369447068426662	0.1	9.0	
2.207652543371247e9	1.3927823184946551e9	8.148702248765914e8	50.0	0.0	0.0	0.16326530612244897	0.1937457511896669	0.494949494949495	9.0	0.03369447068426662	0.2	9.0	
2.2035719723137064e9	1.389175437681538e9	8.143965346321685e8	50.0	0.0	0.0	0.16326530612244897	0.1937457511896669	0.494949494949495	9.0	0.03369447068426662	0.3	9.0	
2.199509484068805e9	1.3855837827589169e9	8.139257013098884e8	50.0	0.0	0.0	0.16326530612244897	0.1937457511896669	0.494949494949495	9.0	0.03369447068426662	0.4	9.0	
2.1954649571168175e9	1.3820072377860892e9	8.134577193307278e8	50.0	0.0	0.0	0.16326530612244897	0.1937457511896669	0.494949494949495	9.0	0.03369447068426662	0.5	9.0	
2.1914382723218584e9	1.378445689186233e9	8.129925831356251e8	50.0	0.0	0.0	0.16326530612244897	0.1937457511896669	0.494949494949495	9.0	0.03369447068426662	0.6	9.0	
2.187429310576954e9	1.3748990218243966e9	8.12530288752557e8	50.0	0.0	0.0	0.16326530612244897	0.1937457511896669	0.494949494949495	9.0	0.03369447068426662	0.7	9.0	
2.1834379559934845e9	1.3713671245432959e9	8.120708314501888e8	50.0	0.0	0.0	0.16326530612244897	0.1937457511896669	0.494949494949495	9.0	0.03369447068426662	0.8	9.0	
2.179464094273218e9	1.3678498876945925e9	8.116142065786258e8	50.0	0.0	0.0	0.16326530612244897	0.1937457511896669	0.494949494949495	9.0	0.03369447068426662	0.9	9.0	
2.1755076132214823e9	1.3643472038787103e9	8.111604093427722e8	50.0	0.0	0.0	0.16326530612244897	0.1937457511896669	0.494949494949495	9.0	0.03369447068426662	1.0	9.0	
