2.215868435254938e9	1.40004224135326e9	8.158261939016788e8	50.0	0.0	0.0	0.04081632653061224	0.0	0.08551483420593368	1.0	0.0	0.0	2.0	
2.211922567205315e9	1.3965497201747434e9	8.153728470305719e8	50.0	0.0	0.0	0.04081632653061224	0.0	0.08551483420593368	1.0	0.0	0.1	2.0	
2.2083173563229804e9	1.3933425614870443e9	8.149747948359362e8	50.0	0.0	0.0	0.04081632653061224	0.0	0.08551483420593368	1.0	0.0	0.2	2.0	
2.205025584564006e9	1.390392823806482e9	8.146327607575237e8	50.0	0.0	0.0	0.04081632653061224	0.0	0.08551483420593368	1.0	0.0	0.3	2.0	
2.2020238853902364e9	1.3876759952764454e9	8.14347890113791e8	50.0	0.0	0.0	0.04081632653061224	0.0	0.08551483420593368	1.0	0.0	0.4	2.0	
2.1992923544753e9	1.3851705716031985e9	8.141217828721013e8	50.0	0.0	0.0	0.04081632653061224	0.0	0.08551483420593368	1.0	0.0	0.5	2.0	
2.1968142286256332e9	1.3828576954195995e9	8.139565332060337e8	50.0	0.0	0.0	0.04081632653061224	0.0	0.08551483420593368	1.0	0.0	0.6	2.0	
2.1945756188821974e9	1.3807208418376827e9	8.138547770445147e8	50.0	0.0	0.0	0.04081632653061224	0.0	0.08551483420593368	1.0	0.0	0.7	2.0	
2.192565298126833e9	1.3787455509245172e9	8.138197472023158e8	50.0	0.0	0.0	0.04081632653061224	0.0	0.08551483420593368	1.0	0.0	0.8	2.0	
2.1907745371333513e9	1.3769191966070323e9	8.138553405263188e8	49.0	1.0	0.0	0.04081632653061224	0.0	0.08551483420593368	1.0	0.0	0.9	2.0	
2.189196985023253e9	1.375230790100477e9	8.139661949227762e8	49.0	1.0	0.0	0.04081632653061224	0.0	0.08551483420593368	1.0	0.0	1.0	2.0	
2.215868435254938e9	1.40004224135326e9	8.158261939016788e8	50.0	0.0	0.0	0.04081632653061224	0.0	0.11212814645308924	1.0	0.0	0.0	2.0	
2.2119060289350533e9	1.3965352544637413e9	8.15370774471312e8	50.0	0.0	0.0	0.04081632653061224	0.0	0.11212814645308924	1.0	0.0	0.1	2.0	
2.208253213175253e9	1.3932867185039504e9	8.149664946713023e8	50.0	0.0	0.0	0.04081632653061224	0.0	0.11212814645308924	1.0	0.0	0.2	2.0	
2.204885435257143e9	1.3902714146186218e9	8.146140206385211e8	50.0	0.0	0.0	0.04081632653061224	0.0	0.11212814645308924	1.0	0.0	0.3	2.0	
2.201781562233282e9	1.3874671852197032e9	8.143143770135784e8	50.0	0.0	0.0	0.04081632653061224	0.0	0.11212814645308924	1.0	0.0	0.4	2.0	
2.198923522854534e9	1.3848545547630508e9	8.140689680914836e8	50.0	0.0	0.0	0.04081632653061224	0.0	0.11212814645308924	1.0	0.0	0.5	2.0	
2.1962960111069403e9	1.3824164060122495e9	8.138796050946904e8	50.0	0.0	0.0	0.04081632653061224	0.0	0.11212814645308924	1.0	0.0	0.6	2.0	
2.193886227950942e9	1.3801376933946836e9	8.137485345562584e8	50.0	0.0	0.0	0.04081632653061224	0.0	0.11212814645308924	1.0	0.0	0.7	2.0	
2.191683673973514e9	1.3780051991207213e9	8.136784748527925e8	50.0	0.0	0.0	0.04081632653061224	0.0	0.11212814645308924	1.0	0.0	0.8	2.0	
2.1896799757558975e9	1.3760073199417393e9	8.13672655814158e8	49.0	1.0	0.0	0.04081632653061224	0.0	0.11212814645308924	1.0	0.0	0.9	2.0	
2.187868745867381e9	1.374133881590438e9	8.137348642769432e8	49.0	1.0	0.0	0.04081632653061224	0.0	0.11212814645308924	1.0	0.0	1.0	2.0	
2.215868435254938e9	1.40004224135326e9	8.158261939016788e8	50.0	0.0	0.0	0.04081632653061224	0.0	0.09262759924385633	1.0	0.0	0.0	2.0	
2.2119044798238087e9	1.3965338820174508e9	8.153705978063574e8	50.0	0.0	0.0	0.04081632653061224	0.0	0.09262759924385633	1.0	0.0	0.1	2.0	
2.208247111955786e9	1.3932813226444826e9	8.149657893113037e8	50.0	0.0	0.0	0.04081632653061224	0.0	0.09262759924385633	1.0	0.0	0.2	2.0	
2.204871908863183e9	1.3902594741672196e9	8.146124346959635e8	50.0	0.0	0.0	0.04081632653061224	0.0	0.09262759924385633	1.0	0.0	0.3	2.0	
2.2017578512074013e9	1.387446295217002e9	8.14311555990399e8	50.0	0.0	0.0	0.04081632653061224	0.0	0.09262759924385633	1.0	0.0	0.4	2.0	
2.198886965570947e9	1.3848224141211972e9	8.1406455144975e8	50.0	0.0	0.0	0.04081632653061224	0.0	0.09262759924385633	1.0	0.0	0.5	2.0	
2.1962440280769997e9	1.3823708061110666e9	8.138732219659331e8	50.0	0.0	0.0	0.04081632653061224	0.0	0.09262759924385633	1.0	0.0	0.6	2.0	
2.193816305748784e9	1.3800765073595657e9	8.137397983892183e8	50.0	0.0	0.0	0.04081632653061224	0.0	0.09262759924385633	1.0	0.0	0.7	2.0	
2.191593348104512e9	1.377926371359996e9	8.136669767445167e8	50.0	0.0	0.0	0.04081632653061224	0.0	0.09262759924385633	1.0	0.0	0.8	2.0	
2.189566812233021e9	1.37590885641888e9	8.136579558141406e8	49.0	1.0	0.0	0.04081632653061224	0.0	0.09262759924385633	1.0	0.0	0.9	2.0	
2.187730319685811e9	1.374013838843228e9	8.137164808425832e8	49.0	1.0	0.0	0.04081632653061224	0.0	0.09262759924385633	1.0	0.0	1.0	2.0	
