2.215868435254938e9	1.40004224135326e9	8.158261939016788e8	50.0	0.0	0.0	0.20408163265306123	0.2275064267352185	0.5444444444444444	10.0	0.018098945025340585	0.0	10.0	
2.211750763056742e9	1.3964041089707916e9	8.153466540859504e8	50.0	0.0	0.0	0.20408163265306123	0.2275064267352185	0.5444444444444444	10.0	0.018098945025340585	0.1	10.0	
2.2076503257584715e9	1.3927805876988406e9	8.148697380596312e8	50.0	0.0	0.0	0.20408163265306123	0.2275064267352185	0.5444444444444444	10.0	0.018098945025340585	0.2	10.0	
2.2035670267889175e9	1.3891715847365506e9	8.14395442052367e8	50.0	0.0	0.0	0.20408163265306123	0.2275064267352185	0.5444444444444444	10.0	0.018098945025340585	0.3	10.0	
2.1995007690161347e9	1.3855770048841157e9	8.139237641320188e8	50.0	0.0	0.0	0.20408163265306123	0.2275064267352185	0.5444444444444444	10.0	0.018098945025340585	0.4	10.0	
2.195451458583109e9	1.381996757951759e9	8.134547006313498e8	50.0	0.0	0.0	0.20408163265306123	0.2275064267352185	0.5444444444444444	10.0	0.018098945025340585	0.5	10.0	
2.191419003173734e9	1.378430755365091e9	8.12988247808643e8	50.0	0.0	0.0	0.20408163265306123	0.2275064267352185	0.5444444444444444	10.0	0.018098945025340585	0.6	10.0	
2.1874033099912405e9	1.3748789064588661e9	8.125244035323749e8	50.0	0.0	0.0	0.20408163265306123	0.2275064267352185	0.5444444444444444	10.0	0.018098945025340585	0.7	10.0	
2.1834042877870874e9	1.37134112215704e9	8.120631656300473e8	50.0	0.0	0.0	0.20408163265306123	0.2275064267352185	0.5444444444444444	10.0	0.018098945025340585	0.8	10.0	
2.179421847406241e9	1.3678173163177764e9	8.116045310884645e8	50.0	0.0	0.0	0.20408163265306123	0.2275064267352185	0.5444444444444444	10.0	0.018098945025340585	0.9	10.0	
2.1754559013688736e9	1.3643074047267303e9	8.111484966421429e8	50.0	0.0	0.0	0.20408163265306123	0.2275064267352185	0.5444444444444444	10.0	0.018098945025340585	1.0	10.0	
2.215868435254938e9	1.40004224135326e9	8.158261939016788e8	50.0	0.0	0.0	0.20408163265306123	0.22395613665120204	0.5157894736842106	9.0	0.0134886241944583	0.0	10.0	
2.2117510495820403e9	1.3964043274514751e9	8.153467221305654e8	50.0	0.0	0.0	0.20408163265306123	0.22395613665120204	0.5157894736842106	9.0	0.0134886241944583	0.1	10.0	
2.2076514585978913e9	1.3927814495698524e9	8.148700090280391e8	50.0	0.0	0.0	0.20408163265306123	0.22395613665120204	0.5157894736842106	9.0	0.0134886241944583	0.2	10.0	
2.2035695462540097e9	1.3891734972861152e9	8.143960489678948e8	50.0	0.0	0.0	0.20408163265306123	0.22395613665120204	0.5157894736842106	9.0	0.0134886241944583	0.3	10.0	
2.199505196342196e9	1.385580357918326e9	8.139248384238701e8	50.0	0.0	0.0	0.20408163265306123	0.22395613665120204	0.5157894736842106	9.0	0.0134886241944583	0.4	10.0	
2.1954582969134417e9	1.3820019252511923e9	8.134563716622496e8	50.0	0.0	0.0	0.20408163265306123	0.22395613665120204	0.5157894736842106	9.0	0.0134886241944583	0.5	10.0	
2.191428738268262e9	1.3784380953710856e9	8.12990642897176e8	50.0	0.0	0.0	0.20408163265306123	0.22395613665120204	0.5157894736842106	9.0	0.0134886241944583	0.6	10.0	
2.1874164087266817e9	1.3748887590655577e9	8.125276496611241e8	50.0	0.0	0.0	0.20408163265306123	0.22395613665120204	0.5157894736842106	9.0	0.0134886241944583	0.7	10.0	
2.1834212020652895e9	1.371353815545594e9	8.120673865196955e8	50.0	0.0	0.0	0.20408163265306123	0.22395613665120204	0.5157894736842106	9.0	0.0134886241944583	0.8	10.0	
2.179443012574841e9	1.367833163622833e9	8.116098489520077e8	50.0	0.0	0.0	0.20408163265306123	0.22395613665120204	0.5157894736842106	9.0	0.0134886241944583	0.9	10.0	
2.1754817362856956e9	1.3643267036413212e9	8.111550326443741e8	50.0	0.0	0.0	0.20408163265306123	0.22395613665120204	0.5157894736842106	9.0	0.0134886241944583	1.0	10.0	
2.215868435254938e9	1.40004224135326e9	8.158261939016788e8	50.0	0.0	0.0	0.20408163265306123	0.2137372013651877	0.550561797752809	11.0	0.0285346741472341	0.0	10.0	
2.211750526710552e9	1.3964039296661248e9	8.15346597044427e8	50.0	0.0	0.0	0.20408163265306123	0.2137372013651877	0.550561797752809	11.0	0.0285346741472341	0.1	10.0	
2.2076493903641257e9	1.3927798797333727e9	8.148695106307533e8	50.0	0.0	0.0	0.20408163265306123	0.2137372013651877	0.550561797752809	11.0	0.0285346741472341	0.2	10.0	
2.2035649442262073e9	1.3891700121223044e9	8.143949321039028e8	50.0	0.0	0.0	0.20408163265306123	0.2137372013651877	0.550561797752809	11.0	0.0285346741472341	0.3	10.0	
2.1994971051088443e9	1.3855742442336047e9	8.139228608752398e8	50.0	0.0	0.0	0.20408163265306123	0.2137372013651877	0.550561797752809	11.0	0.0285346741472341	0.4	10.0	
2.1954457931415367e9	1.3819924987714736e9	8.134532943700628e8	50.0	0.0	0.0	0.20408163265306123	0.2137372013651877	0.550561797752809	11.0	0.0285346741472341	0.5	10.0	
2.191410928819249e9	1.3784246983606834e9	8.129862304585657e8	50.0	0.0	0.0	0.20408163265306123	0.2137372013651877	0.550561797752809	11.0	0.0285346741472341	0.6	10.0	
2.1873924327228246e9	1.374870764670619e9	8.125216680522056e8	50.0	0.0	0.0	0.20408163265306123	0.2137372013651877	0.550561797752809	11.0	0.0285346741472341	0.7	10.0	
2.1833902260201807e9	1.371330619782189e9	8.120596062379916e8	50.0	0.0	0.0	0.20408163265306123	0.2137372013651877	0.550561797752809	11.0	0.0285346741472341	0.8	10.0	
2.1794042326983767e9	1.3678041901130958e9	8.116000425852811e8	50.0	0.0	0.0	0.20408163265306123	0.2137372013651877	0.550561797752809	11.0	0.0285346741472341	0.9	10.0	
2.1754343766455092e9	1.364291401292973e9	8.111429753525369e8	50.0	0.0	0.0	0.20408163265306123	0.2137372013651877	0.550561797752809	11.0	0.0285346741472341	1.0	10.0	
