2.215868435254938e9	1.40004224135326e9	8.158261939016788e8	50.0	0.0	0.0	0.12244897959183673	0.1124546553808948	0.4083333333333333	5.0	0.028032369203706154	0.0	7.0	
2.211760521538241e9	1.3964119797960825e9	8.153485417421589e8	50.0	0.0	0.0	0.12244897959183673	0.1124546553808948	0.4083333333333333	5.0	0.028032369203706154	0.1	7.0	
2.2076889120983963e9	1.3928116399210486e9	8.148772721773478e8	50.0	0.0	0.0	0.12244897959183673	0.1124546553808948	0.4083333333333333	5.0	0.028032369203706154	0.2	7.0	
2.2036528577853527e9	1.3892405007442408e9	8.144123570411123e8	50.0	0.0	0.0	0.12244897959183673	0.1124546553808948	0.4083333333333333	5.0	0.028032369203706154	0.3	7.0	
2.1996516365195627e9	1.3856978693559175e9	8.139537671636449e8	50.0	0.0	0.0	0.12244897959183673	0.1124546553808948	0.4083333333333333	5.0	0.028032369203706154	0.4	7.0	
2.1956845499030704e9	1.3821830756054113e9	8.135014742976589e8	50.0	0.0	0.0	0.12244897959183673	0.1124546553808948	0.4083333333333333	5.0	0.028032369203706154	0.5	7.0	
2.191750922661936e9	1.3786954725867171e9	8.130554500752184e8	50.0	0.0	0.0	0.12244897959183673	0.1124546553808948	0.4083333333333333	5.0	0.028032369203706154	0.6	7.0	
2.18785010289551e9	1.3752344373236156e9	8.126156655718946e8	50.0	0.0	0.0	0.12244897959183673	0.1124546553808948	0.4083333333333333	5.0	0.028032369203706154	0.7	7.0	
2.1839814587522407e9	1.371799364936723e9	8.121820938155175e8	50.0	0.0	0.0	0.12244897959183673	0.1124546553808948	0.4083333333333333	5.0	0.028032369203706154	0.8	7.0	
2.1801443809714303e9	1.3683896748528545e9	8.117547061185758e8	50.0	0.0	0.0	0.12244897959183673	0.1124546553808948	0.4083333333333333	5.0	0.028032369203706154	0.9	7.0	
2.176338279718727e9	1.3650048061915598e9	8.113334735271673e8	50.0	0.0	0.0	0.12244897959183673	0.1124546553808948	0.4083333333333333	5.0	0.028032369203706154	1.0	7.0	
2.215868435254938e9	1.40004224135326e9	8.158261939016788e8	50.0	0.0	0.0	0.12244897959183673	0.11363636363636363	0.4260869565217391	6.0	0.021339390248829023	0.0	7.0	
2.2117554370060287e9	1.3964078191800847e9	8.153476178259441e8	50.0	0.0	0.0	0.12244897959183673	0.11363636363636363	0.4260869565217391	6.0	0.021339390248829023	0.1	7.0	
2.207668818751811e9	1.3927952376112354e9	8.148735811405752e8	50.0	0.0	0.0	0.12244897959183673	0.11363636363636363	0.4260869565217391	6.0	0.021339390248829023	0.2	7.0	
2.20360818546816e9	1.3892041215732102e9	8.144040638949504e8	50.0	0.0	0.0	0.12244897959183673	0.11363636363636363	0.4260869565217391	6.0	0.021339390248829023	0.3	7.0	
2.199573155015251e9	1.385634110473645e9	8.13939044541606e8	50.0	0.0	0.0	0.12244897959183673	0.11363636363636363	0.4260869565217391	6.0	0.021339390248829023	0.4	7.0	
2.195563354927696e9	1.3820848523542194e9	8.134785025734767e8	50.0	0.0	0.0	0.12244897959183673	0.11363636363636363	0.4260869565217391	6.0	0.021339390248829023	0.5	7.0	
2.1915784239419146e9	1.378556007105112e9	8.130224168368028e8	50.0	0.0	0.0	0.12244897959183673	0.11363636363636363	0.4260869565217391	6.0	0.021339390248829023	0.6	7.0	
2.1876180096884174e9	1.3750472421106126e9	8.125707675778052e8	50.0	0.0	0.0	0.12244897959183673	0.11363636363636363	0.4260869565217391	6.0	0.021339390248829023	0.7	7.0	
2.183681770389765e9	1.3715582369808192e9	8.12123533408946e8	50.0	0.0	0.0	0.12244897959183673	0.11363636363636363	0.4260869565217391	6.0	0.021339390248829023	0.8	7.0	
2.1797693722711596e9	1.3680886777070634e9	8.116806945640962e8	50.0	0.0	0.0	0.12244897959183673	0.11363636363636363	0.4260869565217391	6.0	0.021339390248829023	0.9	7.0	
2.175880491511619e9	1.3646382608562112e9	8.112422306554077e8	50.0	0.0	0.0	0.12244897959183673	0.11363636363636363	0.4260869565217391	6.0	0.021339390248829023	1.0	7.0	
2.215868435254938e9	1.40004224135326e9	8.158261939016788e8	50.0	0.0	0.0	0.12244897959183673	0.16770186335403728	0.4117647058823529	5.0	0.017413475130311867	0.0	7.0	
2.2117579914641776e9	1.3964098604563823e9	8.153481310077953e8	50.0	0.0	0.0	0.12244897959183673	0.16770186335403728	0.4117647058823529	5.0	0.017413475130311867	0.1	7.0	
2.2076788766353974e9	1.3928032509012725e9	8.14875625734125e8	50.0	0.0	0.0	0.12244897959183673	0.16770186335403728	0.4117647058823529	5.0	0.017413475130311867	0.2	7.0	
2.203630464326682e9	1.3892218191119933e9	8.144086452146888e8	50.0	0.0	0.0	0.12244897959183673	0.16770186335403728	0.4117647058823529	5.0	0.017413475130311867	0.3	7.0	
2.1996121509281664e9	1.3856649959649363e9	8.139471549632299e8	50.0	0.0	0.0	0.12244897959183673	0.16770186335403728	0.4117647058823529	5.0	0.017413475130311867	0.4	7.0	
2.195623351931152e9	1.3821322304416976e9	8.134911214894545e8	50.0	0.0	0.0	0.12244897959183673	0.16770186335403728	0.4117647058823529	5.0	0.017413475130311867	0.5	7.0	
2.191663502515561e9	1.3786229916901076e9	8.130405108254538e8	50.0	0.0	0.0	0.12244897959183673	0.16770186335403728	0.4117647058823529	5.0	0.017413475130311867	0.6	7.0	
2.187732056349971e9	1.3751367673679538e9	8.12595288982017e8	50.0	0.0	0.0	0.12244897959183673	0.16770186335403728	0.4117647058823529	5.0	0.017413475130311867	0.7	7.0	
2.183828484389262e9	1.371673062039672e9	8.121554223495905e8	50.0	0.0	0.0	0.12244897959183673	0.16770186335403728	0.4117647058823529	5.0	0.017413475130311867	0.8	7.0	
2.1799522754361186e9	1.3682313987059648e9	8.117208767301539e8	50.0	0.0	0.0	0.12244897959183673	0.16770186335403728	0.4117647058823529	5.0	0.017413475130311867	0.9	7.0	
2.176102935300957e9	1.364811317695493e9	8.112916176054645e8	50.0	0.0	0.0	0.12244897959183673	0.16770186335403728	0.4117647058823529	5.0	0.017413475130311867	1.0	7.0	
