2.215868435254938e9	1.40004224135326e9	8.158261939016788e8	50.0	0.0	0.0	0.08163265306122448	0.1	0.3333333333333333	4.0	0.028419275358050868	0.0	5.0	
2.2117741232423363e9	1.3964234188570533e9	8.153507043852828e8	50.0	0.0	0.0	0.08163265306122448	0.1	0.3333333333333333	4.0	0.028419275358050868	0.1	5.0	
2.2077426619453926e9	1.3928567361472092e9	8.148859257981832e8	50.0	0.0	0.0	0.08163265306122448	0.1	0.3333333333333333	4.0	0.028419275358050868	0.2	5.0	
2.2037723579899693e9	1.3893405228931546e9	8.144318350968145e8	50.0	0.0	0.0	0.08163265306122448	0.1	0.3333333333333333	4.0	0.028419275358050868	0.3	5.0	
2.1998615945336533e9	1.3858731830499434e9	8.139884114837093e8	50.0	0.0	0.0	0.08163265306122448	0.1	0.3333333333333333	4.0	0.028419275358050868	0.4	5.0	
2.196008826100867e9	1.382453189613246e9	8.135556364876208e8	50.0	0.0	0.0	0.08163265306122448	0.1	0.3333333333333333	4.0	0.028419275358050868	0.5	5.0	
2.192212575101579e9	1.379079081053701e9	8.131334940478783e8	50.0	0.0	0.0	0.08163265306122448	0.1	0.3333333333333333	4.0	0.028419275358050868	0.6	5.0	
2.1884714290029144e9	1.3757494585634835e9	8.12721970439431e8	50.0	0.0	0.0	0.08163265306122448	0.1	0.3333333333333333	4.0	0.028419275358050868	0.7	5.0	
2.184784036546605e9	1.3724629839843163e9	8.123210525622892e8	50.0	0.0	0.0	0.08163265306122448	0.1	0.3333333333333333	4.0	0.028419275358050868	0.8	5.0	
2.1811491039702106e9	1.3692183740960917e9	8.119307298741188e8	50.0	0.0	0.0	0.08163265306122448	0.1	0.3333333333333333	4.0	0.028419275358050868	0.9	5.0	
2.17756539316025e9	1.366014400437722e9	8.115509927225281e8	50.0	0.0	0.0	0.08163265306122448	0.1	0.3333333333333333	4.0	0.028419275358050868	1.0	5.0	
2.215868435254938e9	1.40004224135326e9	8.158261939016788e8	50.0	0.0	0.0	0.08163265306122448	0.15976331360946747	0.3202614379084967	4.0	0.038502186588921274	0.0	5.0	
2.21177767574162e9	1.3964264415313754e9	8.153512342102449e8	50.0	0.0	0.0	0.08163265306122448	0.15976331360946747	0.3202614379084967	4.0	0.038502186588921274	0.1	5.0	
2.2077566999086914e9	1.392868648364101e9	8.148880515445901e8	50.0	0.0	0.0	0.08163265306122448	0.15976331360946747	0.3202614379084967	4.0	0.038502186588921274	0.2	5.0	
2.2038035678751554e9	1.3893669346466355e9	8.144366332285199e8	50.0	0.0	0.0	0.08163265306122448	0.15976331360946747	0.3202614379084967	4.0	0.038502186588921274	0.3	5.0	
2.199916429884362e9	1.385919459331745e9	8.139969705526172e8	50.0	0.0	0.0	0.08163265306122448	0.15976331360946747	0.3202614379084967	4.0	0.038502186588921274	0.4	5.0	
2.196093520552127e9	1.3825244622277215e9	8.135690583244056e8	50.0	0.0	0.0	0.08163265306122448	0.15976331360946747	0.3202614379084967	4.0	0.038502186588921274	0.5	5.0	
2.192333156022614e9	1.3791802610041568e9	8.131528950184567e8	50.0	0.0	0.0	0.08163265306122448	0.15976331360946747	0.3202614379084967	4.0	0.038502186588921274	0.6	5.0	
2.1886337287034216e9	1.3758852463926013e9	8.127484823108203e8	50.0	0.0	0.0	0.08163265306122448	0.15976331360946747	0.3202614379084967	4.0	0.038502186588921274	0.7	5.0	
2.184993702658122e9	1.372637878395033e9	8.123558242630897e8	50.0	0.0	0.0	0.08163265306122448	0.15976331360946747	0.3202614379084967	4.0	0.038502186588921274	0.8	5.0	
2.1814116114392776e9	1.3694366834128628e9	8.119749280264145e8	50.0	0.0	0.0	0.08163265306122448	0.15976331360946747	0.3202614379084967	4.0	0.038502186588921274	0.9	5.0	
2.177886054308382e9	1.3662802501112719e9	8.116058041971103e8	50.0	0.0	0.0	0.08163265306122448	0.15976331360946747	0.3202614379084967	4.0	0.038502186588921274	1.0	5.0	
2.215868435254938e9	1.40004224135326e9	8.158261939016788e8	50.0	0.0	0.0	0.08163265306122448	0.07894736842105263	0.34265734265734266	3.0	0.016280301803260986	0.0	5.0	
2.211780591244479e9	1.3964285561520658e9	8.153520350924134e8	50.0	0.0	0.0	0.08163265306122448	0.07894736842105263	0.34265734265734266	3.0	0.016280301803260986	0.1	5.0	
2.2077677358656845e9	1.392876498046161e9	8.148912378195235e8	50.0	0.0	0.0	0.08163265306122448	0.07894736842105263	0.34265734265734266	3.0	0.016280301803260986	0.2	5.0	
2.203827048130213e9	1.3893832844788208e9	8.14443763651392e8	50.0	0.0	0.0	0.08163265306122448	0.07894736842105263	0.34265734265734266	3.0	0.016280301803260986	0.3	5.0	
2.1999558674269943e9	1.38594628966833e9	8.140095777586646e8	50.0	0.0	0.0	0.08163265306122448	0.07894736842105263	0.34265734265734266	3.0	0.016280301803260986	0.4	5.0	
2.196151683038677e9	1.3825630346314516e9	8.135886484072254e8	50.0	0.0	0.0	0.08163265306122448	0.07894736842105263	0.34265734265734266	3.0	0.016280301803260986	0.5	5.0	
2.1924121253429956e9	1.3792311785800953e9	8.131809467629001e8	50.0	0.0	0.0	0.08163265306122448	0.07894736842105263	0.34265734265734266	3.0	0.016280301803260986	0.6	5.0	
2.1887349536250353e9	1.3759485088396363e9	8.127864447853987e8	50.0	0.0	0.0	0.08163265306122448	0.07894736842105263	0.34265734265734266	3.0	0.016280301803260986	0.7	5.0	
2.185118051917817e9	1.3727129353965993e9	8.124051165212176e8	50.0	0.0	0.0	0.08163265306122448	0.07894736842105263	0.34265734265734266	3.0	0.016280301803260986	0.8	5.0	
2.181559412698128e9	1.3695224773743308e9	8.120369353237972e8	50.0	0.0	0.0	0.08163265306122448	0.07894736842105263	0.34265734265734266	3.0	0.016280301803260986	0.9	5.0	
2.178057139707818e9	1.3663752632375813e9	8.116818764702367e8	50.0	0.0	0.0	0.08163265306122448	0.07894736842105263	0.34265734265734266	3.0	0.016280301803260986	1.0	5.0	
