2.215868435254938e9	1.40004224135326e9	8.158261939016788e8	50.0	0.0	0.0	0.24489795918367346	0.27137870855148344	0.5697674418604651	13.0	0.017703448772626026	0.0	12.0	
2.2117502740774207e9	1.3964037400995712e9	8.153465339778497e8	50.0	0.0	0.0	0.24489795918367346	0.27137870855148344	0.5697674418604651	13.0	0.017703448772626026	0.1	12.0	
2.207648389968856e9	1.3927791307196367e9	8.14869259249219e8	50.0	0.0	0.0	0.24489795918367346	0.27137870855148344	0.5697674418604651	13.0	0.017703448772626026	0.2	12.0	
2.2035627158905997e9	1.3891683474527233e9	8.143943684378762e8	50.0	0.0	0.0	0.24489795918367346	0.27137870855148344	0.5697674418604651	13.0	0.017703448772626026	0.3	12.0	
2.1994931840649967e9	1.3855713227157686e9	8.139218613492284e8	50.0	0.0	0.0	0.24489795918367346	0.27137870855148344	0.5697674418604651	13.0	0.017703448772626026	0.4	12.0	
2.195439727745874e9	1.3819879900807476e9	8.134517376651268e8	50.0	0.0	0.0	0.24489795918367346	0.27137870855148344	0.5697674418604651	13.0	0.017703448772626026	0.5	12.0	
2.1914022820321274e9	1.378418286252575e9	8.129839957795525e8	50.0	0.0	0.0	0.24489795918367346	0.27137870855148344	0.5697674418604651	13.0	0.017703448772626026	0.6	12.0	
2.187380779792739e9	1.3748621429675517e9	8.125186368251876e8	50.0	0.0	0.0	0.24489795918367346	0.27137870855148344	0.5697674418604651	13.0	0.017703448772626026	0.7	12.0	
2.1833751568234625e9	1.3713194969687343e9	8.12055659854728e8	50.0	0.0	0.0	0.24489795918367346	0.27137870855148344	0.5697674418604651	13.0	0.017703448772626026	0.8	12.0	
2.1793853493155694e9	1.3677902853683338e9	8.115950639472356e8	50.0	0.0	0.0	0.24489795918367346	0.27137870855148344	0.5697674418604651	13.0	0.017703448772626026	0.9	12.0	
2.1754112939714675e9	1.3642744455565972e9	8.111368484148704e8	50.0	0.0	0.0	0.24489795918367346	0.27137870855148344	0.5697674418604651	13.0	0.017703448772626026	1.0	12.0	
2.215868435254938e9	1.40004224135326e9	8.158261939016788e8	50.0	0.0	0.0	0.24489795918367346	0.25227072956343394	0.5384615384615384	9.0	0.009152592215055344	0.0	12.0	
2.2117508267880926e9	1.3964041520379066e9	8.153466747501857e8	50.0	0.0	0.0	0.24489795918367346	0.25227072956343394	0.5384615384615384	9.0	0.009152592215055344	0.1	12.0	
2.207650573527212e9	1.392780753822869e9	8.148698197043431e8	50.0	0.0	0.0	0.24489795918367346	0.25227072956343394	0.5384615384615384	9.0	0.009152592215055344	0.2	12.0	
2.2035675683500314e9	1.3891719448736608e9	8.143956234763706e8	50.0	0.0	0.0	0.24489795918367346	0.25227072956343394	0.5384615384615384	9.0	0.009152592215055344	0.3	12.0	
2.19950170382168e9	1.3855776209727721e9	8.139240828489077e8	50.0	0.0	0.0	0.24489795918367346	0.25227072956343394	0.5384615384615384	9.0	0.009152592215055344	0.4	12.0	
2.1954528763904266e9	1.3819976838162043e9	8.134551925742222e8	50.0	0.0	0.0	0.24489795918367346	0.25227072956343394	0.5384615384615384	9.0	0.009152592215055344	0.5	12.0	
2.191420984457569e9	1.3784320370031462e9	8.129889474544232e8	50.0	0.0	0.0	0.24489795918367346	0.25227072956343394	0.5384615384615384	9.0	0.009152592215055344	0.6	12.0	
2.1874059255535383e9	1.3748805810579934e9	8.125253444955456e8	50.0	0.0	0.0	0.24489795918367346	0.25227072956343394	0.5384615384615384	9.0	0.009152592215055344	0.7	12.0	
2.1834075998588786e9	1.3713432197180471e9	8.120643801408315e8	50.0	0.0	0.0	0.24489795918367346	0.25227072956343394	0.5384615384615384	9.0	0.009152592215055344	0.8	12.0	
2.179425910228336e9	1.3678198606678178e9	8.116060495605183e8	50.0	0.0	0.0	0.24489795918367346	0.25227072956343394	0.5384615384615384	9.0	0.009152592215055344	0.9	12.0	
2.175460761246387e9	1.3643104131280258e9	8.111503481183612e8	50.0	0.0	0.0	0.24489795918367346	0.25227072956343394	0.5384615384615384	9.0	0.009152592215055344	1.0	12.0	
2.215868435254938e9	1.40004224135326e9	8.158261939016788e8	50.0	0.0	0.0	0.24489795918367346	0.2726473175021988	0.5568181818181818	11.0	0.010243385974502433	0.0	12.0	
2.2117505073983207e9	1.3964039143874269e9	8.153465930108936e8	50.0	0.0	0.0	0.24489795918367346	0.2726473175021988	0.5568181818181818	11.0	0.010243385974502433	0.1	12.0	
2.207649313554043e9	1.3927798190133824e9	8.148694945406607e8	50.0	0.0	0.0	0.24489795918367346	0.2726473175021988	0.5568181818181818	11.0	0.010243385974502433	0.2	12.0	
2.203564772305928e9	1.3891698763053582e9	8.1439489600057e8	50.0	0.0	0.0	0.24489795918367346	0.2726473175021988	0.5568181818181818	11.0	0.010243385974502433	0.3	12.0	
2.199496801312022e9	1.385574004720348e9	8.139227965916741e8	50.0	0.0	0.0	0.24489795918367346	0.2726473175021988	0.5568181818181818	11.0	0.010243385974502433	0.4	12.0	
2.1954453209469786e9	1.3819921268190804e9	8.134531941278987e8	50.0	0.0	0.0	0.24489795918367346	0.2726473175021988	0.5568181818181818	11.0	0.010243385974502433	0.5	12.0	
2.1914102527616067e9	1.378424166702376e9	8.129860860592306e8	50.0	0.0	0.0	0.24489795918367346	0.2726473175021988	0.5568181818181818	11.0	0.010243385974502433	0.6	12.0	
2.187391517710776e9	1.3748700461978555e9	8.125214715129203e8	50.0	0.0	0.0	0.24489795918367346	0.2726473175021988	0.5568181818181818	11.0	0.010243385974502433	0.7	12.0	
2.1833890372670064e9	1.3713296874123409e9	8.120593498546655e8	50.0	0.0	0.0	0.24489795918367346	0.2726473175021988	0.5568181818181818	11.0	0.010243385974502433	0.8	12.0	
2.179402736258152e9	1.3678030178297071e9	8.115997184284446e8	50.0	0.0	0.0	0.24489795918367346	0.2726473175021988	0.5568181818181818	11.0	0.010243385974502433	0.9	12.0	
2.1754325390612707e9	1.364289963500688e9	8.111425755605825e8	50.0	0.0	0.0	0.24489795918367346	0.2726473175021988	0.5568181818181818	11.0	0.010243385974502433	1.0	12.0	
