2.215868435254938e9	1.40004224135326e9	8.158261939016788e8	50.0	0.0	0.0	0.16326530612244897	0.21310344827586206	0.5212765957446809	11.0	0.04986286694720068	0.0	8.0	
2.2117510948344035e9	1.396404387711429e9	8.153467071229743e8	50.0	0.0	0.0	0.16326530612244897	0.21310344827586206	0.5212765957446809	11.0	0.04986286694720068	0.1	8.0	
2.207651651522247e9	1.3927817006654706e9	8.148699508567761e8	50.0	0.0	0.0	0.16326530612244897	0.21310344827586206	0.5212765957446809	11.0	0.04986286694720068	0.2	8.0	
2.2035700058035183e9	1.389174082786006e9	8.143959230175118e8	50.0	0.0	0.0	0.16326530612244897	0.21310344827586206	0.5212765957446809	11.0	0.04986286694720068	0.3	8.0	
2.1995060587334256e9	1.3855814365616627e9	8.139246221717628e8	50.0	0.0	0.0	0.16326530612244897	0.21310344827586206	0.5212765957446809	11.0	0.04986286694720068	0.4	8.0	
2.195459714010517e9	1.3820036682541828e9	8.134560457563345e8	50.0	0.0	0.0	0.16326530612244897	0.21310344827586206	0.5212765957446809	11.0	0.04986286694720068	0.5	8.0	
2.1914308756885014e9	1.3784406837881172e9	8.129901919003842e8	50.0	0.0	0.0	0.16326530612244897	0.21310344827586206	0.5212765957446809	11.0	0.04986286694720068	0.6	8.0	
2.1874194494740167e9	1.3748923909158642e9	8.125270585581527e8	50.0	0.0	0.0	0.16326530612244897	0.21310344827586206	0.5212765957446809	11.0	0.04986286694720068	0.7	8.0	
2.183425341083567e9	1.371358696469976e9	8.120666446135912e8	50.0	0.0	0.0	0.16326530612244897	0.21310344827586206	0.5212765957446809	11.0	0.04986286694720068	0.8	8.0	
2.1794484587791376e9	1.3678395108498929e9	8.11608947929245e8	50.0	0.0	0.0	0.16326530612244897	0.21310344827586206	0.5212765957446809	11.0	0.04986286694720068	0.9	8.0	
2.175488710676903e9	1.3643347435468528e9	8.111539671300497e8	50.0	0.0	0.0	0.16326530612244897	0.21310344827586206	0.5212765957446809	11.0	0.04986286694720068	1.0	8.0	
2.215868435254938e9	1.40004224135326e9	8.158261939016788e8	50.0	0.0	0.0	0.16326530612244897	0.16041666666666668	0.5	9.0	0.030921475141399958	0.0	8.0	
2.2117513765626335e9	1.396404588037148e9	8.153467885254854e8	50.0	0.0	0.0	0.16326530612244897	0.16041666666666668	0.5	9.0	0.030921475141399958	0.1	8.0	
2.207652758239129e9	1.392782483856277e9	8.148702743828521e8	50.0	0.0	0.0	0.16326530612244897	0.16041666666666668	0.5	9.0	0.030921475141399958	0.2	8.0	
2.203572451447149e9	1.3891758054727538e9	8.14396645974395e8	50.0	0.0	0.0	0.16326530612244897	0.16041666666666668	0.5	9.0	0.030921475141399958	0.3	8.0	
2.1995103287456665e9	1.3855844299670806e9	8.139258987785864e8	50.0	0.0	0.0	0.16326530612244897	0.16041666666666668	0.5	9.0	0.030921475141399958	0.4	8.0	
2.1954662660440755e9	1.3820082390286107e9	8.134580270154648e8	50.0	0.0	0.0	0.16326530612244897	0.16041666666666668	0.5	9.0	0.030921475141399958	0.5	8.0	
2.191440141098301e9	1.3784471155559626e9	8.129930255423383e8	50.0	0.0	0.0	0.16326530612244897	0.16041666666666668	0.5	9.0	0.030921475141399958	0.6	8.0	
2.1874318334757314e9	1.3749009443368075e9	8.125308891389239e8	50.0	0.0	0.0	0.16326530612244897	0.16041666666666668	0.5	9.0	0.030921475141399958	0.7	8.0	
2.183441224145249e9	1.3713696105460901e9	8.120716135991585e8	50.0	0.0	0.0	0.16326530612244897	0.16041666666666668	0.5	9.0	0.030921475141399958	0.8	8.0	
2.1794681966053867e9	1.367853002569626e9	8.116151940357609e8	50.0	0.0	0.0	0.16326530612244897	0.16041666666666668	0.5	9.0	0.030921475141399958	0.9	8.0	
2.175512636064925e9	1.3643510103847606e9	8.111616256801648e8	50.0	0.0	0.0	0.16326530612244897	0.16041666666666668	0.5	9.0	0.030921475141399958	1.0	8.0	
2.215868435254938e9	1.40004224135326e9	8.158261939016788e8	50.0	0.0	0.0	0.16326530612244897	0.21300597213005973	0.4336283185840708	5.0	0.006583228043687227	0.0	8.0	
2.211756653840889e9	1.39640874411566e9	8.153479097252288e8	50.0	0.0	0.0	0.16326530612244897	0.21300597213005973	0.4336283185840708	5.0	0.006583228043687227	0.1	8.0	
2.2076735659860845e9	1.3927988269259899e9	8.148747390600948e8	50.0	0.0	0.0	0.16326530612244897	0.21300597213005973	0.4336283185840708	5.0	0.006583228043687227	0.2	8.0	
2.203618603396599e9	1.389211956859024e9	8.144066465375749e8	50.0	0.0	0.0	0.16326530612244897	0.21300597213005973	0.4336283185840708	5.0	0.006583228043687227	0.3	8.0	
2.1995912180935607e9	1.3856476225204754e9	8.139435955730855e8	50.0	0.0	0.0	0.16326530612244897	0.21300597213005973	0.4336283185840708	5.0	0.006583228043687227	0.4	8.0	
2.1955908800499897e9	1.382105330310237e9	8.134855497397528e8	50.0	0.0	0.0	0.16326530612244897	0.21300597213005973	0.4336283185840708	5.0	0.006583228043687227	0.5	8.0	
2.191617076301277e9	1.3785846033490906e9	8.130324729521871e8	50.0	0.0	0.0	0.16326530612244897	0.21300597213005973	0.4336283185840708	5.0	0.006583228043687227	0.6	8.0	
2.187669310653831e9	1.375084981644671e9	8.125843290091598e8	50.0	0.0	0.0	0.16326530612244897	0.21300597213005973	0.4336283185840708	5.0	0.006583228043687227	0.7	8.0	
2.1837471036623397e9	1.371606022635202e9	8.121410810271378e8	50.0	0.0	0.0	0.16326530612244897	0.21300597213005973	0.4336283185840708	5.0	0.006583228043687227	0.8	8.0	
2.1798499906508365e9	1.3681472977261178e9	8.117026929247189e8	50.0	0.0	0.0	0.16326530612244897	0.21300597213005973	0.4336283185840708	5.0	0.006583228043687227	0.9	8.0	
2.175977523015031e9	1.3647083954099398e9	8.112691276050909e8	50.0	0.0	0.0	0.16326530612244897	0.21300597213005973	0.4336283185840708	5.0	0.006583228043687227	1.0	8.0	
