2.215868435254938e9	1.40004224135326e9	8.158261939016788e8	50.0	0.0	0.0	0.12244897959183673	0.17493796526054592	0.4049586776859504	5.0	0.013070562751685198	0.0	6.0	
2.2117597908655734e9	1.396411356752186e9	8.153484341133873e8	50.0	0.0	0.0	0.12244897959183673	0.17493796526054592	0.4049586776859504	5.0	0.013070562751685198	0.1	6.0	
2.2076860118825045e9	1.392809171809019e9	8.148768400734853e8	50.0	0.0	0.0	0.12244897959183673	0.17493796526054592	0.4049586776859504	5.0	0.013070562751685198	0.2	6.0	
2.203646380933435e9	1.3892349990251498e9	8.144113819082851e8	50.0	0.0	0.0	0.12244897959183673	0.17493796526054592	0.4049586776859504	5.0	0.013070562751685198	0.3	6.0	
2.1996402068736544e9	1.3856881785492616e9	8.139520283243926e8	50.0	0.0	0.0	0.12244897959183673	0.17493796526054592	0.4049586776859504	5.0	0.013070562751685198	0.4	6.0	
2.195666821320321e9	1.3821680726477914e9	8.134987486725293e8	50.0	0.0	0.0	0.12244897959183673	0.17493796526054592	0.4049586776859504	5.0	0.013070562751685198	0.5	6.0	
2.1917255778514967e9	1.378674065395669e9	8.13051512455828e8	50.0	0.0	0.0	0.12244897959183673	0.17493796526054592	0.4049586776859504	5.0	0.013070562751685198	0.6	6.0	
2.1878158513595476e9	1.375205562353631e9	8.126102890059164e8	50.0	0.0	0.0	0.12244897959183673	0.17493796526054592	0.4049586776859504	5.0	0.013070562751685198	0.7	6.0	
2.1839370375915527e9	1.3717619898808386e9	8.121750477107143e8	50.0	0.0	0.0	0.12244897959183673	0.17493796526054592	0.4049586776859504	5.0	0.013070562751685198	0.8	6.0	
2.180088552409409e9	1.3683427945820546e9	8.117457578273546e8	50.0	0.0	0.0	0.12244897959183673	0.17493796526054592	0.4049586776859504	5.0	0.013070562751685198	0.9	6.0	
2.176269830915236e9	1.36494744296506e9	8.113223879501761e8	50.0	0.0	0.0	0.12244897959183673	0.17493796526054592	0.4049586776859504	5.0	0.013070562751685198	1.0	6.0	
2.215868435254938e9	1.40004224135326e9	8.158261939016788e8	50.0	0.0	0.0	0.12244897959183673	0.11538461538461539	0.3951612903225806	5.0	0.02177498073543992	0.0	6.0	
2.211760034938035e9	1.3964115773643851e9	8.153484575736501e8	50.0	0.0	0.0	0.12244897959183673	0.11538461538461539	0.3951612903225806	5.0	0.02177498073543992	0.1	6.0	
2.207686989185933e9	1.3928100548455963e9	8.148769343403368e8	50.0	0.0	0.0	0.12244897959183673	0.11538461538461539	0.3951612903225806	5.0	0.02177498073543992	0.2	6.0	
2.203648582129878e9	1.389236987144002e9	8.144115949858763e8	50.0	0.0	0.0	0.12244897959183673	0.11538461538461539	0.3951612903225806	5.0	0.02177498073543992	0.3	6.0	
2.1996441237861643e9	1.3856917146115518e9	8.139524091746125e8	50.0	0.0	0.0	0.12244897959183673	0.11538461538461539	0.3951612903225806	5.0	0.02177498073543992	0.4	6.0	
2.195672947150796e9	1.382173600043361e9	8.134993471074347e8	50.0	0.0	0.0	0.12244897959183673	0.11538461538461539	0.3951612903225806	5.0	0.02177498073543992	0.5	6.0	
2.191734407283383e9	1.3786820281773362e9	8.130523791060462e8	50.0	0.0	0.0	0.12244897959183673	0.11538461538461539	0.3951612903225806	5.0	0.02177498073543992	0.6	6.0	
2.187827880089509e9	1.375216404392623e9	8.126114756968858e8	50.0	0.0	0.0	0.12244897959183673	0.11538461538461539	0.3951612903225806	5.0	0.02177498073543992	0.7	6.0	
2.183952762555371e9	1.3717761552075129e9	8.121766073478578e8	50.0	0.0	0.0	0.12244897959183673	0.11538461538461539	0.3951612903225806	5.0	0.02177498073543992	0.8	6.0	
2.180108472105223e9	1.3683607280361114e9	8.11747744069112e8	50.0	0.0	0.0	0.12244897959183673	0.11538461538461539	0.3951612903225806	5.0	0.02177498073543992	0.9	6.0	
2.1762944450726004e9	1.364969589068184e9	8.113248560044161e8	50.0	0.0	0.0	0.12244897959183673	0.11538461538461539	0.3951612903225806	5.0	0.02177498073543992	1.0	6.0	
2.215868435254938e9	1.40004224135326e9	8.158261939016788e8	50.0	0.0	0.0	0.12244897959183673	0.12237330037082818	0.4375	7.0	0.03627154860796344	0.0	6.0	
2.2117544685511723e9	1.3964070810085678e9	8.153473875426049e8	50.0	0.0	0.0	0.12244897959183673	0.12237330037082818	0.4375	7.0	0.03627154860796344	0.1	6.0	
2.207665018426815e9	1.3927923527207685e9	8.148726657060468e8	50.0	0.0	0.0	0.12244897959183673	0.12237330037082818	0.4375	7.0	0.03627154860796344	0.2	6.0	
2.2035997961744947e9	1.3891977787861261e9	8.144020173883687e8	50.0	0.0	0.0	0.12244897959183673	0.12237330037082818	0.4375	7.0	0.03627154860796344	0.3	6.0	
2.199558522010146e9	1.3856230922183967e9	8.139354297917495e8	50.0	0.0	0.0	0.12244897959183673	0.12237330037082818	0.4375	7.0	0.03627154860796344	0.4	6.0	
2.1955409219865394e9	1.3820680306901402e9	8.134728912963991e8	50.0	0.0	0.0	0.12244897959183673	0.12237330037082818	0.4375	7.0	0.03627154860796344	0.5	6.0	
2.1915467285467806e9	1.3785323383378022e9	8.130143902089782e8	50.0	0.0	0.0	0.12244897959183673	0.12237330037082818	0.4375	7.0	0.03627154860796344	0.6	6.0	
2.187575679993581e9	1.375015765119777e9	8.125599148738036e8	50.0	0.0	0.0	0.12244897959183673	0.12237330037082818	0.4375	7.0	0.03627154860796344	0.7	6.0	
2.183627520478428e9	1.3715180663353572e9	8.121094541430708e8	50.0	0.0	0.0	0.12244897959183673	0.12237330037082818	0.4375	7.0	0.03627154860796344	0.8	6.0	
2.179702000888689e9	1.3680390043830853e9	8.116629965056039e8	50.0	0.0	0.0	0.12244897959183673	0.12237330037082818	0.4375	7.0	0.03627154860796344	0.9	6.0	
2.175798876976115e9	1.364578346052116e9	8.112205309239998e8	50.0	0.0	0.0	0.12244897959183673	0.12237330037082818	0.4375	7.0	0.03627154860796344	1.0	6.0	
