2.215868435254938e9	1.40004224135326e9	8.158261939016788e8	50.0	0.0	0.0	0.20408163265306123	0.2245781047165729	0.5444444444444444	11.0	0.020109460978308517	0.0	11.0	
2.211750659719077e9	1.3964040339068356e9	8.153466258122418e8	50.0	0.0	0.0	0.20408163265306123	0.2245781047165729	0.5444444444444444	11.0	0.020109460978308517	0.1	11.0	
2.207649919008504e9	1.3927802932641735e9	8.148696257443302e8	50.0	0.0	0.0	0.20408163265306123	0.2245781047165729	0.5444444444444444	11.0	0.020109460978308517	0.2	11.0	
2.203566126620859e9	1.3891709358200083e9	8.143951908008511e8	50.0	0.0	0.0	0.20408163265306123	0.2245781047165729	0.5444444444444444	11.0	0.020109460978308517	0.3	11.0	
2.1994991943211126e9	1.3855758737820077e9	8.139233205391045e8	50.0	0.0	0.0	0.20408163265306123	0.2245781047165729	0.5444444444444444	11.0	0.020109460978308517	0.4	11.0	
2.1954490379527235e9	1.3819950259607995e9	8.134540119919238e8	50.0	0.0	0.0	0.20408163265306123	0.2245781047165729	0.5444444444444444	11.0	0.020109460978308517	0.5	11.0	
2.1914155735061426e9	1.3784283106326303e9	8.129872628735124e8	50.0	0.0	0.0	0.20408163265306123	0.2245781047165729	0.5444444444444444	11.0	0.020109460978308517	0.6	11.0	
2.187398717588642e9	1.3748756460917146e9	8.125230714969277e8	50.0	0.0	0.0	0.20408163265306123	0.2245781047165729	0.5444444444444444	11.0	0.020109460978308517	0.7	11.0	
2.183398387029114e9	1.3713369502772455e9	8.120614367518678e8	50.0	0.0	0.0	0.20408163265306123	0.2245781047165729	0.5444444444444444	11.0	0.020109460978308517	0.8	11.0	
2.1794145007557626e9	1.36781214385634e9	8.116023568994224e8	50.0	0.0	0.0	0.20408163265306123	0.2245781047165729	0.5444444444444444	11.0	0.020109460978308517	0.9	11.0	
2.175446979038706e9	1.3643011496413903e9	8.111458293973156e8	50.0	0.0	0.0	0.20408163265306123	0.2245781047165729	0.5444444444444444	11.0	0.020109460978308517	1.0	11.0	
2.215868435254938e9	1.40004224135326e9	8.158261939016788e8	50.0	0.0	0.0	0.20408163265306123	0.21748400852878466	0.5444444444444444	12.0	0.028766947937675445	0.0	11.0	
2.211750414340941e9	1.396403846172236e9	8.153465681687049e8	50.0	0.0	0.0	0.20408163265306123	0.21748400852878466	0.5444444444444444	12.0	0.028766947937675445	0.1	11.0	
2.2076489461715603e9	1.3927795505161757e9	8.148693956553848e8	50.0	0.0	0.0	0.20408163265306123	0.21748400852878466	0.5444444444444444	12.0	0.028766947937675445	0.2	11.0	
2.203563956535816e9	1.3891692820307643e9	8.143946745050519e8	50.0	0.0	0.0	0.20408163265306123	0.21748400852878466	0.5444444444444444	12.0	0.028766947937675445	0.3	11.0	
2.199495369956252e9	1.3855729652702665e9	8.139224046859853e8	50.0	0.0	0.0	0.20408163265306123	0.21748400852878466	0.5444444444444444	12.0	0.028766947937675445	0.4	11.0	
2.1954431136592484e9	1.3819905290656662e9	8.134525845935824e8	50.0	0.0	0.0	0.20408163265306123	0.21748400852878466	0.5444444444444444	12.0	0.028766947937675445	0.5	11.0	
2.191407115719448e9	1.3784219033429127e9	8.129852123765352e8	50.0	0.0	0.0	0.20408163265306123	0.21748400852878466	0.5444444444444444	12.0	0.028766947937675445	0.6	11.0	
2.1873873026083446e9	1.3748670140195115e9	8.125202885888332e8	50.0	0.0	0.0	0.20408163265306123	0.21748400852878466	0.5444444444444444	12.0	0.028766947937675445	0.7	11.0	
2.183383603870118e9	1.3713257922705584e9	8.120578115995598e8	50.0	0.0	0.0	0.20408163265306123	0.21748400852878466	0.5444444444444444	12.0	0.028766947937675445	0.8	11.0	
2.179395948919362e9	1.3677981683745866e9	8.115977805447756e8	50.0	0.0	0.0	0.20408163265306123	0.21748400852878466	0.5444444444444444	12.0	0.028766947937675445	0.9	11.0	
2.1754242686802425e9	1.3642840746864805e9	8.111401939937618e8	50.0	0.0	0.0	0.20408163265306123	0.21748400852878466	0.5444444444444444	12.0	0.028766947937675445	1.0	11.0	
2.215868435254938e9	1.40004224135326e9	8.158261939016788e8	50.0	0.0	0.0	0.20408163265306123	0.21976149914821125	0.532608695652174	11.0	0.01859754989592451	0.0	11.0	
2.21175066652901e9	1.3964040400986948e9	8.153466264303149e8	50.0	0.0	0.0	0.20408163265306123	0.21976149914821125	0.532608695652174	11.0	0.01859754989592451	0.1	11.0	
2.207649946477134e9	1.3927803182839475e9	8.14869628193187e8	50.0	0.0	0.0	0.20408163265306123	0.21976149914821125	0.532608695652174	11.0	0.01859754989592451	0.2	11.0	
2.203566188470972e9	1.389170991921022e9	8.143951965499505e8	50.0	0.0	0.0	0.20408163265306123	0.21976149914821125	0.532608695652174	11.0	0.01859754989592451	0.3	11.0	
2.1994993049760227e9	1.3855759743326802e9	8.139233306433426e8	50.0	0.0	0.0	0.20408163265306123	0.21976149914821125	0.532608695652174	11.0	0.01859754989592451	0.4	11.0	
2.1954492116214056e9	1.3819951837467215e9	8.134540278746841e8	50.0	0.0	0.0	0.20408163265306123	0.21976149914821125	0.532608695652174	11.0	0.01859754989592451	0.5	11.0	
2.1914158244333725e9	1.3784285383629076e9	8.129872860704652e8	50.0	0.0	0.0	0.20408163265306123	0.21976149914821125	0.532608695652174	11.0	0.01859754989592451	0.6	11.0	
2.1873990598689528e9	1.3748759559747238e9	8.125231038942293e8	50.0	0.0	0.0	0.20408163265306123	0.21976149914821125	0.532608695652174	11.0	0.01859754989592451	0.7	11.0	
2.1833988352568426e9	1.3713373553431652e9	8.120614799136777e8	50.0	0.0	0.0	0.20408163265306123	0.21976149914821125	0.532608695652174	11.0	0.01859754989592451	0.8	11.0	
2.1794150700961933e9	1.3678126581284938e9	8.116024119676993e8	50.0	0.0	0.0	0.20408163265306123	0.21976149914821125	0.532608695652174	11.0	0.01859754989592451	0.9	11.0	
2.1754476836265087e9	1.3643017849666376e9	8.111458986598712e8	50.0	0.0	0.0	0.20408163265306123	0.21976149914821125	0.532608695652174	11.0	0.01859754989592451	1.0	11.0	
