2.215868435254938e9	1.40004224135326e9	8.158261939016788e8	50.0	0.0	0.0	0.04081632653061224	0.0	0.17437722419928825	2.0	0.3554421768707483	0.0	3.0	
2.2118364669903045e9	1.3964761722679825e9	8.153602947223217e8	50.0	0.0	0.0	0.04081632653061224	0.0	0.17437722419928825	2.0	0.3554421768707483	0.1	3.0	
2.2079862662065144e9	1.393061894550632e9	8.149243716558819e8	50.0	0.0	0.0	0.04081632653061224	0.0	0.17437722419928825	2.0	0.3554421768707483	0.2	3.0	
2.2043081355137877e9	1.3897895553762908e9	8.14518580137497e8	50.0	0.0	0.0	0.04081632653061224	0.0	0.17437722419928825	2.0	0.3554421768707483	0.3	3.0	
2.2007932619845214e9	1.3866501148486147e9	8.141431471359066e8	50.0	0.0	0.0	0.04081632653061224	0.0	0.17437722419928825	2.0	0.3554421768707483	0.4	3.0	
2.197433644878658e9	1.383635273544718e9	8.137983713339398e8	50.0	0.0	0.0	0.04081632653061224	0.0	0.17437722419928825	2.0	0.3554421768707483	0.5	3.0	
2.1942220274131756e9	1.3807374033744674e9	8.134846240387082e8	50.0	0.0	0.0	0.04081632653061224	0.0	0.17437722419928825	2.0	0.3554421768707483	0.6	3.0	
2.1911518372722864e9	1.3779494879290693e9	8.132023493432176e8	50.0	0.0	0.0	0.04081632653061224	0.0	0.17437722419928825	2.0	0.3554421768707483	0.7	3.0	
2.1882171315851746e9	1.3752650665847497e9	8.129520650004251e8	50.0	0.0	0.0	0.04081632653061224	0.0	0.17437722419928825	2.0	0.3554421768707483	0.8	3.0	
2.1854125485952644e9	1.3726781848520775e9	8.127343637431867e8	50.0	0.0	0.0	0.04081632653061224	0.0	0.17437722419928825	2.0	0.3554421768707483	0.9	3.0	
2.1827332631393175e9	1.37018334920216e9	8.125499139371576e8	50.0	0.0	0.0	0.04081632653061224	0.0	0.17437722419928825	2.0	0.3554421768707483	1.0	3.0	
2.215868435254938e9	1.40004224135326e9	8.158261939016788e8	50.0	0.0	0.0	0.04081632653061224	0.04477611940298507	0.09760956175298804	3.0	0.2585034013605442	0.0	3.0	
2.2118092671100807e9	1.3964534297802806e9	8.153558373298004e8	50.0	0.0	0.0	0.04081632653061224	0.04477611940298507	0.09760956175298804	3.0	0.2585034013605442	0.1	3.0	
2.2078809899127917e9	1.3929745016243534e9	8.149064882884387e8	50.0	0.0	0.0	0.04081632653061224	0.04477611940298507	0.09760956175298804	3.0	0.2585034013605442	0.2	3.0	
2.20407873093207e9	1.3896005470835536e9	8.144781838485161e8	50.0	0.0	0.0	0.04081632653061224	0.04477611940298507	0.09760956175298804	3.0	0.2585034013605442	0.3	3.0	
2.2003979300825634e9	1.38632694502986e9	8.140709850527034e8	50.0	0.0	0.0	0.04081632653061224	0.04477611940298507	0.09760956175298804	3.0	0.2585034013605442	0.4	3.0	
2.1968343256544785e9	1.3831493505775044e9	8.136849750769744e8	50.0	0.0	0.0	0.04081632653061224	0.04477611940298507	0.09760956175298804	3.0	0.2585034013605442	0.5	3.0	
2.193383930940686e9	1.3800636718701112e9	8.133202590705752e8	50.0	0.0	0.0	0.04081632653061224	0.04477611940298507	0.09760956175298804	3.0	0.2585034013605442	0.6	3.0	
2.190043020054887e9	1.3770660542262015e9	8.129769658286854e8	50.0	0.0	0.0	0.04081632653061224	0.04477611940298507	0.09760956175298804	3.0	0.2585034013605442	0.7	3.0	
2.186808109177594e9	1.3741528633996792e9	8.12655245777915e8	50.0	0.0	0.0	0.04081632653061224	0.04477611940298507	0.09760956175298804	3.0	0.2585034013605442	0.8	3.0	
2.183675945027504e9	1.3713206721909056e9	8.12355272836598e8	50.0	0.0	0.0	0.04081632653061224	0.04477611940298507	0.09760956175298804	3.0	0.2585034013605442	0.9	3.0	
2.1806434879510393e9	1.368566244223278e9	8.120772437277613e8	50.0	0.0	0.0	0.04081632653061224	0.04477611940298507	0.09760956175298804	3.0	0.2585034013605442	1.0	3.0	
2.215868435254938e9	1.40004224135326e9	8.158261939016788e8	50.0	0.0	0.0	0.04081632653061224	0.0	0.16279069767441862	2.0	0.04081632653061224	0.0	3.0	
2.2118471008263655e9	1.3964855207328455e9	8.153615800935198e8	50.0	0.0	0.0	0.04081632653061224	0.0	0.16279069767441862	2.0	0.04081632653061224	0.1	3.0	
2.208027846182044e9	1.3930983368757749e9	8.149295093062692e8	50.0	0.0	0.0	0.04081632653061224	0.0	0.16279069767441862	2.0	0.04081632653061224	0.2	3.0	
2.2043996435173035e9	1.3898695007110887e9	8.145301428062146e8	50.0	0.0	0.0	0.04081632653061224	0.0	0.16279069767441862	2.0	0.04081632653061224	0.3	3.0	
2.200952480532027e9	1.3867887506063197e9	8.14163729925707e8	50.0	0.0	0.0	0.04081632653061224	0.0	0.16279069767441862	2.0	0.04081632653061224	0.4	3.0	
2.1976772793776264e9	1.3838466688989384e9	8.138306104786881e8	50.0	0.0	0.0	0.04081632653061224	0.0	0.16279069767441862	2.0	0.04081632653061224	0.5	3.0	
2.194565824925791e9	1.3810346090110192e9	8.135312159147716e8	50.0	0.0	0.0	0.04081632653061224	0.0	0.16279069767441862	2.0	0.04081632653061224	0.6	3.0	
2.1916106987071495e9	1.3783446250292196e9	8.132660736779301e8	50.0	0.0	0.0	0.04081632653061224	0.0	0.16279069767441862	2.0	0.04081632653061224	0.7	3.0	
2.1888052208075137e9	1.3757694115670357e9	8.130358092404778e8	50.0	0.0	0.0	0.04081632653061224	0.0	0.16279069767441862	2.0	0.04081632653061224	0.8	3.0	
2.186143398984258e9	1.3733022489546287e9	8.128411500296295e8	50.0	0.0	0.0	0.04081632653061224	0.0	0.16279069767441862	2.0	0.04081632653061224	0.9	3.0	
2.1836198814301863e9	1.370936951859191e9	8.126829295709956e8	50.0	0.0	0.0	0.04081632653061224	0.0	0.16279069767441862	2.0	0.04081632653061224	1.0	3.0	
