37	13	0	50	100	0.08229426433915212
40	10	0	50	100	0.06153846153846154
34	16	0	50	100	0.07336956521739131
35	15	0	50	100	0.09782608695652174
28	22	0	50	100	0.10824742268041238
38	12	0	50	100	0.07407407407407407
36	14	0	50	100	0.07049608355091384
29	21	0	50	100	0.09798994974874371
42	8	0	50	100	0.060759493670886074
35	15	0	50	100	0.07068062827225131
37	13	0	50	100	0.05660377358490566
36	14	0	50	100	0.11670480549199085
40	10	0	50	100	0.06801007556675064
44	5	1	50	100	0.10077519379844961
31	19	0	50	100	0.08823529411764706
39	11	0	50	100	0.06282722513089005
40	10	0	50	100	0.07258064516129033
37	13	0	50	100	0.10268948655256724
40	9	1	50	100	0.08866995073891626
39	11	0	50	100	0.10077519379844961
34	16	0	50	100	0.0546875
31	19	0	50	100	0.10372340425531915
38	12	0	50	100	0.07407407407407407
33	17	0	50	100	0.09254498714652956
33	17	0	50	100	0.03937007874015748
35	15	0	50	100	0.058011049723756904
36	14	0	50	100	0.0982367758186398
37	13	0	50	100	0.06091370558375635
39	11	0	50	100	0.09278350515463918
31	19	0	50	100	0.12623762376237624
43	6	1	50	100	0.06994818652849741
34	16	0	50	100	0.08312342569269521
38	12	0	50	100	0.055408970976253295
31	19	0	50	100	0.06349206349206349
36	14	0	50	100	0.05027932960893855
39	11	0	50	100	0.030848329048843187
35	15	0	50	100	0.049586776859504134
33	17	0	50	100	0.07568807339449542
37	13	0	50	100	0.10606060606060606
39	11	0	50	100	0.03937007874015748
36	14	0	50	100	0.07692307692307693
36	14	0	50	100	0.10606060606060606
33	17	0	50	100	0.09350649350649351
38	12	0	50	100	0.0675
33	17	0	50	100	0.07894736842105263
38	12	0	50	100	0.0703125
37	13	0	50	100	0.13672922252010725
40	10	0	50	100	0.07377049180327869
32	18	0	50	100	0.04285714285714286
32	18	0	50	100	0.08048780487804878
36	14	0	50	100	0.07425742574257425
46	3	1	50	100	0.07556675062972293
33	17	0	50	100	0.045
34	16	0	50	100	0.09254498714652956
40	10	0	50	100	0.1297709923664122
39	11	0	50	100	0.078125
33	17	0	50	100	0.1125
41	8	1	50	100	0.060759493670886074
33	17	0	50	100	0.10263157894736842
42	7	1	50	100	0.0625
39	11	0	50	100	0.05965909090909091
34	16	0	50	100	0.11138613861386139
33	17	0	50	100	0.0625
38	12	0	50	100	0.04712041884816754
35	15	0	50	100	0.05384615384615385
31	19	0	50	100	0.0829145728643216
37	13	0	50	100	0.07352941176470588
31	19	0	50	100	0.0636604774535809
33	17	0	50	100	0.09278350515463918
29	21	0	50	100	0.09090909090909091
31	19	0	50	100	0.04032258064516129
36	14	0	50	100	0.07971014492753623
38	12	0	50	100	0.06451612903225806
31	19	0	50	100	0.0375
35	15	0	50	100	0.04155124653739612
37	13	0	50	100	0.1012987012987013
42	7	1	50	100	0.10236220472440945
35	15	0	50	100	0.06521739130434782
37	13	0	50	100	0.07537688442211055
44	5	1	50	100	0.05185185185185185
31	19	0	50	100	0.07479224376731301
34	16	0	50	100	0.11413043478260869
31	19	0	50	100	0.09929078014184398
40	9	1	50	100	0.07957559681697612
37	13	0	50	100	0.10103626943005181
39	11	0	50	100	0.0783289817232376
38	12	0	50	100	0.06611570247933884
30	20	0	50	100	0.10209424083769633
37	13	0	50	100	0.04
39	11	0	50	100	0.10687022900763359
45	4	1	50	100	0.0868421052631579
38	12	0	50	100	0.031914893617021274
33	17	0	50	100	0.05722070844686648
25	25	0	50	100	0.05526315789473684
32	18	0	50	100	0.10025706940874037
32	18	0	50	100	0.09207161125319693
38	12	0	50	100	0.05570291777188329
36	14	0	50	100	0.06976744186046512
44	5	1	50	100	0.14393939393939395
36	14	0	50	100	0.04043126684636118
