38	12	0	50	100	0.14457831325301204
31	19	0	50	100	0.12
37	13	0	50	100	0.09009009009009009
37	13	0	50	100	0.05217391304347826
33	17	0	50	100	0.11746987951807229
33	17	0	50	100	0.12173913043478261
37	13	0	50	100	0.04477611940298507
34	16	0	50	100	0.10256410256410256
35	15	0	50	100	0.09090909090909091
43	6	1	50	100	0.07339449541284404
34	16	0	50	100	0.12574850299401197
32	18	0	50	100	0.09348441926345609
34	16	0	50	100	0.09850746268656717
37	13	0	50	100	0.16216216216216217
38	12	0	50	100	0.13719512195121952
40	10	0	50	100	0.05898876404494382
33	17	0	50	100	0.05263157894736842
36	14	0	50	100	0.08083832335329341
35	15	0	50	100	0.09880239520958084
33	17	0	50	100	0.0967741935483871
33	17	0	50	100	0.07164179104477612
31	19	0	50	100	0.12612612612612611
38	12	0	50	100	0.12574850299401197
36	14	0	50	100	0.10650887573964497
33	17	0	50	100	0.11042944785276074
34	16	0	50	100	0.08982035928143713
39	11	0	50	100	0.11572700296735905
34	16	0	50	100	0.14414414414414414
35	15	0	50	100	0.07317073170731707
37	13	0	50	100	0.0967741935483871
37	13	0	50	100	0.11676646706586827
34	16	0	50	100	0.06231454005934718
35	15	0	50	100	0.08011869436201781
30	20	0	50	100	0.0782608695652174
32	18	0	50	100	0.045180722891566265
36	14	0	50	100	0.11641791044776119
33	17	0	50	100	0.12574850299401197
39	11	0	50	100	0.11676646706586827
39	11	0	50	100	0.10030395136778116
37	13	0	50	100	0.10465116279069768
37	13	0	50	100	0.09620991253644315
32	18	0	50	100	0.09821428571428571
33	17	0	50	100	0.07417582417582418
29	21	0	50	100	0.10185185185185185
32	18	0	50	100	0.08157099697885196
33	17	0	50	100	0.13353115727002968
37	13	0	50	100	0.04477611940298507
34	16	0	50	100	0.11048158640226628
36	14	0	50	100	0.12389380530973451
38	12	0	50	100	0.10465116279069768
37	13	0	50	100	0.05405405405405406
37	13	0	50	100	0.10714285714285714
37	13	0	50	100	0.12844036697247707
34	16	0	50	100	0.12883435582822086
34	16	0	50	100	0.12
37	13	0	50	100	0.08231707317073171
33	17	0	50	100	0.16569767441860464
38	12	0	50	100	0.09146341463414634
30	20	0	50	100	0.10557184750733138
31	19	0	50	100	0.08157099697885196
34	16	0	50	100	0.06481481481481481
34	16	0	50	100	0.13595166163141995
33	17	0	50	100	0.11337209302325581
35	15	0	50	100	0.11890243902439024
31	19	0	50	100	0.17272727272727273
38	12	0	50	100	0.10909090909090909
37	13	0	50	100	0.09734513274336283
34	16	0	50	100	0.15223880597014924
32	18	0	50	100	0.12574850299401197
30	20	0	50	100	0.08849557522123894
31	19	0	50	100	0.15088757396449703
34	16	0	50	100	0.13005780346820808
34	16	0	50	100	0.1513353115727003
35	15	0	50	100	0.10588235294117647
27	23	0	50	100	0.1253731343283582
34	16	0	50	100	0.07017543859649122
30	20	0	50	100	0.12923076923076923
30	20	0	50	100	0.13125
33	17	0	50	100	0.11271676300578035
38	12	0	50	100	0.10843373493975904
35	15	0	50	100	0.1111111111111111
32	18	0	50	100	0.13432835820895522
35	15	0	50	100	0.0911854103343465
34	16	0	50	100	0.09455587392550144
36	14	0	50	100	0.10714285714285714
39	11	0	50	100	0.07964601769911504
36	14	0	50	100	0.10588235294117647
36	14	0	50	100	0.09850746268656717
35	15	0	50	100	0.1323529411764706
35	15	0	50	100	0.12883435582822086
38	12	0	50	100	0.11890243902439024
31	19	0	50	100	0.1206896551724138
34	16	0	50	100	0.09850746268656717
31	19	0	50	100	0.13157894736842105
34	16	0	50	100	0.0782608695652174
32	18	0	50	100	0.0634441087613293
34	16	0	50	100	0.10030395136778116
35	15	0	50	100	0.07272727272727272
38	12	0	50	100	0.09734513274336283
36	14	0	50	100	0.09763313609467456
