

Software Version	3.04.17



Experiment File Path:	C:\Users\Public\Documents\Experiments\H1_CFP_YFP_Singleread_190111_122250.xpt
Protocol File Path:	C:\Users\Public\Documents\Protocols\CFP_YFP_Singleread.prt



Plate Number	Plate 4
Date	11/01/2019
Time	12:29:32 p. m.
Reader Type:	Synergy H1
Reader Serial Number:	180720D
Reading Type	Reader

Procedure Details

Plate Type	96 WELL PLATE (Use plate lid)
Eject plate on completion	
Shake	Linear: 0:20 (MM:SS)
	Frequency: 567 cpm (3 mm)
Read	Absorbance Endpoint
	Full Plate
	Wavelengths:  630
	Read Speed: Normal,  Delay: 100 msec,  Measurements/Data Point: 8
Read	multichannel
	Fluorescence Endpoint
	Full Plate
	Filter Set 1
	    Excitation: 430,  Emission: 491
	    Optics: Top,  Gain: 100
	Filter Set 2
	    Excitation: 500,  Emission: 541
	    Optics: Top,  Gain: 100
	Light Source: Xenon Flash,  Lamp Energy: High
	Read Speed: Normal,  Delay: 100 msec,  Measurements/Data Point: 10
	Read Height: 7 mm



Actual Temperature:	22.8



Actual Temperature:	22.8



Actual Temperature:	22.8

Results
	1	2	3	4	5	6	7	8	9	10	11	12
A	0.589	1.096	0.865	1.150	1.031	1.002	1.066	0.899	0.933	1.075	1.048	0.052	630
	75864	97089	102897	108797	109635	104067	108339	116194	119582	122755	119757	2328	multichannel:430,491
	31828	49078	44606	56554	58150	52745	55659	7934	7789	7453	7467	290	multichannel:500,541
B	0.047	0.838	0.845	0.695	0.559	0.557	0.532	0.305	0.265	0.117	1.050	0.045	630
	45009	105464	96819	88840	89676	87690	84471	76654	75706	67980	111144	2220	multichannel:430,491
	3549	6715	6152	5783	6123	5942	5735	5567	5379	5113	45959	311	multichannel:500,541
C	0.962	0.824	0.900	0.833	0.803	0.929	0.916	0.939	0.959	1.054	1.031	0.049	630
	99675	101077	101136	94176	112698	114894	108547	113457	115358	117795	118358	2254	multichannel:430,491
	42593	44905	41205	37574	7742	7733	7624	7699	7311	7294	7261	293	multichannel:500,541
D	0.041	0.940	0.790	0.635	0.519	0.470	0.209	0.177	0.142	0.101	1.194	0.046	630
	60933	108793	100114	88003	89552	84545	81042	78109	76457	69189	114859	2248	multichannel:430,491
	4648	6752	6632	5850	6304	5775	5832	5468	5418	5073	59055	304	multichannel:500,541
E	1.190	0.978	0.819	0.810	0.812	0.761	0.696	0.705	0.870	0.973	1.069	0.046	630
	107621	102200	110051	104594	104579	109616	109672	111357	116378	114610	120278	2241	multichannel:430,491
	58682	51255	47724	7404	8305	8005	7887	7505	7306	7282	7277	298	multichannel:500,541
F	0.040	0.825	0.843	0.729	0.454	0.443	0.419	0.108	0.087	0.123	0.945	0.047	630
	60372	107196	102301	90512	88915	89010	90296	74809	71780	68083	108659	2270	multichannel:430,491
	4695	6934	6486	5813	6045	6121	5940	5377	5314	5087	42514	283	multichannel:500,541
G	0.821	0.919	1.063	0.895	0.923	0.933	0.886	0.944	1.034	0.852	1.076	0.048	630
	74350	109720	112072	104596	107624	115973	112156	114916	121103	117264	118848	2247	multichannel:430,491
	33429	52815	49820	7747	11100	9231	7743	7497	7568	7406	7310	283	multichannel:500,541
H	0.042	0.895	0.823	0.720	0.632	0.513	0.350	0.382	0.448	0.205	1.237	0.046	630
	30709	102785	97881	93982	94036	90041	80932	76228	83002	69352	120161	2270	multichannel:430,491
	2402	6509	6192	6064	6502	6201	6033	5498	5688	5148	63950	301	multichannel:500,541

