

Software Version	3.04.17



Experiment File Path:	C:\Users\Public\Documents\Experiments\H1_CFP_YFP_Singleread_190111_122250.xpt
Protocol File Path:	C:\Users\Public\Documents\Protocols\CFP_YFP_Singleread.prt



Plate Number	Plate 2
Date	11/01/2019
Time	12:18:59 p. m.
Reader Type:	Synergy H1
Reader Serial Number:	180720D
Reading Type	Reader

Procedure Details

Plate Type	96 WELL PLATE (Use plate lid)
Eject plate on completion	
Shake	Linear: 0:20 (MM:SS)
	Frequency: 567 cpm (3 mm)
Read	Absorbance Endpoint
	Full Plate
	Wavelengths:  630
	Read Speed: Normal,  Delay: 100 msec,  Measurements/Data Point: 8
Read	multichannel
	Fluorescence Endpoint
	Full Plate
	Filter Set 1
	    Excitation: 430,  Emission: 491
	    Optics: Top,  Gain: 100
	Filter Set 2
	    Excitation: 500,  Emission: 541
	    Optics: Top,  Gain: 100
	Light Source: Xenon Flash,  Lamp Energy: High
	Read Speed: Normal,  Delay: 100 msec,  Measurements/Data Point: 10
	Read Height: 7 mm



Actual Temperature:	22.8



Actual Temperature:	22.8



Actual Temperature:	22.8

Results
	1	2	3	4	5	6	7	8	9	10	11	12
A	0.713	0.608	1.006	0.824	0.821	0.789	0.740	0.748	0.717	1.079	0.824	0.046	630
	103815	107406	113338	108176	111756	109969	103421	107693	107434	116510	111076	2231	multichannel:430,491
	6449	7036	7215	7299	7402	7280	7182	7356	7209	7314	6981	291	multichannel:500,541
B	0.042	0.890	0.806	0.725	0.516	0.488	0.405	0.514	0.178	0.259	1.033	0.045	630
	59836	106046	102961	88150	89696	85601	81113	84462	76010	73799	130471	2191	multichannel:430,491
	4881	6608	6502	5549	6140	5905	6133	6288	5229	5221	7546	282	multichannel:500,541
C	1.150	0.983	1.002	0.737	0.816	0.847	0.802	0.914	0.799	0.925	0.772	0.045	630
	135737	132782	109425	104400	108247	108400	108378	111114	112890	117652	105371	2216	multichannel:430,491
	7558	7331	7156	6808	7025	7219	6994	7164	7185	7370	7123	286	multichannel:500,541
D	0.041	1.002	0.710	0.727	0.415	0.394	0.224	0.456	0.237	0.259	1.214	0.047	630
	62347	109508	94303	89029	82965	86736	76951	74503	75136	76592	137688	2219	multichannel:430,491
	4994	6647	6187	5711	5984	6032	6133	5746	5637	5322	7565	311	multichannel:500,541
E	0.811	0.972	0.867	0.878	0.837	0.702	0.736	0.794	0.669	0.927	0.933	0.047	630
	117204	111226	110567	105544	106672	107335	109132	109752	105861	112814	112436	2201	multichannel:430,491
	7143	6962	7132	7308	7253	6939	6951	6984	6836	7145	7097	290	multichannel:500,541
F	0.049	0.823	0.736	0.689	0.588	0.464	0.377	0.456	0.163	0.175	1.033	0.049	630
	63689	105806	100407	88310	90928	86769	80005	79971	75455	69209	130145	2251	multichannel:430,491
	5075	6668	6648	5767	6318	6109	5901	5783	5443	4945	7430	298	multichannel:500,541
G	0.975	0.868	0.837	0.872	0.759	0.763	0.593	0.776	0.725	0.672	0.881	0.050	630
	119002	110890	112036	112301	110445	111047	107098	106862	107575	105629	111372	2290	multichannel:430,491
	6785	7069	7432	7345	7362	7444	7114	6966	7032	6895	7063	297	multichannel:500,541
H	0.046	0.802	0.718	0.586	0.527	0.507	0.323	0.368	0.337	0.137	0.860	0.047	630
	61541	107478	96306	88350	92694	90716	78814	72871	73265	67426	106392	2227	multichannel:430,491
	4907	6915	6453	5943	6496	6127	6046	5557	5162	4881	6825	285	multichannel:500,541

