

Software Version	3.04.17



Experiment File Path:	C:\Users\Public\Documents\Experiments\H1_CFP_YFP_Singleread_190111_122250.xpt
Protocol File Path:	C:\Users\Public\Documents\Protocols\CFP_YFP_Singleread.prt



Plate Number	Plate 3
Date	11/01/2019
Time	12:24:21 p. m.
Reader Type:	Synergy H1
Reader Serial Number:	180720D
Reading Type	Reader

Procedure Details

Plate Type	96 WELL PLATE (Use plate lid)
Eject plate on completion	
Shake	Linear: 0:20 (MM:SS)
	Frequency: 567 cpm (3 mm)
Read	Absorbance Endpoint
	Full Plate
	Wavelengths:  630
	Read Speed: Normal,  Delay: 100 msec,  Measurements/Data Point: 8
Read	multichannel
	Fluorescence Endpoint
	Full Plate
	Filter Set 1
	    Excitation: 430,  Emission: 491
	    Optics: Top,  Gain: 100
	Filter Set 2
	    Excitation: 500,  Emission: 541
	    Optics: Top,  Gain: 100
	Light Source: Xenon Flash,  Lamp Energy: High
	Read Speed: Normal,  Delay: 100 msec,  Measurements/Data Point: 10
	Read Height: 7 mm



Actual Temperature:	22.8



Actual Temperature:	22.8



Actual Temperature:	22.8

Results
	1	2	3	4	5	6	7	8	9	10	11	12
A	1.137	1.306	0.331	0.325	0.257	1.223	0.295	0.045	0.043	0.043	0.042	0.046	630
	77836	79457	81154	71004	74655	69358	57692	73586	74229	69171	69422	2233	multichannel:430,491
	118669	125241	29346	28920	26127	110041	23477	6242	5997	5682	5611	291	multichannel:500,541
B	0.046	0.044	0.045	0.045	0.043	0.044	0.043	0.044	0.044	0.050	1.022	0.046	630
	59056	64269	59927	60270	62921	70443	65655	65362	63642	66340	80919	2246	multichannel:430,491
	4772	5174	4862	4799	5278	5733	5419	5333	4965	5138	87904	292	multichannel:500,541
C	1.115	1.016	1.077	0.925	0.748	0.094	0.770	0.124	0.042	0.044	0.043	0.046	630
	75766	74211	59462	59253	57641	63582	69308	65632	65491	63687	65371	2332	multichannel:430,491
	84659	86518	89738	75936	60126	13700	68889	22671	5516	5335	5367	303	multichannel:500,541
D	0.041	0.043	0.065	0.056	0.046	0.045	0.044	0.047	0.042	0.050	0.980	0.046	630
	57259	64295	70220	61152	63498	70954	62975	68447	69425	66580	79123	2305	multichannel:430,491
	4518	5236	5613	4976	5310	5646	5116	5616	5561	5235	91827	290	multichannel:500,541
E	1.039	1.210	0.831	0.301	0.894	0.979	0.054	0.204	0.047	0.044	0.047	0.047	630
	75268	67697	68164	68792	75939	67100	70120	61368	64074	68715	65898	2252	multichannel:430,491
	83456	105428	66652	28307	71688	71950	7900	20623	5932	5678	5332	294	multichannel:500,541
F	0.041	0.044	0.048	0.042	0.044	0.044	0.044	0.046	0.045	0.049	1.152	0.047	630
	55661	60839	61268	57890	64047	62718	62962	57743	56579	65100	74739	2224	multichannel:430,491
	4659	5113	5195	4707	5275	5175	5280	5037	4731	5193	104673	305	multichannel:500,541
G	0.819	1.023	0.845	0.858	0.180	0.125	0.604	0.628	0.045	0.043	0.736	0.053	630
	52313	65688	69362	58475	60429	62190	55449	56061	62161	68825	97310	2285	multichannel:430,491
	76373	83999	71026	67606	22238	16836	49874	50925	5631	5726	5731	291	multichannel:500,541
H	0.042	0.044	0.044	0.042	0.044	0.044	0.043	0.044	0.044	0.046	1.227	0.049	630
	37337	59408	68941	59795	62940	70799	75363	62740	61471	66480	71015	2313	multichannel:430,491
	3127	4882	5625	4877	5231	5855	6011	5241	4957	5426	106708	287	multichannel:500,541

