1.6503472433759851e9	8.859171556915768e8	7.644300876844084e8	49.0	1.0	0.0	0.6587755102040816	0.6575632725132431	0.7538461538461538	33.0	0.007014900515928944	
1.643083595928243e9	8.821060046833518e8	7.609775912448912e8	49.0	1.0	0.0	0.44571428571428573	0.4399416158667468	0.6125	18.0	0.007233321511532798	
1.6503610614264174e9	8.859073288320341e8	7.644537325943835e8	49.0	1.0	0.0	0.643265306122449	0.6422214897824654	0.7205882352941176	30.0	0.0074496522261449155	
1.6449682590320184e9	8.830350618527783e8	7.6193319717924e8	49.0	1.0	0.0	0.27918367346938777	0.2530755711775044	0.6282051282051282	20.0	0.03354966303422596	
1.625875135005453e9	8.752107547054563e8	7.506643802999971e8	49.0	1.0	0.0	0.1983673469387755	0.18193548387096775	0.5268817204301075	9.0	0.015062313937732523	
1.6503562975814004e9	8.859108332581378e8	7.644454643232626e8	49.0	1.0	0.0	0.6073469387755102	0.6060676025120059	0.7313432835820896	31.0	0.009051459738437332	
1.649784972768795e9	8.855595793703675e8	7.642253933984277e8	49.0	1.0	0.0	0.5306122448979592	0.5318190012619434	0.6712328767123288	25.0	0.008917186717214049	
1.6503822736304002e9	8.858929397230587e8	7.644893339073417e8	49.0	1.0	0.0	0.5012244897959184	0.49822888283378747	0.6901408450704225	27.0	0.011925893762608712	
1.6312469527342768e9	8.769570486423163e8	7.542899040919604e8	49.0	1.0	0.0	0.2693877551020408	0.255500354861604	0.5632183908045977	11.0	0.009724264257588065	
1.6481580023036318e9	8.846920955724342e8	7.634659067311977e8	49.0	1.0	0.0	0.4685714285714286	0.46830060306169785	0.6533333333333333	23.0	0.010199779592273433	
1.62580767511825e9	8.751905202370526e8	7.506171548811973e8	49.0	1.0	0.0	0.2016326530612245	0.19047619047619047	0.5104166666666666	9.0	0.017554775546605447	
1.6347357036462436e9	8.782949197107198e8	7.564407839355236e8	49.0	1.0	0.0	0.20081632653061224	0.22130128470783259	0.5697674418604651	13.0	0.027700605378860658	
1.6385685581324506e9	8.79966246770735e8	7.586023113617156e8	49.0	1.0	0.0	0.2726530612244898	0.27184241019698724	0.5903614457831325	15.0	0.01928279068786588	
1.6503274326562111e9	8.859305872478508e8	7.643968454083601e8	50.0	0.0	0.0	0.8122448979591836	0.811279378756998	0.8305084745762712	39.0	0.003663363493624486	
1.650333265804647e9	8.859267536263745e8	7.644065121782722e8	50.0	0.0	0.0	0.6604081632653062	0.6584278451310129	0.8032786885245902	37.0	0.008812641877816746	
1.6463537786249876e9	8.837515344007605e8	7.62602244224227e8	49.0	1.0	0.0	0.47183673469387755	0.47296058661778184	0.6363636363636364	21.0	0.008529952348466598	
1.6503227995383606e9	8.859337028748606e8	7.643890966635e8	50.0	0.0	0.0	0.8351020408163266	0.8363339586327868	0.8596491228070176	41.0	0.0033911398350006806	
1.6503876337168946e9	8.858881038240626e8	7.644995298928324e8	49.0	1.0	0.0	0.6163265306122448	0.6151538220411088	0.6805555555555556	26.0	0.005872294776177552	
1.6503886296875062e9	8.858877310444231e8	7.645008986430829e8	49.0	1.0	0.0	0.5346938775510204	0.5249730506647503	0.6805555555555556	26.0	0.010610905526338803	
1.6402574163918643e9	8.807476679813933e8	7.595097484104707e8	49.0	1.0	0.0	0.35020408163265304	0.3548076923076923	0.5975609756097561	16.0	0.01041027371672533	
1.6481610092296946e9	8.846938129038849e8	7.634671963258095e8	49.0	1.0	0.0	0.4995918367346939	0.49668194567968804	0.6533333333333333	23.0	0.009055216186818827	
1.6503510623239033e9	8.85914342761956e8	7.644367195619475e8	49.0	1.0	0.0	0.6702040816326531	0.6682982356289129	0.7424242424242424	32.0	0.007132371777613613	
1.635285489707243e9	8.785430342434293e8	7.567424554638138e8	49.0	1.0	0.0	0.29714285714285715	0.29484456458775826	0.5764705882352941	13.0	0.010361327070510743	
1.645209026102958e9	8.831636004728494e8	7.620454256301087e8	49.0	1.0	0.0	0.4048979591836735	0.4104577865040818	0.6282051282051282	20.0	0.0105015732566753	
1.637370871068633e9	8.794443567502389e8	7.579265143183942e8	49.0	1.0	0.0	0.4089795918367347	0.411430311643488	0.5833333333333334	14.0	0.004585257901584432	
1.650325074337504e9	8.859321881955132e8	7.643928861419904e8	50.0	0.0	0.0	0.809795918367347	0.80937183778314	0.8448275862068966	40.0	0.0038881239495798495	
1.6503250069927433e9	8.859322157922815e8	7.643927912004619e8	50.0	0.0	0.0	0.8424489795918367	0.8431457120264538	0.8448275862068966	40.0	0.00308363005653721	
1.6452548918610044e9	8.831880500182172e8	7.620668418427875e8	49.0	1.0	0.0	0.42122448979591837	0.41545613015688554	0.6282051282051282	20.0	0.010863092878398997	
1.6226965134894743e9	8.747141747634848e8	7.479823387259895e8	47.0	3.0	0.0	0.12653061224489795	0.12857142857142856	0.48514851485148514	8.0	0.06004745560117713	
1.6503740915846665e9	8.858984011721649e8	7.644756904125016e8	49.0	1.0	0.0	0.5436734693877551	0.5415754923413567	0.7	28.0	0.010262065147901058	
1.650336024577856e9	8.859247837016597e8	7.644112408761964e8	49.0	1.0	0.0	0.7183673469387755	0.7186841412012644	0.7903225806451613	36.0	0.0064535871914404765	
1.650389067500386e9	8.858875988875552e8	7.645014686128306e8	49.0	1.0	0.0	0.5395918367346939	0.5400280079355817	0.6805555555555556	26.0	0.008847546863970537	
1.6503367550834754e9	8.85924518429193e8	7.644122366542822e8	49.0	1.0	0.0	0.5820408163265306	0.5783405497935756	0.7903225806451613	36.0	0.01322912363017793	
1.6400793147437935e9	8.806596733071897e8	7.594196414366039e8	49.0	1.0	0.0	0.3273469387755102	0.34920382165605096	0.5903614457831325	16.0	0.0160754440665155	
1.6430105104690194e9	8.820687052211397e8	7.6094180524788e8	49.0	1.0	0.0	0.40653061224489795	0.4020586721564591	0.6125	18.0	0.011551576730148158	
1.6503677762094605e9	8.859029073256468e8	7.64464868883814e8	49.0	1.0	0.0	0.5657142857142857	0.5606415858467441	0.7101449275362319	29.0	0.008876804981081933	
1.6482081147938938e9	8.847194271364193e8	7.634886876574744e8	49.0	1.0	0.0	0.5428571428571428	0.5413924489089019	0.6533333333333333	23.0	0.006481354397593262	
1.6256306308501668e9	8.751590351512322e8	7.504715956989343e8	49.0	1.0	0.0	0.19346938775510203	0.19623655913978494	0.5051546391752577	9.0	0.01875595941747402	
1.620057118663097e9	8.740336518776947e8	7.460234667854018e8	49.0	1.0	0.0	0.19183673469387755	0.19304099142040038	0.4666666666666667	7.0	0.009470605551373383	
1.6332569201759043e9	8.777177680366681e8	7.555391521392363e8	49.0	1.0	0.0	0.3069387755102041	0.29449191056171603	0.5697674418604651	12.0	0.009905680205512045	
1.6503227731452227e9	8.85933714076792e8	7.643890590684307e8	50.0	0.0	0.0	0.8889795918367347	0.8896084337349398	0.8596491228070176	41.0	0.0016819107184481328	
1.647219853670062e9	8.841991293278298e8	7.630207243422323e8	49.0	1.0	0.0	0.4440816326530612	0.4203921568627451	0.6447368421052632	22.0	0.010906446744531976	
1.6498500768138213e9	8.855955426813159e8	7.642545341325052e8	49.0	1.0	0.0	0.6302040816326531	0.6296042487579236	0.6712328767123288	25.0	0.004299724559088602	
1.6503806251802406e9	8.85893488666338e8	7.644871365139024e8	49.0	1.0	0.0	0.5706122448979591	0.5659277159067031	0.6901408450704225	27.0	0.007476392824834261	
1.6313915109363985e9	8.770138868213761e8	7.543776241150225e8	49.0	1.0	0.0	0.32	0.3082706766917293	0.5632183908045977	11.0	0.007479843002802187	
1.6503228228927808e9	8.859336933585312e8	7.643891295342495e8	50.0	0.0	0.0	0.7714285714285715	0.7707296137339056	0.8596491228070176	41.0	0.006007757533813317	
1.6503227284978309e9	8.859337328795992e8	7.643889956182318e8	50.0	0.0	0.0	0.889795918367347	0.8890727409476737	0.8596491228070176	41.0	0.0020045791748774227	
1.6503430070148706e9	8.859200013419044e8	7.644230056729662e8	49.0	1.0	0.0	0.7044897959183674	0.7087810553692423	0.765625	34.0	0.005777561339242654	
1.6194115136168203e9	8.745531619694638e8	7.448583516473563e8	45.0	5.0	0.0	0.12408163265306123	0.12714776632302405	0.44144144144144143	7.0	0.03515476398129459	
1.6490045845229764e9	8.851415181222847e8	7.63863066400692e8	49.0	1.0	0.0	0.5012244897959184	0.5006418485237484	0.6621621621621622	24.0	0.01146399795583153	
1.6414857348720613e9	8.813234180357641e8	7.60162316836297e8	49.0	1.0	0.0	0.31510204081632653	0.3199863690577611	0.6049382716049383	17.0	0.01611393024020575	
1.633510238798724e9	8.77825010788926e8	7.556852280097977e8	49.0	1.0	0.0	0.3379591836734694	0.33865248226950356	0.5697674418604651	12.0	0.0050234582122337225	
1.6503672857073543e9	8.859030794948969e8	7.644642062124574e8	49.0	1.0	0.0	0.6065306122448979	0.6061026352288488	0.7101449275362319	29.0	0.008144632312370916	
1.6503616017317195e9	8.859071330985584e8	7.644544686331611e8	49.0	1.0	0.0	0.5951020408163266	0.5908762812184206	0.7205882352941176	30.0	0.008843393076888249	
1.650361260697423e9	8.859072549660718e8	7.644540057313511e8	49.0	1.0	0.0	0.6318367346938776	0.6277996238673278	0.7205882352941176	30.0	0.0069024129674139095	
