2.215868435254938e9	1.40004224135326e9	8.158261939016788e8	50.0	0.0	0.0	0.4897959183673469	0.482672203923815	0.6621621621621622	24.0	0.009493621652235093	0.0	24.0	
2.211749958715974e9	1.3964035089678295e9	8.153464497481444e8	50.0	0.0	0.0	0.4897959183673469	0.482672203923815	0.6621621621621622	24.0	0.009493621652235093	0.1	24.0	
2.207647139776649e9	1.3927782170163517e9	8.148689227602971e8	50.0	0.0	0.0	0.4897959183673469	0.482672203923815	0.6621621621621622	24.0	0.009493621652235093	0.2	24.0	
2.2035599274134326e9	1.3891663145329292e9	8.143936128805034e8	50.0	0.0	0.0	0.4897959183673469	0.482672203923815	0.6621621621621622	24.0	0.009493621652235093	0.3	24.0	
2.1994882713607144e9	1.3855677518514512e9	8.139205195092633e8	50.0	0.0	0.0	0.4897959183673469	0.482672203923815	0.6621621621621622	24.0	0.009493621652235093	0.4	24.0	
2.195432121880183e9	1.3819824800342913e9	8.134496418458918e8	50.0	0.0	0.0	0.4897959183673469	0.482672203923815	0.6621621621621622	24.0	0.009493621652235093	0.5	24.0	
2.1913914230971303e9	1.3784104380486467e9	8.129809850484836e8	50.0	0.0	0.0	0.4897959183673469	0.482672203923815	0.6621621621621622	24.0	0.009493621652235093	0.6	24.0	
2.1873661284048777e9	1.3748515823776586e9	8.125145460272186e8	50.0	0.0	0.0	0.4897959183673469	0.482672203923815	0.6621621621621622	24.0	0.009493621652235093	0.7	24.0	
2.1833561881114454e9	1.3713058633848975e9	8.120503247265484e8	50.0	0.0	0.0	0.4897959183673469	0.482672203923815	0.6621621621621622	24.0	0.009493621652235093	0.8	24.0	
2.1793615524123163e9	1.367773230910813e9	8.115883215015036e8	50.0	0.0	0.0	0.4897959183673469	0.482672203923815	0.6621621621621622	24.0	0.009493621652235093	0.9	24.0	
2.175382172075679e9	1.3642536357460308e9	8.111285363296479e8	50.0	0.0	0.0	0.4897959183673469	0.482672203923815	0.6621621621621622	24.0	0.009493621652235093	1.0	24.0	
2.215868435254938e9	1.40004224135326e9	8.158261939016788e8	50.0	0.0	0.0	0.4897959183673469	0.4904626334519573	0.6621621621621622	24.0	0.010556895326790125	0.0	24.0	
2.211749958387337e9	1.3964035087279456e9	8.153464496593918e8	50.0	0.0	0.0	0.4897959183673469	0.4904626334519573	0.6621621621621622	24.0	0.010556895326790125	0.1	24.0	
2.2076471385376625e9	1.3927782161216543e9	8.148689224160084e8	50.0	0.0	0.0	0.4897959183673469	0.4904626334519573	0.6621621621621622	24.0	0.010556895326790125	0.2	24.0	
2.2035599246088004e9	1.3891663125090375e9	8.143936120997629e8	50.0	0.0	0.0	0.4897959183673469	0.4904626334519573	0.6621621621621622	24.0	0.010556895326790125	0.3	24.0	
2.199488266209982e9	1.3855677478911877e9	8.139205183187943e8	50.0	0.0	0.0	0.4897959183673469	0.4904626334519573	0.6621621621621622	24.0	0.010556895326790125	0.4	24.0	
2.195432114198983e9	1.3819824745250516e9	8.134496396739315e8	50.0	0.0	0.0	0.4897959183673469	0.4904626334519573	0.6621621621621622	24.0	0.010556895326790125	0.5	24.0	
2.1913914121068735e9	1.378410430188958e9	8.129809819179157e8	50.0	0.0	0.0	0.4897959183673469	0.4904626334519573	0.6621621621621622	24.0	0.010556895326790125	0.6	24.0	
2.1873661135323434e9	1.3748515717710598e9	8.125145417612838e8	50.0	0.0	0.0	0.4897959183673469	0.4904626334519573	0.6621621621621622	24.0	0.010556895326790125	0.7	24.0	
2.1833561688058367e9	1.3713058496566634e9	8.120503191491735e8	50.0	0.0	0.0	0.4897959183673469	0.4904626334519573	0.6621621621621622	24.0	0.010556895326790125	0.8	24.0	
2.179361528114241e9	1.367773213680857e9	8.11588314433384e8	50.0	0.0	0.0	0.4897959183673469	0.4904626334519573	0.6621621621621622	24.0	0.010556895326790125	0.9	24.0	
2.175382142265371e9	1.3642536146703272e9	8.111285275950437e8	50.0	0.0	0.0	0.4897959183673469	0.4904626334519573	0.6621621621621622	24.0	0.010556895326790125	1.0	24.0	
2.215868435254938e9	1.40004224135326e9	8.158261939016788e8	50.0	0.0	0.0	0.4897959183673469	0.48520920949461827	0.6282051282051282	20.0	0.007527248379707786	0.0	24.0	
2.211749990004916e9	1.3964035310471683e9	8.153464589577482e8	50.0	0.0	0.0	0.4897959183673469	0.48520920949461827	0.6282051282051282	20.0	0.007527248379707786	0.1	24.0	
2.2076472638665085e9	1.3927783042719338e9	8.148689595945747e8	50.0	0.0	0.0	0.4897959183673469	0.48520920949461827	0.6282051282051282	20.0	0.007527248379707786	0.2	24.0	
2.2035602041542406e9	1.3891665084327512e9	8.143936957214895e8	50.0	0.0	0.0	0.4897959183673469	0.48520920949461827	0.6282051282051282	20.0	0.007527248379707786	0.3	24.0	
2.1994887593789706e9	1.3855680929513988e9	8.139206664275713e8	50.0	0.0	0.0	0.4897959183673469	0.48520920949461827	0.6282051282051282	20.0	0.007527248379707786	0.4	24.0	
2.195432877109004e9	1.381983005245696e9	8.134498718633077e8	50.0	0.0	0.0	0.4897959183673469	0.48520920949461827	0.6282051282051282	20.0	0.007527248379707786	0.5	24.0	
2.1913925008263817e9	1.3784111844270105e9	8.129813163993715e8	50.0	0.0	0.0	0.4897959183673469	0.48520920949461827	0.6282051282051282	20.0	0.007527248379707786	0.6	24.0	
2.187367582364504e9	1.3748525854300876e9	8.12514996934416e8	50.0	0.0	0.0	0.4897959183673469	0.48520920949461827	0.6282051282051282	20.0	0.007527248379707786	0.7	24.0	
2.1833580701819744e9	1.3713071563775783e9	8.120509138043964e8	50.0	0.0	0.0	0.4897959183673469	0.48520920949461827	0.6282051282051282	20.0	0.007527248379707786	0.8	24.0	
2.1793639132560015e9	1.367774846256795e9	8.115890669992068e8	50.0	0.0	0.0	0.4897959183673469	0.48520920949461827	0.6282051282051282	20.0	0.007527248379707786	0.9	24.0	
2.1753850606643705e9	1.3642556037994394e9	8.111294568649306e8	50.0	0.0	0.0	0.4897959183673469	0.48520920949461827	0.6282051282051282	20.0	0.007527248379707786	1.0	24.0	
