2.215868435254938e9	1.40004224135326e9	8.158261939016788e8	50.0	0.0	0.0	0.08163265306122448	0.11504424778761062	0.3006134969325153	2.0	0.012338030450275346	0.0	4.0	
2.2118148676348658e9	1.3964573643360968e9	8.153575032987689e8	50.0	0.0	0.0	0.08163265306122448	0.11504424778761062	0.3006134969325153	2.0	0.012338030450275346	0.1	4.0	
2.2079014288041306e9	1.3929882584761968e9	8.149131703279343e8	50.0	0.0	0.0	0.08163265306122448	0.11504424778761062	0.3006134969325153	2.0	0.012338030450275346	0.2	4.0	
2.204120573851929e9	1.3896273002871425e9	8.144932735647864e8	50.0	0.0	0.0	0.08163265306122448	0.11504424778761062	0.3006134969325153	2.0	0.012338030450275346	0.3	4.0	
2.2004654070420647e9	1.38636747644913e9	8.140979305929344e8	50.0	0.0	0.0	0.08163265306122448	0.11504424778761062	0.3006134969325153	2.0	0.012338030450275346	0.4	4.0	
2.1969296248499684e9	1.3832023278402581e9	8.137272970097106e8	50.0	0.0	0.0	0.08163265306122448	0.11504424778761062	0.3006134969325153	2.0	0.012338030450275346	0.5	4.0	
2.1935074645957885e9	1.38012590187062e9	8.133815627251682e8	50.0	0.0	0.0	0.08163265306122448	0.11504424778761062	0.3006134969325153	2.0	0.012338030450275346	0.6	4.0	
2.1901936542552776e9	1.377132703174206e9	8.130609510810719e8	50.0	0.0	0.0	0.08163265306122448	0.11504424778761062	0.3006134969325153	2.0	0.012338030450275346	0.7	4.0	
2.1869833694189334e9	1.3742176532148385e9	8.127657162040946e8	50.0	0.0	0.0	0.08163265306122448	0.11504424778761062	0.3006134969325153	2.0	0.012338030450275346	0.8	4.0	
2.1838721959048996e9	1.371376054950038e9	8.124961409548616e8	50.0	0.0	0.0	0.08163265306122448	0.11504424778761062	0.3006134969325153	2.0	0.012338030450275346	0.9	4.0	
2.1808560898599844e9	1.3686035551080089e9	8.122525347519753e8	50.0	0.0	0.0	0.08163265306122448	0.11504424778761062	0.3006134969325153	2.0	0.012338030450275346	1.0	4.0	
2.215868435254938e9	1.40004224135326e9	8.158261939016788e8	50.0	0.0	0.0	0.08163265306122448	0.11926605504587157	0.362962962962963	5.0	0.06508589907824602	0.0	4.0	
2.2117676806026497e9	1.3964181092917862e9	8.153495713108637e8	50.0	0.0	0.0	0.08163265306122448	0.11926605504587157	0.362962962962963	5.0	0.06508589907824602	0.1	4.0	
2.2077173306638117e9	1.3928359308830795e9	8.148813997807319e8	50.0	0.0	0.0	0.08163265306122448	0.11926605504587157	0.362962962962963	5.0	0.06508589907824602	0.2	4.0	
2.2037163217532043e9	1.3892946574443903e9	8.144216643088137e8	50.0	0.0	0.0	0.08163265306122448	0.11926605504587157	0.362962962962963	5.0	0.06508589907824602	0.3	4.0	
2.1997636285473614e9	1.3857932768812056e9	8.139703516661562e8	50.0	0.0	0.0	0.08163265306122448	0.11926605504587157	0.362962962962963	5.0	0.06508589907824602	0.4	4.0	
2.195858261953432e9	1.3823308122447205e9	8.135274497087114e8	50.0	0.0	0.0	0.08163265306122448	0.11926605504587157	0.362962962962963	5.0	0.06508589907824602	0.5	4.0	
2.1919992679916043e9	1.3789063201829393e9	8.130929478086654e8	50.0	0.0	0.0	0.08163265306122448	0.11926605504587157	0.362962962962963	5.0	0.06508589907824602	0.6	4.0	
2.188185726934344e9	1.3755188905112505e9	8.126668364230931e8	50.0	0.0	0.0	0.08163265306122448	0.11926605504587157	0.362962962962963	5.0	0.06508589907824602	0.7	4.0	
2.1844167514008837e9	1.3721676444808044e9	8.122491069200792e8	50.0	0.0	0.0	0.08163265306122448	0.11926605504587157	0.362962962962963	5.0	0.06508589907824602	0.8	4.0	
2.180691483782995e9	1.3688517313292105e9	8.118397524537847e8	50.0	0.0	0.0	0.08163265306122448	0.11926605504587157	0.362962962962963	5.0	0.06508589907824602	0.9	4.0	
2.17700909722102e9	1.3655703311837008e9	8.114387660373194e8	50.0	0.0	0.0	0.08163265306122448	0.11926605504587157	0.362962962962963	5.0	0.06508589907824602	1.0	4.0	
2.215868435254938e9	1.40004224135326e9	8.158261939016788e8	50.0	0.0	0.0	0.08163265306122448	0.11864406779661017	0.3888888888888889	6.0	0.10405058848936401	0.0	4.0	
2.211762347832387e9	1.3964136865602221e9	8.153486612721651e8	50.0	0.0	0.0	0.08163265306122448	0.11864406779661017	0.3888888888888889	6.0	0.10405058848936401	0.1	4.0	
2.207696277941501e9	1.3928185157713842e9	8.148777621701169e8	50.0	0.0	0.0	0.08163265306122448	0.11864406779661017	0.3888888888888889	6.0	0.10405058848936401	0.2	4.0	
2.2036695633125877e9	1.3892560772987885e9	8.14413486013799e8	50.0	0.0	0.0	0.08163265306122448	0.11864406779661017	0.3888888888888889	6.0	0.10405058848936401	0.3	4.0	
2.1996815619987793e9	1.3857257398254628e9	8.139558221733166e8	50.0	0.0	0.0	0.08163265306122448	0.11864406779661017	0.3888888888888889	6.0	0.10405058848936401	0.4	4.0	
2.195731649767435e9	1.3822268882309616e9	8.135047615364734e8	50.0	0.0	0.0	0.08163265306122448	0.11864406779661017	0.3888888888888889	6.0	0.10405058848936401	0.5	4.0	
2.191819220242433e9	1.3787589252546203e9	8.130602949878129e8	50.0	0.0	0.0	0.08163265306122448	0.11864406779661017	0.3888888888888889	6.0	0.10405058848936401	0.6	4.0	
2.1879436848735075e9	1.375321270367714e9	8.126224145057933e8	50.0	0.0	0.0	0.08163265306122448	0.11864406779661017	0.3888888888888889	6.0	0.10405058848936401	0.7	4.0	
2.184104472248801e9	1.3719133596000233e9	8.121911126487782e8	50.0	0.0	0.0	0.08163265306122448	0.11864406779661017	0.3888888888888889	6.0	0.10405058848936401	0.8	4.0	
2.1803010273623486e9	1.368534645214294e9	8.117663821480548e8	50.0	0.0	0.0	0.08163265306122448	0.11864406779661017	0.3888888888888889	6.0	0.10405058848936401	0.9	4.0	
2.176532809703159e9	1.3651845932995439e9	8.11348216403615e8	50.0	0.0	0.0	0.08163265306122448	0.11864406779661017	0.3888888888888889	6.0	0.10405058848936401	1.0	4.0	
