2.215868435254938e9	1.40004224135326e9	8.158261939016788e8	50.0	0.0	0.0	0.40816326530612246	0.41366459627329194	0.6125	18.0	0.008875490061714552	0.0	20.0	
2.2117500230207705e9	1.3964035547059839e9	8.153464683147864e8	50.0	0.0	0.0	0.40816326530612246	0.41366459627329194	0.6125	18.0	0.008875490061714552	0.1	20.0	
2.207647394798919e9	1.3927783978060784e9	8.148689969928408e8	50.0	0.0	0.0	0.40816326530612246	0.41366459627329194	0.6125	18.0	0.008875490061714552	0.2	20.0	
2.2035604962589684e9	1.3891667165240192e9	8.143937797349497e8	50.0	0.0	0.0	0.40816326530612246	0.41366459627329194	0.6125	18.0	0.008875490061714552	0.3	20.0	
2.1994892740931325e9	1.3855684583601165e9	8.139208157330163e8	50.0	0.0	0.0	0.40816326530612246	0.41366459627329194	0.6125	18.0	0.008875490061714552	0.4	20.0	
2.195433673227886e9	1.3819835672194352e9	8.134501060084511e8	50.0	0.0	0.0	0.40816326530612246	0.41366459627329194	0.6125	18.0	0.008875490061714552	0.5	20.0	
2.1913936385234985e9	1.3784119863725529e9	8.129816521509454e8	50.0	0.0	0.0	0.40816326530612246	0.41366459627329194	0.6125	18.0	0.008875490061714552	0.6	20.0	
2.1873691173526235e9	1.3748536636476398e9	8.125154537049837e8	50.0	0.0	0.0	0.40816326530612246	0.41366459627329194	0.6125	18.0	0.008875490061714552	0.7	20.0	
2.1833600576090555e9	1.3713085476151052e9	8.120515099939504e8	50.0	0.0	0.0	0.40816326530612246	0.41366459627329194	0.6125	18.0	0.008875490061714552	0.8	20.0	
2.1793664065342402e9	1.3677765852597454e9	8.11589821274495e8	50.0	0.0	0.0	0.40816326530612246	0.41366459627329194	0.6125	18.0	0.008875490061714552	0.9	20.0	
2.1753881120519705e9	1.3642577245336742e9	8.111303875182966e8	50.0	0.0	0.0	0.40816326530612246	0.41366459627329194	0.6125	18.0	0.008875490061714552	1.0	20.0	
2.215868435254938e9	1.40004224135326e9	8.158261939016788e8	50.0	0.0	0.0	0.40816326530612246	0.4108567284781933	0.620253164556962	19.0	0.010487934212424008	0.0	20.0	
2.211750005074813e9	1.396403541825635e9	8.153464632491776e8	50.0	0.0	0.0	0.40816326530612246	0.4108567284781933	0.620253164556962	19.0	0.010487934212424008	0.1	20.0	
2.207647323572651e9	1.3927783468320737e9	8.148689767405778e8	50.0	0.0	0.0	0.40816326530612246	0.4108567284781933	0.620253164556962	19.0	0.010487934212424008	0.2	20.0	
2.2035603374228764e9	1.3891666032147236e9	8.143937342081524e8	50.0	0.0	0.0	0.40816326530612246	0.4108567284781933	0.620253164556962	19.0	0.010487934212424008	0.3	20.0	
2.199488994349703e9	1.3855682596225119e9	8.139207347271913e8	50.0	0.0	0.0	0.40816326530612246	0.4108567284781933	0.620253164556962	19.0	0.010487934212424008	0.4	20.0	
2.195433240464801e9	1.3819832613705323e9	8.134499790942683e8	50.0	0.0	0.0	0.40816326530612246	0.4108567284781933	0.620253164556962	19.0	0.010487934212424008	0.5	20.0	
2.1913930198727493e9	1.3784115494291542e9	8.129814704435953e8	50.0	0.0	0.0	0.40816326530612246	0.4108567284781933	0.620253164556962	19.0	0.010487934212424008	0.6	20.0	
2.1873682827448883e9	1.3748530762095997e9	8.125152065352883e8	50.0	0.0	0.0	0.40816326530612246	0.4108567284781933	0.620253164556962	19.0	0.010487934212424008	0.7	20.0	
2.1833589771539707e9	1.3713077897812903e9	8.120511873726804e8	50.0	0.0	0.0	0.40816326530612246	0.4108567284781933	0.620253164556962	19.0	0.010487934212424008	0.8	20.0	
2.1793650511280556e9	1.3677756378899841e9	8.115894132380711e8	50.0	0.0	0.0	0.40816326530612246	0.4108567284781933	0.620253164556962	19.0	0.010487934212424008	0.9	20.0	
2.1753864533802996e9	1.364256569230123e9	8.111298841501763e8	50.0	0.0	0.0	0.40816326530612246	0.4108567284781933	0.620253164556962	19.0	0.010487934212424008	1.0	20.0	
2.215868435254938e9	1.40004224135326e9	8.158261939016788e8	50.0	0.0	0.0	0.40816326530612246	0.4158107687519452	0.620253164556962	19.0	0.01280974552658226	0.0	20.0	
2.2117500042881203e9	1.3964035412449508e9	8.153464630431691e8	50.0	0.0	0.0	0.40816326530612246	0.4158107687519452	0.620253164556962	19.0	0.01280974552658226	0.1	20.0	
2.207647320481605e9	1.3927783445591962e9	8.148689759224092e8	50.0	0.0	0.0	0.40816326530612246	0.4158107687519452	0.620253164556962	19.0	0.01280974552658226	0.2	20.0	
2.2035603305201845e9	1.3891665981498418e9	8.143937323703425e8	50.0	0.0	0.0	0.40816326530612246	0.4158107687519452	0.620253164556962	19.0	0.01280974552658226	0.3	20.0	
2.1994889821532974e9	1.3855682507135413e9	8.139207314397562e8	50.0	0.0	0.0	0.40816326530612246	0.4158107687519452	0.620253164556962	19.0	0.01280974552658226	0.4	20.0	
2.1954332216672773e9	1.3819832478318245e9	8.134499738354528e8	50.0	0.0	0.0	0.40816326530612246	0.4158107687519452	0.620253164556962	19.0	0.01280974552658226	0.5	20.0	
2.1913929927445383e9	1.3784115296724262e9	8.12981463072112e8	50.0	0.0	0.0	0.40816326530612246	0.4158107687519452	0.620253164556962	19.0	0.01280974552658226	0.6	20.0	
2.1873682460548925e9	1.3748530495532966e9	8.125151965015955e8	50.0	0.0	0.0	0.40816326530612246	0.4158107687519452	0.620253164556962	19.0	0.01280974552658226	0.7	20.0	
2.1833589295165977e9	1.3713077552529778e9	8.120511742636201e8	50.0	0.0	0.0	0.40816326530612246	0.4158107687519452	0.620253164556962	19.0	0.01280974552658226	0.8	20.0	
2.1793649912207007e9	1.3677755945746226e9	8.115893966460782e8	50.0	0.0	0.0	0.40816326530612246	0.4158107687519452	0.620253164556962	19.0	0.01280974552658226	0.9	20.0	
2.1753863798770466e9	1.364256516213422e9	8.111298636636248e8	50.0	0.0	0.0	0.40816326530612246	0.4158107687519452	0.620253164556962	19.0	0.01280974552658226	1.0	20.0	
