2.215868435254938e9	1.40004224135326e9	8.158261939016788e8	50.0	0.0	0.0	0.16326530612244897	0.18673050615595074	0.494949494949495	9.0	0.02362417925371367	0.0	8.0	
2.2117513169698544e9	1.3964045406389644e9	8.153467763308902e8	50.0	0.0	0.0	0.16326530612244897	0.18673050615595074	0.494949494949495	9.0	0.02362417925371367	0.1	8.0	
2.2076525214817343e9	1.3927822957278476e9	8.148702257538865e8	50.0	0.0	0.0	0.16326530612244897	0.18673050615595074	0.494949494949495	9.0	0.02362417925371367	0.2	8.0	
2.203571922986329e9	1.389175386642594e9	8.14396536343735e8	50.0	0.0	0.0	0.16326530612244897	0.18673050615595074	0.494949494949495	9.0	0.02362417925371367	0.3	8.0	
2.19950939599465e9	1.385583691850886e9	8.13925704143764e8	50.0	0.0	0.0	0.16326530612244897	0.18673050615595074	0.494949494949495	9.0	0.02362417925371367	0.4	8.0	
2.1954648192542334e9	1.3820070961538053e9	8.134577231004281e8	50.0	0.0	0.0	0.16326530612244897	0.18673050615595074	0.494949494949495	9.0	0.02362417925371367	0.5	8.0	
2.191438072986511e9	1.378445484904306e9	8.129925880822048e8	50.0	0.0	0.0	0.16326530612244897	0.18673050615595074	0.494949494949495	9.0	0.02362417925371367	0.6	8.0	
2.1874290382033653e9	1.374898743374208e9	8.125302948291574e8	50.0	0.0	0.0	0.16326530612244897	0.18673050615595074	0.494949494949495	9.0	0.02362417925371367	0.7	8.0	
2.183437599201498e9	1.3713667609647937e9	8.120708382367046e8	50.0	0.0	0.0	0.16326530612244897	0.18673050615595074	0.494949494949495	9.0	0.02362417925371367	0.8	8.0	
2.1794636416287255e9	1.367849427972312e9	8.116142136564138e8	50.0	0.0	0.0	0.16326530612244897	0.18673050615595074	0.494949494949495	9.0	0.02362417925371367	0.9	8.0	
2.175507053003481e9	1.3643466366026335e9	8.111604164008478e8	50.0	0.0	0.0	0.16326530612244897	0.18673050615595074	0.494949494949495	9.0	0.02362417925371367	1.0	8.0	
2.215868435254938e9	1.40004224135326e9	8.158261939016788e8	50.0	0.0	0.0	0.16326530612244897	0.19485791610284167	0.44954128440366975	6.0	0.016925142587282442	0.0	8.0	
2.211754387698467e9	1.396406945962815e9	8.153474417356517e8	50.0	0.0	0.0	0.16326530612244897	0.19485791610284167	0.44954128440366975	6.0	0.016925142587282442	0.1	8.0	
2.2076646468317723e9	1.3927917710385814e9	8.14872875793191e8	50.0	0.0	0.0	0.16326530612244897	0.19485791610284167	0.44954128440366975	6.0	0.016925142587282442	0.2	8.0	
2.2035988549187374e9	1.3891963804303255e9	8.144024744884118e8	50.0	0.0	0.0	0.16326530612244897	0.19485791610284167	0.44954128440366975	6.0	0.016925142587282442	0.3	8.0	
2.19955666559134e9	1.3856204506080127e9	8.139362149833276e8	50.0	0.0	0.0	0.16326530612244897	0.19485791610284167	0.44954128440366975	6.0	0.016925142587282442	0.4	8.0	
2.1955377421339025e9	1.3820636675153008e9	8.134740746186013e8	50.0	0.0	0.0	0.16326530612244897	0.19485791610284167	0.44954128440366975	6.0	0.016925142587282442	0.5	8.0	
2.1915417567609158e9	1.3785257253437972e9	8.130160314171185e8	50.0	0.0	0.0	0.16326530612244897	0.19485791610284167	0.44954128440366975	6.0	0.016925142587282442	0.6	8.0	
2.187568391133939e9	1.3750063279804342e9	8.12562063153504e8	50.0	0.0	0.0	0.16326530612244897	0.19485791610284167	0.44954128440366975	6.0	0.016925142587282442	0.7	8.0	
2.183617335699381e9	1.3715051883489583e9	8.121121473504227e8	50.0	0.0	0.0	0.16326530612244897	0.19485791610284167	0.44954128440366975	6.0	0.016925142587282442	0.8	8.0	
2.1796882877825394e9	1.3680220245746946e9	8.11666263207845e8	50.0	0.0	0.0	0.16326530612244897	0.19485791610284167	0.44954128440366975	6.0	0.016925142587282442	0.9	8.0	
2.175780955153223e9	1.364556567353312e9	8.112243877999113e8	50.0	0.0	0.0	0.16326530612244897	0.19485791610284167	0.44954128440366975	6.0	0.016925142587282442	1.0	8.0	
2.215868435254938e9	1.40004224135326e9	8.158261939016788e8	50.0	0.0	0.0	0.16326530612244897	0.1816326530612245	0.5268817204301075	9.0	0.03395714027091579	0.0	8.0	
2.2117511720685296e9	1.3964044249293947e9	8.153467471391344e8	50.0	0.0	0.0	0.16326530612244897	0.1816326530612245	0.5268817204301075	9.0	0.03395714027091579	0.1	8.0	
2.20765194531312e9	1.3927818362649508e9	8.148701090481694e8	50.0	0.0	0.0	0.16326530612244897	0.1816326530612245	0.5268817204301075	9.0	0.03395714027091579	0.2	8.0	
2.2035706342064056e9	1.3891743602887268e9	8.143962739176792e8	50.0	0.0	0.0	0.16326530612244897	0.1816326530612245	0.5268817204301075	9.0	0.03395714027091579	0.3	8.0	
2.199507118322834e9	1.3855818805434785e9	8.13925237779356e8	50.0	0.0	0.0	0.16326530612244897	0.1816326530612245	0.5268817204301075	9.0	0.03395714027091579	0.4	8.0	
2.195461281030636e9	1.3820042861222649e9	8.134569949083712e8	50.0	0.0	0.0	0.16326530612244897	0.1816326530612245	0.5268817204301075	9.0	0.03395714027091579	0.5	8.0	
2.191433007660408e9	1.3784414677033684e9	8.129915399570394e8	50.0	0.0	0.0	0.16326530612244897	0.1816326530612245	0.5268817204301075	9.0	0.03395714027091579	0.6	8.0	
2.187422183573513e9	1.374893314519622e9	8.125288690538907e8	50.0	0.0	0.0	0.16326530612244897	0.1816326530612245	0.5268817204301075	9.0	0.03395714027091579	0.7	8.0	
2.1834286979364495e9	1.3713597209604402e9	8.120689769760092e8	50.0	0.0	0.0	0.16326530612244897	0.1816326530612245	0.5268817204301075	9.0	0.03395714027091579	0.8	8.0	
2.1794524403059306e9	1.3678405806312342e9	8.116118596746962e8	50.0	0.0	0.0	0.16326530612244897	0.1816326530612245	0.5268817204301075	9.0	0.03395714027091579	0.9	8.0	
2.17549330284654e9	1.3643357903633304e9	8.111575124832095e8	50.0	0.0	0.0	0.16326530612244897	0.1816326530612245	0.5268817204301075	9.0	0.03395714027091579	1.0	8.0	
