2.215868435254938e9	1.40004224135326e9	8.158261939016788e8	50.0	0.0	0.0	0.24489795918367346	0.25998225377107365	0.5697674418604651	13.0	0.01798704190952174	0.0	12.0	
2.211750271092347e9	1.3964037375801773e9	8.153465335121701e8	50.0	0.0	0.0	0.24489795918367346	0.25998225377107365	0.5697674418604651	13.0	0.01798704190952174	0.1	12.0	
2.2076483780467405e9	1.392779120710063e9	8.148692573366771e8	50.0	0.0	0.0	0.24489795918367346	0.25998225377107365	0.5697674418604651	13.0	0.01798704190952174	0.2	12.0	
2.2035626890108676e9	1.3891683248895497e9	8.143943641213174e8	50.0	0.0	0.0	0.24489795918367346	0.25998225377107365	0.5697674418604651	13.0	0.01798704190952174	0.3	12.0	
2.199493136246725e9	1.3855712825859103e9	8.139218536608149e8	50.0	0.0	0.0	0.24489795918367346	0.25998225377107365	0.5697674418604651	13.0	0.01798704190952174	0.4	12.0	
2.195439652733915e9	1.3819879269138818e9	8.134517258200331e8	50.0	0.0	0.0	0.24489795918367346	0.25998225377107365	0.5697674418604651	13.0	0.01798704190952174	0.5	12.0	
2.191402174404986e9	1.378418196188242e9	8.129839782167443e8	50.0	0.0	0.0	0.24489795918367346	0.25998225377107365	0.5697674418604651	13.0	0.01798704190952174	0.6	12.0	
2.187380633110589e9	1.3748620202163892e9	8.125186128941994e8	50.0	0.0	0.0	0.24489795918367346	0.25998225377107365	0.5697674418604651	13.0	0.01798704190952174	0.7	12.0	
2.1833749650124836e9	1.3713193364284225e9	8.120556285840611e8	50.0	0.0	0.0	0.24489795918367346	0.25998225377107365	0.5697674418604651	13.0	0.01798704190952174	0.8	12.0	
2.179385106380224e9	1.367790082149632e9	8.115950242305924e8	50.0	0.0	0.0	0.24489795918367346	0.25998225377107365	0.5697674418604651	13.0	0.01798704190952174	0.9	12.0	
2.175410993923071e9	1.3642741947766194e9	8.111367991464515e8	50.0	0.0	0.0	0.24489795918367346	0.25998225377107365	0.5697674418604651	13.0	0.01798704190952174	1.0	12.0	
2.215868435254938e9	1.40004224135326e9	8.158261939016788e8	50.0	0.0	0.0	0.24489795918367346	0.26056543281842026	0.5903614457831325	15.0	0.023523585337254772	0.0	12.0	
2.2117501487454906e9	1.396403647349615e9	8.153465013958753e8	50.0	0.0	0.0	0.24489795918367346	0.26056543281842026	0.5903614457831325	15.0	0.023523585337254772	0.1	12.0	
2.2076478936074104e9	1.3927787644673007e9	8.1486912914011e8	50.0	0.0	0.0	0.24489795918367346	0.26056543281842026	0.5903614457831325	15.0	0.023523585337254772	0.2	12.0	
2.203561609514059e9	1.3891675329288502e9	8.143940765852087e8	50.0	0.0	0.0	0.24489795918367346	0.26056543281842026	0.5903614457831325	15.0	0.023523585337254772	0.3	12.0	
2.1994912366104383e9	1.385569893466556e9	8.139213431438825e8	50.0	0.0	0.0	0.24489795918367346	0.26056543281842026	0.5903614457831325	15.0	0.023523585337254772	0.4	12.0	
2.19543671351603e9	1.3819857833694873e9	8.134509301465424e8	50.0	0.0	0.0	0.24489795918367346	0.26056543281842026	0.5903614457831325	15.0	0.023523585337254772	0.5	12.0	
2.1913979827011833e9	1.378415146916381e9	8.129828357848027e8	50.0	0.0	0.0	0.24489795918367346	0.26056543281842026	0.5903614457831325	15.0	0.023523585337254772	0.6	12.0	
2.187374983068488e9	1.374857921106269e9	8.125170619622195e8	50.0	0.0	0.0	0.24489795918367346	0.26056543281842026	0.5903614457831325	15.0	0.023523585337254772	0.7	12.0	
2.183367656804942e9	1.3713140487627008e9	8.120536080422415e8	50.0	0.0	0.0	0.24489795918367346	0.26056543281842026	0.5903614457831325	15.0	0.023523585337254772	0.8	12.0	
2.1793759466696615e9	1.3677834734128764e9	8.115924732567856e8	50.0	0.0	0.0	0.24489795918367346	0.26056543281842026	0.5903614457831325	15.0	0.023523585337254772	0.9	12.0	
2.1753997949407077e9	1.3642661373626828e9	8.111336575780247e8	50.0	0.0	0.0	0.24489795918367346	0.26056543281842026	0.5903614457831325	15.0	0.023523585337254772	1.0	12.0	
2.215868435254938e9	1.40004224135326e9	8.158261939016788e8	50.0	0.0	0.0	0.24489795918367346	0.23579629084486312	0.5903614457831325	15.0	0.02572738251807577	0.0	12.0	
2.2117501283533792e9	1.3964036316138597e9	8.153464967395201e8	50.0	0.0	0.0	0.24489795918367346	0.23579629084486312	0.5903614457831325	15.0	0.02572738251807577	0.1	12.0	
2.2076478124264708e9	1.3927787019252567e9	8.148691105012138e8	50.0	0.0	0.0	0.24489795918367346	0.23579629084486312	0.5903614457831325	15.0	0.02572738251807577	0.2	12.0	
2.2035614276921725e9	1.3891673929506836e9	8.143940347414889e8	50.0	0.0	0.0	0.24489795918367346	0.23579629084486312	0.5903614457831325	15.0	0.02572738251807577	0.3	12.0	
2.199490915219491e9	1.3855696465686388e9	8.139212686508526e8	50.0	0.0	0.0	0.24489795918367346	0.23579629084486312	0.5903614457831325	15.0	0.02572738251807577	0.4	12.0	
2.195436213915498e9	1.3819854001255383e9	8.13450813789959e8	50.0	0.0	0.0	0.24489795918367346	0.23579629084486312	0.5903614457831325	15.0	0.02572738251807577	0.5	12.0	
2.191397267328259e9	1.3784145993847218e9	8.129826679435372e8	50.0	0.0	0.0	0.24489795918367346	0.23579629084486312	0.5903614457831325	15.0	0.02572738251807577	0.6	12.0	
2.187374013594139e9	1.37485717925186e9	8.125168343422792e8	50.0	0.0	0.0	0.24489795918367346	0.23579629084486312	0.5903614457831325	15.0	0.02572738251807577	0.7	12.0	
2.1833663969428396e9	1.3713130859981973e9	8.12053310944642e8	50.0	0.0	0.0	0.24489795918367346	0.23579629084486312	0.5903614457831325	15.0	0.02572738251807577	0.8	12.0	
2.1793743601927347e9	1.3677822627047648e9	8.115920974879698e8	50.0	0.0	0.0	0.24489795918367346	0.23579629084486312	0.5903614457831325	15.0	0.02572738251807577	0.9	12.0	
2.1753978461687574e9	1.3642646521895661e9	8.111331939791914e8	50.0	0.0	0.0	0.24489795918367346	0.23579629084486312	0.5903614457831325	15.0	0.02572738251807577	1.0	12.0	
