2.215868435254938e9	1.40004224135326e9	8.158261939016788e8	50.0	0.0	0.0	0.32653061224489793	0.32456140350877194	0.5632183908045977	11.0	0.0059206704646232915	0.0	16.0	
2.2117503383254604e9	1.3964037845976121e9	8.153465537278485e8	50.0	0.0	0.0	0.32653061224489793	0.32456140350877194	0.5632183908045977	11.0	0.0059206704646232915	0.1	16.0	
2.2076486423870144e9	1.3927793048941214e9	8.14869337492893e8	50.0	0.0	0.0	0.32653061224489793	0.32456140350877194	0.5632183908045977	11.0	0.0059206704646232915	0.2	16.0	
2.203563272547788e9	1.389168728841124e9	8.143945437066642e8	50.0	0.0	0.0	0.32653061224489793	0.32456140350877194	0.5632183908045977	11.0	0.0059206704646232915	0.3	16.0	
2.1994941551880336e9	1.385571984713161e9	8.139221704748728e8	50.0	0.0	0.0	0.32653061224489793	0.32456140350877194	0.5632183908045977	11.0	0.0059206704646232915	0.4	16.0	
2.195441216015108e9	1.381988998571581e9	8.134522174435275e8	50.0	0.0	0.0	0.32653061224489793	0.32456140350877194	0.5632183908045977	11.0	0.0059206704646232915	0.5	16.0	
2.191404384690588e9	1.378419703489312e9	8.129846812012755e8	50.0	0.0	0.0	0.32653061224489793	0.32456140350877194	0.5632183908045977	11.0	0.0059206704646232915	0.6	16.0	
2.1873835851239843e9	1.3748640203950934e9	8.125195647288909e8	50.0	0.0	0.0	0.32653061224489793	0.32456140350877194	0.5632183908045977	11.0	0.0059206704646232915	0.7	16.0	
2.1833787491571736e9	1.37132188499541e9	8.120568641617638e8	50.0	0.0	0.0	0.32653061224489793	0.32456140350877194	0.5632183908045977	11.0	0.0059206704646232915	0.8	16.0	
2.1793898067871265e9	1.3677932285106938e9	8.11596578276433e8	50.0	0.0	0.0	0.32653061224489793	0.32456140350877194	0.5632183908045977	11.0	0.0059206704646232915	0.9	16.0	
2.175416688576934e9	1.364277982657616e9	8.111387059193178e8	50.0	0.0	0.0	0.32653061224489793	0.32456140350877194	0.5632183908045977	11.0	0.0059206704646232915	1.0	16.0	
2.215868435254938e9	1.40004224135326e9	8.158261939016788e8	50.0	0.0	0.0	0.32653061224489793	0.333984375	0.5632183908045977	11.0	0.005612864371050481	0.0	16.0	
2.2117503787579565e9	1.3964038152156277e9	8.153465635423288e8	50.0	0.0	0.0	0.32653061224489793	0.333984375	0.5632183908045977	11.0	0.005612864371050481	0.1	16.0	
2.2076488027817955e9	1.3927794261312091e9	8.148693766505865e8	50.0	0.0	0.0	0.32653061224489793	0.333984375	0.5632183908045977	11.0	0.005612864371050481	0.2	16.0	
2.203563630565522e9	1.3891689990320663e9	8.143946315334557e8	50.0	0.0	0.0	0.32653061224489793	0.333984375	0.5632183908045977	11.0	0.005612864371050481	0.3	16.0	
2.1994947862801e9	1.3855724598283136e9	8.139223264517868e8	50.0	0.0	0.0	0.32653061224489793	0.333984375	0.5632183908045977	11.0	0.005612864371050481	0.4	16.0	
2.195442194095478e9	1.3819897335019503e9	8.134524605935278e8	50.0	0.0	0.0	0.32653061224489793	0.333984375	0.5632183908045977	11.0	0.005612864371050481	0.5	16.0	
2.1914057815699778e9	1.3784207508726158e9	8.129850306973618e8	50.0	0.0	0.0	0.32653061224489793	0.333984375	0.5632183908045977	11.0	0.005612864371050481	0.6	16.0	
2.187385471651457e9	1.374865432811021e9	8.125200388404359e8	50.0	0.0	0.0	0.32653061224489793	0.333984375	0.5632183908045977	11.0	0.005612864371050481	0.7	16.0	
2.1833811934404707e9	1.3713237114715638e9	8.120574819689072e8	50.0	0.0	0.0	0.32653061224489793	0.333984375	0.5632183908045977	11.0	0.005612864371050481	0.8	16.0	
2.179392875640861e9	1.367795517265042e9	8.11597358375819e8	50.0	0.0	0.0	0.32653061224489793	0.333984375	0.5632183908045977	11.0	0.005612864371050481	0.9	16.0	
2.175420447147788e9	1.364280780395007e9	8.111396667527809e8	50.0	0.0	0.0	0.32653061224489793	0.333984375	0.5632183908045977	11.0	0.005612864371050481	1.0	16.0	
2.215868435254938e9	1.40004224135326e9	8.158261939016788e8	50.0	0.0	0.0	0.32653061224489793	0.32920872679908825	0.5903614457831325	15.0	0.011972832062117777	0.0	16.0	
2.2117500946973147e9	1.3964036063088675e9	8.153464883884473e8	50.0	0.0	0.0	0.32653061224489793	0.32920872679908825	0.5903614457831325	15.0	0.011972832062117777	0.1	16.0	
2.2076476786601553e9	1.392778601526907e9	8.148690771332482e8	50.0	0.0	0.0	0.32653061224489793	0.32920872679908825	0.5903614457831325	15.0	0.011972832062117777	0.2	16.0	
2.2035611287135572e9	1.3891671689551432e9	8.143939597584143e8	50.0	0.0	0.0	0.32653061224489793	0.32920872679908825	0.5903614457831325	15.0	0.011972832062117777	0.3	16.0	
2.1994903873566785e9	1.385569252067987e9	8.13921135288692e8	50.0	0.0	0.0	0.32653061224489793	0.32920872679908825	0.5903614457831325	15.0	0.011972832062117777	0.4	16.0	
2.1954353950535793e9	1.3819847899366186e9	8.134506051169605e8	50.0	0.0	0.0	0.32653061224489793	0.32920872679908825	0.5903614457831325	15.0	0.011972832062117777	0.5	16.0	
2.1913960947964506e9	1.3784137260775697e9	8.129823687188811e8	50.0	0.0	0.0	0.32653061224489793	0.32920872679908825	0.5903614457831325	15.0	0.011972832062117777	0.6	16.0	
2.187372427879687e9	1.3748560003234794e9	8.125164275562074e8	50.0	0.0	0.0	0.32653061224489793	0.32920872679908825	0.5903614457831325	15.0	0.011972832062117777	0.7	16.0	
2.1833643391537714e9	1.3713115589938962e9	8.120527801598753e8	50.0	0.0	0.0	0.32653061224489793	0.32920872679908825	0.5903614457831325	15.0	0.011972832062117777	0.8	16.0	
2.1793717725712447e9	1.3677803462238436e9	8.115914263474008e8	50.0	0.0	0.0	0.32653061224489793	0.32920872679908825	0.5903614457831325	15.0	0.011972832062117777	0.9	16.0	
2.1753946720812836e9	1.364262305896838e9	8.111323661844456e8	50.0	0.0	0.0	0.32653061224489793	0.32920872679908825	0.5903614457831325	15.0	0.011972832062117777	1.0	16.0	
