2.215868435254938e9	1.40004224135326e9	8.158261939016788e8	50.0	0.0	0.0	0.04081632653061224	0.0	0.12860892388451445	2.0	0.04081632653061224	0.0	3.0	
2.2118537847091265e9	1.3964913451659634e9	8.153624395431633e8	50.0	0.0	0.0	0.04081632653061224	0.0	0.12860892388451445	2.0	0.04081632653061224	0.1	3.0	
2.2080540583093824e9	1.3931211030105417e9	8.149329552988406e8	50.0	0.0	0.0	0.04081632653061224	0.0	0.12860892388451445	2.0	0.04081632653061224	0.2	3.0	
2.204457508869265e9	1.389919586423322e9	8.145379224459431e8	50.0	0.0	0.0	0.04081632653061224	0.0	0.12860892388451445	2.0	0.04081632653061224	0.3	3.0	
2.201053486044623e9	1.3868758641700916e9	8.141776218745313e8	50.0	0.0	0.0	0.04081632653061224	0.0	0.12860892388451445	2.0	0.04081632653061224	0.4	3.0	
2.197832351827636e9	1.3839799158531084e9	8.13852435974527e8	50.0	0.0	0.0	0.04081632653061224	0.0	0.12860892388451445	2.0	0.04081632653061224	0.5	3.0	
2.1947854010637636e9	1.3812225481346307e9	8.135628529291329e8	50.0	0.0	0.0	0.04081632653061224	0.0	0.12860892388451445	2.0	0.04081632653061224	0.6	3.0	
2.191904793730606e9	1.3785953225827703e9	8.133094711478353e8	50.0	0.0	0.0	0.04081632653061224	0.0	0.12860892388451445	2.0	0.04081632653061224	0.7	3.0	
2.1891834932757573e9	1.376090490350047e9	8.130930029257104e8	50.0	0.0	0.0	0.04081632653061224	0.0	0.12860892388451445	2.0	0.04081632653061224	0.8	3.0	
2.1866152121130896e9	1.3737009316171086e9	8.12914280495981e8	50.0	0.0	0.0	0.04081632653061224	0.0	0.12860892388451445	2.0	0.04081632653061224	0.9	3.0	
2.1841943654014864e9	1.37142010347866e9	8.127742619228265e8	50.0	0.0	0.0	0.04081632653061224	0.0	0.12860892388451445	2.0	0.04081632653061224	1.0	3.0	
2.215868435254938e9	1.40004224135326e9	8.158261939016788e8	50.0	0.0	0.0	0.04081632653061224	0.04225352112676056	0.1240506329113924	1.0	0.0	0.0	3.0	
2.2119053153344955e9	1.396534621380252e9	8.153706939542437e8	50.0	0.0	0.0	0.04081632653061224	0.04225352112676056	0.1240506329113924	1.0	0.0	0.1	3.0	
2.2082504025995626e9	1.393284229002473e9	8.149661735970895e8	50.0	0.0	0.0	0.04081632653061224	0.04225352112676056	0.1240506329113924	1.0	0.0	0.2	3.0	
2.204879205055112e9	1.3902659053725755e9	8.146132996825366e8	50.0	0.0	0.0	0.04081632653061224	0.04225352112676056	0.1240506329113924	1.0	0.0	0.3	3.0	
2.2017706437039685e9	1.3874575469527805e9	8.143130967511879e8	50.0	0.0	0.0	0.04081632653061224	0.04225352112676056	0.1240506329113924	1.0	0.0	0.4	3.0	
2.198906695337446e9	1.3848397281153996e9	8.140669672220465e8	50.0	0.0	0.0	0.04081632653061224	0.04225352112676056	0.1240506329113924	1.0	0.0	0.5	3.0	
2.196272095268695e9	1.382395376308523e9	8.138767189601717e8	50.0	0.0	0.0	0.04081632653061224	0.04225352112676056	0.1240506329113924	1.0	0.0	0.6	3.0	
2.1938540792708993e9	1.3801094863808854e9	8.137445928900139e8	50.0	0.0	0.0	0.04081632653061224	0.04225352112676056	0.1240506329113924	1.0	0.0	0.7	3.0	
2.191642175558382e9	1.3779688765372043e9	8.136732990211773e8	50.0	0.0	0.0	0.04081632653061224	0.04225352112676056	0.1240506329113924	1.0	0.0	0.8	3.0	
2.189628030604571e9	1.3759619756270044e9	8.136660549775665e8	49.0	1.0	0.0	0.04081632653061224	0.04225352112676056	0.1240506329113924	1.0	0.0	0.9	3.0	
2.187805267303155e9	1.3740786360951185e9	8.137266312080363e8	49.0	1.0	0.0	0.04081632653061224	0.04225352112676056	0.1240506329113924	1.0	0.0	1.0	3.0	
2.215868435254938e9	1.40004224135326e9	8.158261939016788e8	50.0	0.0	0.0	0.04081632653061224	0.0	0.1349862258953168	1.0	0.0	0.0	3.0	
2.211905521883033e9	1.3965348064996195e9	8.153707153834133e8	50.0	0.0	0.0	0.04081632653061224	0.0	0.1349862258953168	1.0	0.0	0.1	3.0	
2.2082512212128935e9	1.393284962832765e9	8.149662583801281e8	50.0	0.0	0.0	0.04081632653061224	0.0	0.1349862258953168	1.0	0.0	0.2	3.0	
2.204881029151821e9	1.3902675408228924e9	8.146134883289287e8	50.0	0.0	0.0	0.04081632653061224	0.0	0.1349862258953168	1.0	0.0	0.3	3.0	
2.2017738541477175e9	1.3874604262095737e9	8.143134279381437e8	50.0	0.0	0.0	0.04081632653061224	0.0	0.1349862258953168	1.0	0.0	0.4	3.0	
2.1989116594587884e9	1.3848441813421466e9	8.140674781166418e8	50.0	0.0	0.0	0.04081632653061224	0.0	0.1349862258953168	1.0	0.0	0.5	3.0	
2.1962791667886395e9	1.3824017219259658e9	8.13877444862674e8	50.0	0.0	0.0	0.04081632653061224	0.0	0.1349862258953168	1.0	0.0	0.6	3.0	
2.193863598103323e9	1.3801180308354187e9	8.137455672679039e8	50.0	0.0	0.0	0.04081632653061224	0.0	0.1349862258953168	1.0	0.0	0.7	3.0	
2.1916544678853707e9	1.3779799143642852e9	8.136745535210855e8	50.0	0.0	0.0	0.04081632653061224	0.0	0.1349862258953168	1.0	0.0	0.8	3.0	
2.1896434091536202e9	1.375975789288872e9	8.136676198647481e8	49.0	1.0	0.0	0.04081632653061224	0.0	0.1349862258953168	1.0	0.0	0.9	3.0	
2.187824032576393e9	1.3740954972075255e9	8.137285353688676e8	49.0	1.0	0.0	0.04081632653061224	0.0	0.1349862258953168	1.0	0.0	1.0	3.0	
