2.215868435254938e9	1.40004224135326e9	8.158261939016788e8	50.0	0.0	0.0	0.16326530612244897	0.18571428571428572	0.4803921568627451	8.0	0.02081649572083245	0.0	9.0	
2.2117519014110985e9	1.3964049927667723e9	8.153469086443262e8	50.0	0.0	0.0	0.16326530612244897	0.18571428571428572	0.4803921568627451	8.0	0.02081649572083245	0.1	9.0	
2.2076548323219075e9	1.392784079719643e9	8.148707526022644e8	50.0	0.0	0.0	0.16326530612244897	0.18571428571428572	0.4803921568627451	8.0	0.02081649572083245	0.2	9.0	
2.2035770616074142e9	1.3891793442175493e9	8.143977173898647e8	50.0	0.0	0.0	0.16326530612244897	0.18571428571428572	0.4803921568627451	8.0	0.02081649572083245	0.3	9.0	
2.199518426066717e9	1.3855906310316925e9	8.139277950350245e8	50.0	0.0	0.0	0.16326530612244897	0.18571428571428572	0.4803921568627451	8.0	0.02081649572083245	0.4	9.0	
2.1954787668672934e9	1.3820177903363333e9	8.134609765309603e8	50.0	0.0	0.0	0.16326530612244897	0.18571428571428572	0.4803921568627451	8.0	0.02081649572083245	0.5	9.0	
2.191457927908e9	1.3784606746546311e9	8.129972532533695e8	50.0	0.0	0.0	0.16326530612244897	0.18571428571428572	0.4803921568627451	8.0	0.02081649572083245	0.6	9.0	
2.18745575559686e9	1.3749191379380245e9	8.125366176588359e8	50.0	0.0	0.0	0.16326530612244897	0.18571428571428572	0.4803921568627451	8.0	0.02081649572083245	0.7	9.0	
2.183472099328083e9	1.3713930374648743e9	8.120790618632085e8	50.0	0.0	0.0	0.16326530612244897	0.18571428571428572	0.4803921568627451	8.0	0.02081649572083245	0.8	9.0	
2.179506811757866e9	1.3678822337712288e9	8.11624577986637e8	50.0	0.0	0.0	0.16326530612244897	0.18571428571428572	0.4803921568627451	8.0	0.02081649572083245	0.9	9.0	
2.1755597492684407e9	1.364386591764551e9	8.111731575038893e8	50.0	0.0	0.0	0.16326530612244897	0.18571428571428572	0.4803921568627451	8.0	0.02081649572083245	1.0	9.0	
2.215868435254938e9	1.40004224135326e9	8.158261939016788e8	50.0	0.0	0.0	0.16326530612244897	0.20192307692307693	0.4016393442622951	5.0	0.0026216060017080424	0.0	9.0	
2.211758756204213e9	1.3964104883933492e9	8.153482678108644e8	50.0	0.0	0.0	0.16326530612244897	0.20192307692307693	0.4016393442622951	5.0	0.0026216060017080424	0.1	9.0	
2.2076819060086794e9	1.3928057320435464e9	8.14876173965133e8	50.0	0.0	0.0	0.16326530612244897	0.20192307692307693	0.4016393442622951	5.0	0.0026216060017080424	0.2	9.0	
2.203637215324652e9	1.3892273343357358e9	8.144098809889169e8	50.0	0.0	0.0	0.16326530612244897	0.20192307692307693	0.4016393442622951	5.0	0.0026216060017080424	0.3	9.0	
2.199624039330332e9	1.3856746835706306e9	8.139493557597018e8	50.0	0.0	0.0	0.16326530612244897	0.20192307692307693	0.4016393442622951	5.0	0.0026216060017080424	0.4	9.0	
2.195641753390797e9	1.3821471869343886e9	8.134945664564083e8	50.0	0.0	0.0	0.16326530612244897	0.20192307692307693	0.4016393442622951	5.0	0.0026216060017080424	0.5	9.0	
2.191689753955614e9	1.3786442732837882e9	8.130454806718261e8	50.0	0.0	0.0	0.16326530612244897	0.20192307692307693	0.4016393442622951	5.0	0.0026216060017080424	0.6	9.0	
2.18776745725216e9	1.3751653914152796e9	8.126020658368808e8	50.0	0.0	0.0	0.16326530612244897	0.20192307692307693	0.4016393442622951	5.0	0.0026216060017080424	0.7	9.0	
2.1838742990529118e9	1.371710009970371e9	8.121642890825403e8	50.0	0.0	0.0	0.16326530612244897	0.20192307692307693	0.4016393442622951	5.0	0.0026216060017080424	0.8	9.0	
2.180009732694289e9	1.3682776144310417e9	8.117321182632475e8	50.0	0.0	0.0	0.16326530612244897	0.20192307692307693	0.4016393442622951	5.0	0.0026216060017080424	0.9	9.0	
2.176173230238799e9	1.3648677101002924e9	8.113055201385067e8	50.0	0.0	0.0	0.16326530612244897	0.20192307692307693	0.4016393442622951	5.0	0.0026216060017080424	1.0	9.0	
2.215868435254938e9	1.40004224135326e9	8.158261939016788e8	50.0	0.0	0.0	0.16326530612244897	0.1750503018108652	0.44545454545454544	6.0	0.01151376495764251	0.0	9.0	
2.211754258548142e9	1.3964068457716434e9	8.153474127764986e8	50.0	0.0	0.0	0.16326530612244897	0.1750503018108652	0.44545454545454544	6.0	0.01151376495764251	0.1	9.0	
2.207664136866239e9	1.3927913767840765e9	8.148727600821626e8	50.0	0.0	0.0	0.16326530612244897	0.1750503018108652	0.44545454545454544	6.0	0.01151376495764251	0.2	9.0	
2.203597722147451e9	1.389195507677706e9	8.144022144697452e8	50.0	0.0	0.0	0.16326530612244897	0.1750503018108652	0.44545454545454544	6.0	0.01151376495764251	0.3	9.0	
2.199554677206048e9	1.3856189236031153e9	8.13935753602933e8	50.0	0.0	0.0	0.16326530612244897	0.1750503018108652	0.44545454545454544	6.0	0.01151376495764251	0.4	9.0	
2.1955346744282804e9	1.3820613193060434e9	8.134733551222368e8	50.0	0.0	0.0	0.16326530612244897	0.1750503018108652	0.44545454545454544	6.0	0.01151376495764251	0.5	9.0	
2.1915373951013966e9	1.3785223979415965e9	8.130149971598003e8	50.0	0.0	0.0	0.16326530612244897	0.1750503018108652	0.44545454545454544	6.0	0.01151376495764251	0.6	9.0	
2.187562528729441e9	1.375001870114534e9	8.125606586149073e8	50.0	0.0	0.0	0.16326530612244897	0.1750503018108652	0.44545454545454544	6.0	0.01151376495764251	0.7	9.0	
2.183609774362092e9	1.3714994572033966e9	8.121103171586956e8	50.0	0.0	0.0	0.16326530612244897	0.1750503018108652	0.44545454545454544	6.0	0.01151376495764251	0.8	9.0	
2.179678838079213e9	1.3680148863002362e9	8.116639517789769e8	50.0	0.0	0.0	0.16326530612244897	0.1750503018108652	0.44545454545454544	6.0	0.01151376495764251	0.9	9.0	
2.175769435065663e9	1.3645478946371589e9	8.11221540428504e8	50.0	0.0	0.0	0.16326530612244897	0.1750503018108652	0.44545454545454544	6.0	0.01151376495764251	1.0	9.0	
