2.215868435254938e9	1.40004224135326e9	8.158261939016788e8	50.0	0.0	0.0	0.12244897959183673	0.14962593516209477	0.4537037037037037	7.0	0.03796405032124863	0.0	6.0	
2.2117539394874053e9	1.396406630318551e9	8.153473091688542e8	50.0	0.0	0.0	0.12244897959183673	0.14962593516209477	0.4537037037037037	7.0	0.03796405032124863	0.1	6.0	
2.207662910759735e9	1.3927905592150364e9	8.148723515446992e8	50.0	0.0	0.0	0.12244897959183673	0.14962593516209477	0.4537037037037037	7.0	0.03796405032124863	0.2	6.0	
2.2035950731160994e9	1.3891937641636038e9	8.144013089524958e8	50.0	0.0	0.0	0.12244897959183673	0.14962593516209477	0.4537037037037037	7.0	0.03796405032124863	0.3	6.0	
2.199550159120351e9	1.385615991577425e9	8.139341675429256e8	50.0	0.0	0.0	0.12244897959183673	0.14962593516209477	0.4537037037037037	7.0	0.03796405032124863	0.4	6.0	
2.195527907214052e9	1.3820569927919943e9	8.134709144220577e8	50.0	0.0	0.0	0.12244897959183673	0.14962593516209477	0.4537037037037037	7.0	0.03796405032124863	0.5	6.0	
2.191528062144667e9	1.3785165257537274e9	8.130115363909396e8	50.0	0.0	0.0	0.12244897959183673	0.14962593516209477	0.4537037037037037	7.0	0.03796405032124863	0.6	6.0	
2.187550373507719e9	1.3749943524260767e9	8.125560210816425e8	50.0	0.0	0.0	0.12244897959183673	0.14962593516209477	0.4537037037037037	7.0	0.03796405032124863	0.7	6.0	
2.183594597075597e9	1.3714902410114434e9	8.12104356064153e8	50.0	0.0	0.0	0.12244897959183673	0.14962593516209477	0.4537037037037037	7.0	0.03796405032124863	0.8	6.0	
2.1796604946787243e9	1.3680039658916502e9	8.116565287870743e8	50.0	0.0	0.0	0.12244897959183673	0.14962593516209477	0.4537037037037037	7.0	0.03796405032124863	0.9	6.0	
2.175747833271144e9	1.3645353064477332e9	8.11212526823411e8	50.0	0.0	0.0	0.12244897959183673	0.14962593516209477	0.4537037037037037	7.0	0.03796405032124863	1.0	6.0	
2.215868435254938e9	1.40004224135326e9	8.158261939016788e8	50.0	0.0	0.0	0.12244897959183673	0.16879795396419436	0.3858267716535433	4.0	0.007685381983851371	0.0	6.0	
2.2117638937998133e9	1.3964146745212204e9	8.153492192785923e8	50.0	0.0	0.0	0.12244897959183673	0.16879795396419436	0.3858267716535433	4.0	0.007685381983851371	0.1	6.0	
2.207702117287072e9	1.3928221487745275e9	8.148799685125449e8	50.0	0.0	0.0	0.12244897959183673	0.16879795396419436	0.3858267716535433	4.0	0.007685381983851371	0.2	6.0	
2.20368194771519e9	1.389263554664095e9	8.144183930510949e8	50.0	0.0	0.0	0.12244897959183673	0.16879795396419436	0.3858267716535433	4.0	0.007685381983851371	0.3	6.0	
2.1997022760822163e9	1.3857378326288772e9	8.139644434533387e8	50.0	0.0	0.0	0.12244897959183673	0.16879795396419436	0.3858267716535433	4.0	0.007685381983851371	0.4	6.0	
2.1957620389944963e9	1.3822439689393885e9	8.135180700551081e8	50.0	0.0	0.0	0.12244897959183673	0.16879795396419436	0.3858267716535433	4.0	0.007685381983851371	0.5	6.0	
2.191860215710497e9	1.378780992144773e9	8.130792235657238e8	50.0	0.0	0.0	0.12244897959183673	0.16879795396419436	0.3858267716535433	4.0	0.007685381983851371	0.6	6.0	
2.1879958273690205e9	1.3753479742664428e9	8.126478531025779e8	50.0	0.0	0.0	0.12244897959183673	0.16879795396419436	0.3858267716535433	4.0	0.007685381983851371	0.7	6.0	
2.1841679336840816e9	1.3719440254827385e9	8.122239082013429e8	50.0	0.0	0.0	0.12244897959183673	0.16879795396419436	0.3858267716535433	4.0	0.007685381983851371	0.8	6.0	
2.1803756321592913e9	1.3685682945991182e9	8.118073375601733e8	50.0	0.0	0.0	0.12244897959183673	0.16879795396419436	0.3858267716535433	4.0	0.007685381983851371	0.9	6.0	
2.1766180557300673e9	1.3652199669212575e9	8.113980888088102e8	50.0	0.0	0.0	0.12244897959183673	0.16879795396419436	0.3858267716535433	4.0	0.007685381983851371	1.0	6.0	
2.215868435254938e9	1.40004224135326e9	8.158261939016788e8	50.0	0.0	0.0	0.12244897959183673	0.11639549436795996	0.4083333333333333	5.0	0.022213308469686024	0.0	6.0	
2.211758656159207e9	1.3964104119266024e9	8.153482442326044e8	50.0	0.0	0.0	0.12244897959183673	0.11639549436795996	0.4083333333333333	5.0	0.022213308469686024	0.1	6.0	
2.2076815116034136e9	1.3928054323954124e9	8.148760792080009e8	50.0	0.0	0.0	0.12244897959183673	0.11639549436795996	0.4083333333333333	5.0	0.022213308469686024	0.2	6.0	
2.203636340381177e9	1.3892266733537214e9	8.144096670274554e8	50.0	0.0	0.0	0.12244897959183673	0.11639549436795996	0.4083333333333333	5.0	0.022213308469686024	0.3	6.0	
2.199622505370618e9	1.385673531135413e9	8.139489742352052e8	50.0	0.0	0.0	0.12244897959183673	0.11639549436795996	0.4083333333333333	5.0	0.022213308469686024	0.4	6.0	
2.195639390223386e9	1.382145422190425e9	8.134939680329607e8	50.0	0.0	0.0	0.12244897959183673	0.11639549436795996	0.4083333333333333	5.0	0.022213308469686024	0.5	6.0	
2.1916863982588673e9	1.3786417820679321e9	8.130446161909351e8	50.0	0.0	0.0	0.12244897959183673	0.11639549436795996	0.4083333333333333	5.0	0.022213308469686024	0.6	6.0	
2.187762953298861e9	1.3751620679598978e9	8.126008853389634e8	50.0	0.0	0.0	0.12244897959183673	0.11639549436795996	0.4083333333333333	5.0	0.022213308469686024	0.7	6.0	
2.183868497411724e9	1.371705754462584e9	8.121627429491403e8	50.0	0.0	0.0	0.12244897959183673	0.11639549436795996	0.4083333333333333	5.0	0.022213308469686024	0.8	6.0	
2.180002491658288e9	1.3682723359838805e9	8.117301556744075e8	50.0	0.0	0.0	0.12244897959183673	0.11639549436795996	0.4083333333333333	5.0	0.022213308469686024	0.9	6.0	
2.1761644146015816e9	1.364861324455387e9	8.113030901461943e8	50.0	0.0	0.0	0.12244897959183673	0.11639549436795996	0.4083333333333333	5.0	0.022213308469686024	1.0	6.0	
