2.215868435254938e9	1.40004224135326e9	8.158261939016788e8	50.0	0.0	0.0	0.3673469387755102	0.38093415007656967	0.6282051282051282	20.0	0.01621850843789619	0.0	18.0	
2.2117499993366375e9	1.396403537922238e9	8.153464614143991e8	50.0	0.0	0.0	0.3673469387755102	0.38093415007656967	0.6282051282051282	20.0	0.01621850843789619	0.1	18.0	
2.207647300988615e9	1.3927783315652263e9	8.14868969423389e8	50.0	0.0	0.0	0.3673469387755102	0.38093415007656967	0.6282051282051282	20.0	0.01621850843789619	0.2	18.0	
2.2035602871675205e9	1.3891665693449697e9	8.14393717822551e8	50.0	0.0	0.0	0.3673469387755102	0.38093415007656967	0.6282051282051282	20.0	0.01621850843789619	0.3	18.0	
2.1994889063193474e9	1.385568200857146e9	8.139207054622014e8	50.0	0.0	0.0	0.3673469387755102	0.38093415007656967	0.6282051282051282	20.0	0.01621850843789619	0.4	18.0	
2.1954331038532705e9	1.3819831696414132e9	8.134499342118574e8	50.0	0.0	0.0	0.3673469387755102	0.38093415007656967	0.6282051282051282	20.0	0.01621850843789619	0.5	18.0	
2.191392826663434e9	1.3784114216972587e9	8.129814049661752e8	50.0	0.0	0.0	0.3673469387755102	0.38093415007656967	0.6282051282051282	20.0	0.01621850843789619	0.6	18.0	
2.187368023164488e9	1.3748529056524098e9	8.125151175120778e8	50.0	0.0	0.0	0.3673469387755102	0.38093415007656967	0.6282051282051282	20.0	0.01621850843789619	0.7	18.0	
2.183358642414642e9	1.3713075710926943e9	8.120510713219479e8	50.0	0.0	0.0	0.3673469387755102	0.38093415007656967	0.6282051282051282	20.0	0.01621850843789619	0.8	18.0	
2.1793646330866423e9	1.367775366671533e9	8.11589266415109e8	50.0	0.0	0.0	0.3673469387755102	0.38093415007656967	0.6282051282051282	20.0	0.01621850843789619	0.9	18.0	
2.1753859439595194e9	1.3642562408400588e9	8.111297031194606e8	50.0	0.0	0.0	0.3673469387755102	0.38093415007656967	0.6282051282051282	20.0	0.01621850843789619	1.0	18.0	
2.215868435254938e9	1.40004224135326e9	8.158261939016788e8	50.0	0.0	0.0	0.3673469387755102	0.38	0.6363636363636364	21.0	0.017756994989137846	0.0	18.0	
2.2117499875155325e9	1.3964035294739823e9	8.153464580415502e8	50.0	0.0	0.0	0.3673469387755102	0.38	0.6363636363636364	21.0	0.017756994989137846	0.1	18.0	
2.207647254078806e9	1.3927782981431332e9	8.148689559356725e8	50.0	0.0	0.0	0.3673469387755102	0.38	0.6363636363636364	21.0	0.017756994989137846	0.2	18.0	
2.2035601825295043e9	1.3891664950292594e9	8.143936875002446e8	50.0	0.0	0.0	0.3673469387755102	0.38	0.6363636363636364	21.0	0.017756994989137846	0.3	18.0	
2.1994887220314145e9	1.3855680705616724e9	8.139206514697421e8	50.0	0.0	0.0	0.3673469387755102	0.38	0.6363636363636364	21.0	0.017756994989137846	0.4	18.0	
2.195432818378651e9	1.3819829685144668e9	8.134498498641844e8	50.0	0.0	0.0	0.3673469387755102	0.38	0.6363636363636364	21.0	0.017756994989137846	0.5	18.0	
2.1913924188296843e9	1.378411135047211e9	8.12981283782473e8	50.0	0.0	0.0	0.3673469387755102	0.38	0.6363636363636364	21.0	0.017756994989137846	0.6	18.0	
2.187367472759901e9	1.3748525200821269e9	8.125149526777747e8	50.0	0.0	0.0	0.3673469387755102	0.38	0.6363636363636364	21.0	0.017756994989137846	0.7	18.0	
2.183357929723547e9	1.3713070736956763e9	8.120508560278709e8	50.0	0.0	0.0	0.3673469387755102	0.38	0.6363636363636364	21.0	0.017756994989137846	0.8	18.0	
2.1793637388478155e9	1.367774744858213e9	8.115889939896026e8	50.0	0.0	0.0	0.3673469387755102	0.38	0.6363636363636364	21.0	0.017756994989137846	0.9	18.0	
2.175384849390541e9	1.3642554824983044e9	8.111293668922372e8	50.0	0.0	0.0	0.3673469387755102	0.38	0.6363636363636364	21.0	0.017756994989137846	1.0	18.0	
2.215868435254938e9	1.40004224135326e9	8.158261939016788e8	50.0	0.0	0.0	0.3673469387755102	0.37797390636991557	0.5903614457831325	15.0	0.008636105957534529	0.0	18.0	
2.2117500978139477e9	1.3964036086259136e9	8.153464891880345e8	50.0	0.0	0.0	0.3673469387755102	0.37797390636991557	0.5903614457831325	15.0	0.008636105957534529	0.1	18.0	
2.207647691016055e9	1.3927786106911912e9	8.148690803248637e8	50.0	0.0	0.0	0.3673469387755102	0.37797390636991557	0.5903614457831325	15.0	0.008636105957534529	0.2	18.0	
2.2035611563138256e9	1.3891671893854678e9	8.143939669283578e8	50.0	0.0	0.0	0.3673469387755102	0.37797390636991557	0.5903614457831325	15.0	0.008636105957534529	0.3	18.0	
2.199490436042034e9	1.385569287981187e9	8.139211480608469e8	50.0	0.0	0.0	0.3673469387755102	0.37797390636991557	0.5903614457831325	15.0	0.008636105957534529	0.4	18.0	
2.1954354700816097e9	1.3819848445782003e9	8.134506255034093e8	50.0	0.0	0.0	0.3673469387755102	0.37797390636991557	0.5903614457831325	15.0	0.008636105957534529	0.5	18.0	
2.191396202834798e9	1.3784138055033765e9	8.129823973314215e8	50.0	0.0	0.0	0.3673469387755102	0.37797390636991557	0.5903614457831325	15.0	0.008636105957534529	0.6	18.0	
2.187372573882318e9	1.3748561074203553e9	8.12516466461963e8	50.0	0.0	0.0	0.3673469387755102	0.37797390636991557	0.5903614457831325	15.0	0.008636105957534529	0.7	18.0	
2.1833645285085487e9	1.3713116975831623e9	8.120528309253868e8	50.0	0.0	0.0	0.3673469387755102	0.37797390636991557	0.5903614457831325	15.0	0.008636105957534529	0.8	18.0	
2.1793720105213966e9	1.3677805199863439e9	8.115914905350525e8	50.0	0.0	0.0	0.3673469387755102	0.37797390636991557	0.5903614457831325	15.0	0.008636105957534529	0.9	18.0	
2.175394963774065e9	1.3642625184191139e9	8.111324453549509e8	50.0	0.0	0.0	0.3673469387755102	0.37797390636991557	0.5903614457831325	15.0	0.008636105957534529	1.0	18.0	
