2.215868435254938e9	1.40004224135326e9	8.158261939016788e8	50.0	0.0	0.0	0.2857142857142857	0.3090597558363675	0.5764705882352941	14.0	0.015725954211397733	0.0	15.0	
2.2117501498697476e9	1.3964036468039289e9	8.153465030658184e8	50.0	0.0	0.0	0.2857142857142857	0.3090597558363675	0.5764705882352941	14.0	0.015725954211397733	0.1	15.0	
2.2076478973179016e9	1.3927787615830193e9	8.148691357348821e8	50.0	0.0	0.0	0.2857142857142857	0.3090597558363675	0.5764705882352941	14.0	0.015725954211397733	0.2	15.0	
2.2035616161199937e9	1.3891675247753725e9	8.143940913446211e8	50.0	0.0	0.0	0.2857142857142857	0.3090597558363675	0.5764705882352941	14.0	0.015725954211397733	0.3	15.0	
2.199491245632689e9	1.3855698766959045e9	8.139213689367843e8	50.0	0.0	0.0	0.2857142857142857	0.3090597558363675	0.5764705882352941	14.0	0.015725954211397733	0.4	15.0	
2.19543672342439e9	1.3819857536980262e9	8.134509697263639e8	50.0	0.0	0.0	0.2857142857142857	0.3090597558363675	0.5764705882352941	14.0	0.015725954211397733	0.5	15.0	
2.191397990818699e9	1.3784150988688207e9	8.129828919498781e8	50.0	0.0	0.0	0.2857142857142857	0.3090597558363675	0.5764705882352941	14.0	0.015725954211397733	0.6	15.0	
2.187374984857308e9	1.3748578466074154e9	8.125171382498927e8	50.0	0.0	0.0	0.2857142857142857	0.3090597558363675	0.5764705882352941	14.0	0.015725954211397733	0.7	15.0	
2.183367648289212e9	1.3713139417907887e9	8.120537064984236e8	50.0	0.0	0.0	0.2857142857142857	0.3090597558363675	0.5764705882352941	14.0	0.015725954211397733	0.8	15.0	
2.179375922248501e9	1.367783325788426e9	8.11592596460074e8	50.0	0.0	0.0	0.2857142857142857	0.3090597558363675	0.5764705882352941	14.0	0.015725954211397733	0.9	15.0	
2.175399748092881e9	1.3642659400054789e9	8.111338080874021e8	50.0	0.0	0.0	0.2857142857142857	0.3090597558363675	0.5764705882352941	14.0	0.015725954211397733	1.0	15.0	
2.215868435254938e9	1.40004224135326e9	8.158261939016788e8	50.0	0.0	0.0	0.2857142857142857	0.30710172744721687	0.5903614457831325	15.0	0.017695128289323486	0.0	15.0	
2.211750129798771e9	1.396403632761636e9	8.153464970371354e8	50.0	0.0	0.0	0.2857142857142857	0.30710172744721687	0.5903614457831325	15.0	0.017695128289323486	0.1	15.0	
2.2076478182221107e9	1.39277870652697e9	8.148691116951412e8	50.0	0.0	0.0	0.2857142857142857	0.30710172744721687	0.5903614457831325	15.0	0.017695128289323486	0.2	15.0	
2.203561440689048e9	1.3891674032580128e9	8.143940374310348e8	50.0	0.0	0.0	0.2857142857142857	0.30710172744721687	0.5903614457831325	15.0	0.017695128289323486	0.3	15.0	
2.199490938277584e9	1.3855696648597035e9	8.139212734178808e8	50.0	0.0	0.0	0.2857142857142857	0.30710172744721687	0.5903614457831325	15.0	0.017695128289323486	0.4	15.0	
2.1954362496850553e9	1.3819854283059976e9	8.134508213790576e8	50.0	0.0	0.0	0.2857142857142857	0.30710172744721687	0.5903614457831325	15.0	0.017695128289323486	0.5	15.0	
2.1913973188518963e9	1.3784146401187415e9	8.129826787331549e8	50.0	0.0	0.0	0.2857142857142857	0.30710172744721687	0.5903614457831325	15.0	0.017695128289323486	0.6	15.0	
2.1873740836206303e9	1.374857234695057e9	8.125168489255731e8	50.0	0.0	0.0	0.2857142857142857	0.30710172744721687	0.5903614457831325	15.0	0.017695128289323486	0.7	15.0	
2.1833664881596413e9	1.3713131581778457e9	8.120533299817955e8	50.0	0.0	0.0	0.2857142857142857	0.30710172744721687	0.5903614457831325	15.0	0.017695128289323486	0.8	15.0	
2.179374475305479e9	1.3677823537421145e9	8.115921215633647e8	50.0	0.0	0.0	0.2857142857142857	0.30710172744721687	0.5903614457831325	15.0	0.017695128289323486	0.9	15.0	
2.1753979878704815e9	1.3642647641935725e9	8.111332236769089e8	50.0	0.0	0.0	0.2857142857142857	0.30710172744721687	0.5903614457831325	15.0	0.017695128289323486	1.0	15.0	
2.215868435254938e9	1.40004224135326e9	8.158261939016788e8	50.0	0.0	0.0	0.2857142857142857	0.2874519846350832	0.5632183908045977	12.0	0.00798087126323684	0.0	15.0	
2.211750289080474e9	1.3964037492761807e9	8.153465398042929e8	50.0	0.0	0.0	0.2857142857142857	0.2874519846350832	0.5632183908045977	12.0	0.00798087126323684	0.1	15.0	
2.2076484485095716e9	1.3927791663943477e9	8.148692821152239e8	50.0	0.0	0.0	0.2857142857142857	0.2874519846350832	0.5632183908045977	12.0	0.00798087126323684	0.2	15.0	
2.203562843219593e9	1.3891684234106526e9	8.143944198089406e8	50.0	0.0	0.0	0.2857142857142857	0.2874519846350832	0.5632183908045977	12.0	0.00798087126323684	0.3	15.0	
2.199493403875205e9	1.3855714523585634e9	8.139219515166413e8	50.0	0.0	0.0	0.2857142857142857	0.2874519846350832	0.5632183908045977	12.0	0.00798087126323684	0.4	15.0	
2.1954400605894876e9	1.3819881833682766e9	8.134518772212108e8	50.0	0.0	0.0	0.2857142857142857	0.2874519846350832	0.5632183908045977	12.0	0.00798087126323684	0.5	15.0	
2.1914027462199583e9	1.3784185513423147e9	8.129841948776438e8	50.0	0.0	0.0	0.2857142857142857	0.2874519846350832	0.5632183908045977	12.0	0.00798087126323684	0.6	15.0	
2.187381391148114e9	1.374862485602436e9	8.125189055456781e8	50.0	0.0	0.0	0.2857142857142857	0.2874519846350832	0.5632183908045977	12.0	0.00798087126323684	0.7	15.0	
2.183375928873987e9	1.3713199208742437e9	8.120560079997436e8	50.0	0.0	0.0	0.2857142857142857	0.2874519846350832	0.5632183908045977	12.0	0.00798087126323684	0.8	15.0	
2.1793862936818056e9	1.367790792849115e9	8.115955008326911e8	50.0	0.0	0.0	0.2857142857142857	0.2874519846350832	0.5632183908045977	12.0	0.00798087126323684	0.9	15.0	
2.17541242014851e9	1.3642750370226521e9	8.111373831258581e8	50.0	0.0	0.0	0.2857142857142857	0.2874519846350832	0.5632183908045977	12.0	0.00798087126323684	1.0	15.0	
