2.215868435254938e9	1.40004224135326e9	8.158261939016788e8	50.0	0.0	0.0	0.24489795918367346	0.23996458087367178	0.5697674418604651	12.0	0.017832894506928685	0.0	12.0	
2.211750366702532e9	1.3964038090714288e9	8.153465576311027e8	50.0	0.0	0.0	0.24489795918367346	0.23996458087367178	0.5697674418604651	12.0	0.017832894506928685	0.1	12.0	
2.2076487567916994e9	1.3927794033850102e9	8.148693534066889e8	50.0	0.0	0.0	0.24489795918367346	0.23996458087367178	0.5697674418604651	12.0	0.017832894506928685	0.2	12.0	
2.203563532739592e9	1.3891689531146972e9	8.143945796248951e8	50.0	0.0	0.0	0.24489795918367346	0.23996458087367178	0.5697674418604651	12.0	0.017832894506928685	0.3	12.0	
2.199494620944512e9	1.385572384915073e9	8.139222360294391e8	50.0	0.0	0.0	0.24489795918367346	0.23996458087367178	0.5697674418604651	12.0	0.017832894506928685	0.4	12.0	
2.1954419500589924e9	1.381989628899872e9	8.134523211591206e8	50.0	0.0	0.0	0.24489795918367346	0.23996458087367178	0.5697674418604651	12.0	0.017832894506928685	0.5	12.0	
2.191405449548353e9	1.3784206162142487e9	8.129848333341044e8	50.0	0.0	0.0	0.24489795918367346	0.23996458087367178	0.5697674418604651	12.0	0.017832894506928685	0.6	12.0	
2.187385047671002e9	1.3748652747696753e9	8.125197729013269e8	50.0	0.0	0.0	0.24489795918367346	0.23996458087367178	0.5697674418604651	12.0	0.017832894506928685	0.7	12.0	
2.1833806743393345e9	1.371323535039833e9	8.120571392995014e8	50.0	0.0	0.0	0.24489795918367346	0.23996458087367178	0.5697674418604651	12.0	0.017832894506928685	0.8	12.0	
2.17939226162391e9	1.367795331021687e9	8.115969306022229e8	50.0	0.0	0.0	0.24489795918367346	0.23996458087367178	0.5697674418604651	12.0	0.017832894506928685	0.9	12.0	
2.175419741700697e9	1.364280596179321e9	8.111391455213763e8	50.0	0.0	0.0	0.24489795918367346	0.23996458087367178	0.5697674418604651	12.0	0.017832894506928685	1.0	12.0	
2.215868435254938e9	1.40004224135326e9	8.158261939016788e8	50.0	0.0	0.0	0.24489795918367346	0.26420708122582565	0.5384615384615384	10.0	0.009429544819238292	0.0	12.0	
2.2117506416977262e9	1.3964040140241013e9	8.153466276736244e8	50.0	0.0	0.0	0.24489795918367346	0.26420708122582565	0.5384615384615384	10.0	0.009429544819238292	0.1	12.0	
2.20764984361181e9	1.392780211098433e9	8.148696325133772e8	50.0	0.0	0.0	0.24489795918367346	0.26420708122582565	0.5384615384615384	10.0	0.009429544819238292	0.2	12.0	
2.203565949248871e9	1.389170744386475e9	8.143952048623954e8	50.0	0.0	0.0	0.24489795918367346	0.26420708122582565	0.5384615384615384	10.0	0.009429544819238292	0.3	12.0	
2.1994988662165785e9	1.385575523291368e9	8.139233429252106e8	50.0	0.0	0.0	0.24489795918367346	0.26420708122582565	0.5384615384615384	10.0	0.009429544819238292	0.4	12.0	
2.1954485052229724e9	1.3819944619120765e9	8.134540433108958e8	50.0	0.0	0.0	0.24489795918367346	0.26420708122582565	0.5384615384615384	10.0	0.009429544819238292	0.5	12.0	
2.1914147784786267e9	1.3784274760382745e9	8.129873024403523e8	50.0	0.0	0.0	0.24489795918367346	0.26420708122582565	0.5384615384615384	10.0	0.009429544819238292	0.6	12.0	
2.1873975971826863e9	1.3748744783255095e9	8.125231188571764e8	50.0	0.0	0.0	0.24489795918367346	0.26420708122582565	0.5384615384615384	10.0	0.009429544819238292	0.7	12.0	
2.183396874434087e9	1.3713353838616853e9	8.120614905724016e8	50.0	0.0	0.0	0.24489795918367346	0.26420708122582565	0.5384615384615384	10.0	0.009429544819238292	0.8	12.0	
2.1794125260908327e9	1.3678101119682841e9	8.116024141225485e8	50.0	0.0	0.0	0.24489795918367346	0.26420708122582565	0.5384615384615384	10.0	0.009429544819238292	0.9	12.0	
2.175444468655559e9	1.36429858210444e9	8.111458865511189e8	50.0	0.0	0.0	0.24489795918367346	0.26420708122582565	0.5384615384615384	10.0	0.009429544819238292	1.0	12.0	
2.215868435254938e9	1.40004224135326e9	8.158261939016788e8	50.0	0.0	0.0	0.24489795918367346	0.24140969162995596	0.5833333333333334	14.0	0.025157465881855915	0.0	12.0	
2.2117501975209646e9	1.396403683234993e9	8.153465142859719e8	50.0	0.0	0.0	0.24489795918367346	0.24140969162995596	0.5833333333333334	14.0	0.025157465881855915	0.1	12.0	
2.20764808675386e9	1.3927789061999216e9	8.148691805539384e8	50.0	0.0	0.0	0.24489795918367346	0.24140969162995596	0.5833333333333334	14.0	0.025157465881855915	0.2	12.0	
2.203562039940918e9	1.389167847993897e9	8.143941919470208e8	50.0	0.0	0.0	0.24489795918367346	0.24140969162995596	0.5833333333333334	14.0	0.025157465881855915	0.3	12.0	
2.1994919942078114e9	1.3855704462331452e9	8.139215479746659e8	50.0	0.0	0.0	0.24489795918367346	0.24140969162995596	0.5833333333333334	14.0	0.025157465881855915	0.4	12.0	
2.195437886081621e9	1.381986636842035e9	8.134512492395859e8	50.0	0.0	0.0	0.24489795918367346	0.24140969162995596	0.5833333333333334	14.0	0.025157465881855915	0.5	12.0	
2.191399655077505e9	1.3784163609710236e9	8.129832941064811e8	50.0	0.0	0.0	0.24489795918367346	0.24140969162995596	0.5833333333333334	14.0	0.025157465881855915	0.6	12.0	
2.187377237244687e9	1.374859552633709e9	8.125176846109781e8	50.0	0.0	0.0	0.24489795918367346	0.24140969162995596	0.5833333333333334	14.0	0.025157465881855915	0.7	12.0	
2.183370572885073e9	1.371316153487152e9	8.120544193979212e8	50.0	0.0	0.0	0.24489795918367346	0.24140969162995596	0.5833333333333334	14.0	0.025157465881855915	0.8	12.0	
2.179379601964882e9	1.3677861041394799e9	8.115934978254019e8	50.0	0.0	0.0	0.24489795918367346	0.24140969162995596	0.5833333333333334	14.0	0.025157465881855915	0.9	12.0	
2.1754042644233694e9	1.364269344666344e9	8.111349197570252e8	50.0	0.0	0.0	0.24489795918367346	0.24140969162995596	0.5833333333333334	14.0	0.025157465881855915	1.0	12.0	
