2.215868435254938e9	1.40004224135326e9	8.158261939016788e8	50.0	0.0	0.0	0.0	1.0	0.0	0.0	0.0	0.0	50.0	
2.191510163820766e9	1.3797539710368552e9	8.117561927839112e8	49.0	1.0	0.0	0.0	1.0	0.0	0.0	0.0	1.0	50.0	
2.1761306315642633e9	1.3727943804797282e9	8.033362510845356e8	49.0	1.0	0.0	0.0	1.0	0.0	0.0	0.0	2.0	50.0	
2.172822838892136e9	1.3721151961637745e9	8.007076427283623e8	49.0	1.0	0.0	0.0	1.0	0.0	0.0	0.0	3.0	50.0	
2.1719336090180187e9	1.3720486393282228e9	7.998849696897964e8	49.0	0.0	1.0	0.0	1.0	0.0	0.0	0.0	4.0	50.0	
2.171669385155868e9	1.3720421077334094e9	7.99627277422459e8	49.0	0.0	1.0	0.0	1.0	0.0	0.0	0.0	5.0	50.0	
2.171587996058315e9	1.372041466379405e9	7.9954652967891e8	49.0	0.0	1.0	0.0	1.0	0.0	0.0	0.0	6.0	50.0	
2.1715626265208254e9	1.3720414033875885e9	7.995212231332376e8	49.0	0.0	1.0	0.0	1.0	0.0	0.0	0.0	7.0	50.0	
2.1715546885090256e9	1.37204139720016e9	7.99513291308866e8	49.0	0.0	1.0	0.0	1.0	0.0	0.0	0.0	8.0	50.0	
2.171552201716917e9	1.372041396592392e9	7.995108051245255e8	49.0	0.0	1.0	0.0	1.0	0.0	0.0	0.0	9.0	50.0	
2.1715514223609242e9	1.3720413965326967e9	7.99510025828228e8	49.0	0.0	1.0	0.0	1.0	0.0	0.0	0.0	10.0	50.0	
2.215868435254938e9	1.40004224135326e9	8.158261939016788e8	50.0	0.0	0.0	0.0	1.0	0.0	0.0	0.0	0.0	50.0	
2.191510163820766e9	1.3797539710368552e9	8.117561927839112e8	49.0	1.0	0.0	0.0	1.0	0.0	0.0	0.0	1.0	50.0	
2.1761306315642633e9	1.3727943804797282e9	8.033362510845355e8	49.0	1.0	0.0	0.0	1.0	0.0	0.0	0.0	2.0	50.0	
2.172822838892136e9	1.3721151961637745e9	8.007076427283623e8	49.0	1.0	0.0	0.0	1.0	0.0	0.0	0.0	3.0	50.0	
2.1719336090180187e9	1.3720486393282228e9	7.998849696897964e8	49.0	0.0	1.0	0.0	1.0	0.0	0.0	0.0	4.0	50.0	
2.171669385155868e9	1.3720421077334094e9	7.996272774224589e8	49.0	0.0	1.0	0.0	1.0	0.0	0.0	0.0	5.0	50.0	
2.171587996058315e9	1.372041466379405e9	7.9954652967891e8	49.0	0.0	1.0	0.0	1.0	0.0	0.0	0.0	6.0	50.0	
2.1715626265208254e9	1.3720414033875885e9	7.995212231332376e8	49.0	0.0	1.0	0.0	1.0	0.0	0.0	0.0	7.0	50.0	
2.1715546885090256e9	1.37204139720016e9	7.99513291308866e8	49.0	0.0	1.0	0.0	1.0	0.0	0.0	0.0	8.0	50.0	
2.171552201716917e9	1.372041396592392e9	7.995108051245255e8	49.0	0.0	1.0	0.0	1.0	0.0	0.0	0.0	9.0	50.0	
2.1715514223609242e9	1.3720413965326967e9	7.99510025828228e8	49.0	0.0	1.0	0.0	1.0	0.0	0.0	0.0	10.0	50.0	
2.215868435254938e9	1.40004224135326e9	8.158261939016788e8	50.0	0.0	0.0	0.0	1.0	0.0	0.0	0.0	0.0	50.0	
2.191510163820766e9	1.379753971036855e9	8.117561927839112e8	49.0	1.0	0.0	0.0	1.0	0.0	0.0	0.0	1.0	50.0	
2.1761306315642633e9	1.3727943804797282e9	8.033362510845355e8	49.0	1.0	0.0	0.0	1.0	0.0	0.0	0.0	2.0	50.0	
2.1728228388921366e9	1.3721151961637743e9	8.007076427283623e8	49.0	1.0	0.0	0.0	1.0	0.0	0.0	0.0	3.0	50.0	
2.1719336090180187e9	1.3720486393282225e9	7.998849696897964e8	49.0	0.0	1.0	0.0	1.0	0.0	0.0	0.0	4.0	50.0	
2.171669385155868e9	1.3720421077334094e9	7.996272774224589e8	49.0	0.0	1.0	0.0	1.0	0.0	0.0	0.0	5.0	50.0	
2.171587996058315e9	1.372041466379405e9	7.9954652967891e8	49.0	0.0	1.0	0.0	1.0	0.0	0.0	0.0	6.0	50.0	
2.1715626265208254e9	1.3720414033875885e9	7.995212231332376e8	49.0	0.0	1.0	0.0	1.0	0.0	0.0	0.0	7.0	50.0	
2.1715546885090256e9	1.37204139720016e9	7.99513291308866e8	49.0	0.0	1.0	0.0	1.0	0.0	0.0	0.0	8.0	50.0	
2.171552201716917e9	1.3720413965923917e9	7.995108051245255e8	49.0	0.0	1.0	0.0	1.0	0.0	0.0	0.0	9.0	50.0	
2.1715514223609242e9	1.3720413965326967e9	7.99510025828228e8	49.0	0.0	1.0	0.0	1.0	0.0	0.0	0.0	10.0	50.0	
2.215868435254938e9	1.40004224135326e9	8.158261939016788e8	50.0	0.0	0.0	0.0	1.0	0.0	0.0	0.0	0.0	50.0	
2.191510163820766e9	1.3797539710368552e9	8.117561927839112e8	49.0	1.0	0.0	0.0	1.0	0.0	0.0	0.0	1.0	50.0	
2.1761306315642633e9	1.3727943804797282e9	8.033362510845356e8	49.0	1.0	0.0	0.0	1.0	0.0	0.0	0.0	2.0	50.0	
2.172822838892136e9	1.3721151961637745e9	8.007076427283623e8	49.0	1.0	0.0	0.0	1.0	0.0	0.0	0.0	3.0	50.0	
2.1719336090180187e9	1.3720486393282228e9	7.998849696897964e8	49.0	0.0	1.0	0.0	1.0	0.0	0.0	0.0	4.0	50.0	
2.171669385155868e9	1.3720421077334094e9	7.99627277422459e8	49.0	0.0	1.0	0.0	1.0	0.0	0.0	0.0	5.0	50.0	
2.171587996058315e9	1.372041466379405e9	7.9954652967891e8	49.0	0.0	1.0	0.0	1.0	0.0	0.0	0.0	6.0	50.0	
2.1715626265208254e9	1.3720414033875885e9	7.995212231332376e8	49.0	0.0	1.0	0.0	1.0	0.0	0.0	0.0	7.0	50.0	
2.1715546885090256e9	1.37204139720016e9	7.99513291308866e8	49.0	0.0	1.0	0.0	1.0	0.0	0.0	0.0	8.0	50.0	
2.171552201716917e9	1.372041396592392e9	7.995108051245255e8	49.0	0.0	1.0	0.0	1.0	0.0	0.0	0.0	9.0	50.0	
2.1715514223609242e9	1.3720413965326967e9	7.99510025828228e8	49.0	0.0	1.0	0.0	1.0	0.0	0.0	0.0	10.0	50.0	
2.215868435254938e9	1.40004224135326e9	8.158261939016788e8	50.0	0.0	0.0	0.0	1.0	0.0	0.0	0.0	0.0	50.0	
2.191510163820766e9	1.3797539710368552e9	8.117561927839112e8	49.0	1.0	0.0	0.0	1.0	0.0	0.0	0.0	1.0	50.0	
2.1761306315642633e9	1.3727943804797282e9	8.033362510845356e8	49.0	1.0	0.0	0.0	1.0	0.0	0.0	0.0	2.0	50.0	
2.172822838892136e9	1.3721151961637745e9	8.007076427283623e8	49.0	1.0	0.0	0.0	1.0	0.0	0.0	0.0	3.0	50.0	
2.1719336090180187e9	1.3720486393282228e9	7.998849696897964e8	49.0	0.0	1.0	0.0	1.0	0.0	0.0	0.0	4.0	50.0	
2.171669385155868e9	1.3720421077334094e9	7.99627277422459e8	49.0	0.0	1.0	0.0	1.0	0.0	0.0	0.0	5.0	50.0	
2.171587996058315e9	1.372041466379405e9	7.9954652967891e8	49.0	0.0	1.0	0.0	1.0	0.0	0.0	0.0	6.0	50.0	
2.1715626265208254e9	1.3720414033875885e9	7.995212231332376e8	49.0	0.0	1.0	0.0	1.0	0.0	0.0	0.0	7.0	50.0	
2.1715546885090256e9	1.37204139720016e9	7.99513291308866e8	49.0	0.0	1.0	0.0	1.0	0.0	0.0	0.0	8.0	50.0	
2.171552201716917e9	1.372041396592392e9	7.995108051245255e8	49.0	0.0	1.0	0.0	1.0	0.0	0.0	0.0	9.0	50.0	
2.1715514223609242e9	1.3720413965326967e9	7.99510025828228e8	49.0	0.0	1.0	0.0	1.0	0.0	0.0	0.0	10.0	50.0	
2.215868435254938e9	1.40004224135326e9	8.158261939016788e8	50.0	0.0	0.0	0.0	1.0	0.0	0.0	0.0	0.0	50.0	
2.191510163820766e9	1.3797539710368552e9	8.117561927839112e8	49.0	1.0	0.0	0.0	1.0	0.0	0.0	0.0	1.0	50.0	
2.1761306315642633e9	1.3727943804797282e9	8.033362510845356e8	49.0	1.0	0.0	0.0	1.0	0.0	0.0	0.0	2.0	50.0	
2.172822838892136e9	1.3721151961637745e9	8.007076427283623e8	49.0	1.0	0.0	0.0	1.0	0.0	0.0	0.0	3.0	50.0	
2.1719336090180187e9	1.3720486393282228e9	7.998849696897964e8	49.0	0.0	1.0	0.0	1.0	0.0	0.0	0.0	4.0	50.0	
2.171669385155868e9	1.3720421077334094e9	7.99627277422459e8	49.0	0.0	1.0	0.0	1.0	0.0	0.0	0.0	5.0	50.0	
2.171587996058315e9	1.372041466379405e9	7.9954652967891e8	49.0	0.0	1.0	0.0	1.0	0.0	0.0	0.0	6.0	50.0	
2.1715626265208254e9	1.3720414033875885e9	7.995212231332376e8	49.0	0.0	1.0	0.0	1.0	0.0	0.0	0.0	7.0	50.0	
2.1715546885090256e9	1.37204139720016e9	7.99513291308866e8	49.0	0.0	1.0	0.0	1.0	0.0	0.0	0.0	8.0	50.0	
2.171552201716917e9	1.372041396592392e9	7.995108051245255e8	49.0	0.0	1.0	0.0	1.0	0.0	0.0	0.0	9.0	50.0	
2.1715514223609242e9	1.3720413965326967e9	7.99510025828228e8	49.0	0.0	1.0	0.0	1.0	0.0	0.0	0.0	10.0	50.0	
2.215868435254938e9	1.40004224135326e9	8.158261939016788e8	50.0	0.0	0.0	0.0	1.0	0.0	0.0	0.0	0.0	50.0	
2.191510163820766e9	1.3797539710368552e9	8.117561927839112e8	49.0	1.0	0.0	0.0	1.0	0.0	0.0	0.0	1.0	50.0	
2.1761306315642633e9	1.3727943804797282e9	8.033362510845356e8	49.0	1.0	0.0	0.0	1.0	0.0	0.0	0.0	2.0	50.0	
2.1728228388921366e9	1.3721151961637745e9	8.007076427283623e8	49.0	1.0	0.0	0.0	1.0	0.0	0.0	0.0	3.0	50.0	
2.1719336090180187e9	1.3720486393282228e9	7.998849696897964e8	49.0	0.0	1.0	0.0	1.0	0.0	0.0	0.0	4.0	50.0	
2.171669385155868e9	1.3720421077334094e9	7.996272774224589e8	49.0	0.0	1.0	0.0	1.0	0.0	0.0	0.0	5.0	50.0	
2.171587996058315e9	1.372041466379405e9	7.9954652967891e8	49.0	0.0	1.0	0.0	1.0	0.0	0.0	0.0	6.0	50.0	
2.1715626265208254e9	1.3720414033875885e9	7.995212231332376e8	49.0	0.0	1.0	0.0	1.0	0.0	0.0	0.0	7.0	50.0	
2.1715546885090256e9	1.37204139720016e9	7.99513291308866e8	49.0	0.0	1.0	0.0	1.0	0.0	0.0	0.0	8.0	50.0	
2.171552201716917e9	1.372041396592392e9	7.995108051245255e8	49.0	0.0	1.0	0.0	1.0	0.0	0.0	0.0	9.0	50.0	
2.1715514223609242e9	1.3720413965326967e9	7.99510025828228e8	49.0	0.0	1.0	0.0	1.0	0.0	0.0	0.0	10.0	50.0	
2.215868435254938e9	1.40004224135326e9	8.158261939016788e8	50.0	0.0	0.0	0.0	1.0	0.0	0.0	0.0	0.0	50.0	
2.191510163820766e9	1.3797539710368552e9	8.117561927839112e8	49.0	1.0	0.0	0.0	1.0	0.0	0.0	0.0	1.0	50.0	
2.1761306315642633e9	1.3727943804797282e9	8.033362510845356e8	49.0	1.0	0.0	0.0	1.0	0.0	0.0	0.0	2.0	50.0	
2.1728228388921366e9	1.3721151961637745e9	8.007076427283623e8	49.0	1.0	0.0	0.0	1.0	0.0	0.0	0.0	3.0	50.0	
2.1719336090180187e9	1.3720486393282228e9	7.998849696897964e8	49.0	0.0	1.0	0.0	1.0	0.0	0.0	0.0	4.0	50.0	
2.171669385155868e9	1.3720421077334094e9	7.996272774224589e8	49.0	0.0	1.0	0.0	1.0	0.0	0.0	0.0	5.0	50.0	
2.171587996058315e9	1.372041466379405e9	7.9954652967891e8	49.0	0.0	1.0	0.0	1.0	0.0	0.0	0.0	6.0	50.0	
2.1715626265208254e9	1.3720414033875885e9	7.995212231332376e8	49.0	0.0	1.0	0.0	1.0	0.0	0.0	0.0	7.0	50.0	
2.1715546885090256e9	1.37204139720016e9	7.99513291308866e8	49.0	0.0	1.0	0.0	1.0	0.0	0.0	0.0	8.0	50.0	
2.171552201716917e9	1.372041396592392e9	7.995108051245255e8	49.0	0.0	1.0	0.0	1.0	0.0	0.0	0.0	9.0	50.0	
2.1715514223609242e9	1.3720413965326967e9	7.99510025828228e8	49.0	0.0	1.0	0.0	1.0	0.0	0.0	0.0	10.0	50.0	
2.215868435254938e9	1.40004224135326e9	8.158261939016788e8	50.0	0.0	0.0	0.0	1.0	0.0	0.0	0.0	0.0	50.0	
2.191510163820766e9	1.3797539710368552e9	8.117561927839112e8	49.0	1.0	0.0	0.0	1.0	0.0	0.0	0.0	1.0	50.0	
2.1761306315642633e9	1.3727943804797282e9	8.033362510845355e8	49.0	1.0	0.0	0.0	1.0	0.0	0.0	0.0	2.0	50.0	
2.172822838892136e9	1.3721151961637745e9	8.007076427283623e8	49.0	1.0	0.0	0.0	1.0	0.0	0.0	0.0	3.0	50.0	
2.1719336090180187e9	1.3720486393282228e9	7.998849696897964e8	49.0	0.0	1.0	0.0	1.0	0.0	0.0	0.0	4.0	50.0	
2.171669385155868e9	1.3720421077334094e9	7.996272774224589e8	49.0	0.0	1.0	0.0	1.0	0.0	0.0	0.0	5.0	50.0	
2.171587996058315e9	1.372041466379405e9	7.9954652967891e8	49.0	0.0	1.0	0.0	1.0	0.0	0.0	0.0	6.0	50.0	
2.1715626265208254e9	1.3720414033875885e9	7.995212231332376e8	49.0	0.0	1.0	0.0	1.0	0.0	0.0	0.0	7.0	50.0	
2.1715546885090256e9	1.37204139720016e9	7.99513291308866e8	49.0	0.0	1.0	0.0	1.0	0.0	0.0	0.0	8.0	50.0	
2.171552201716917e9	1.372041396592392e9	7.995108051245255e8	49.0	0.0	1.0	0.0	1.0	0.0	0.0	0.0	9.0	50.0	
2.1715514223609242e9	1.3720413965326967e9	7.99510025828228e8	49.0	0.0	1.0	0.0	1.0	0.0	0.0	0.0	10.0	50.0	
2.215868435254938e9	1.40004224135326e9	8.158261939016788e8	50.0	0.0	0.0	0.0	1.0	0.0	0.0	0.0	0.0	50.0	
2.191510163820766e9	1.3797539710368552e9	8.117561927839112e8	49.0	1.0	0.0	0.0	1.0	0.0	0.0	0.0	1.0	50.0	
2.1761306315642633e9	1.3727943804797282e9	8.033362510845356e8	49.0	1.0	0.0	0.0	1.0	0.0	0.0	0.0	2.0	50.0	
2.172822838892136e9	1.3721151961637745e9	8.007076427283623e8	49.0	1.0	0.0	0.0	1.0	0.0	0.0	0.0	3.0	50.0	
2.1719336090180187e9	1.3720486393282228e9	7.998849696897964e8	49.0	0.0	1.0	0.0	1.0	0.0	0.0	0.0	4.0	50.0	
2.171669385155868e9	1.3720421077334094e9	7.99627277422459e8	49.0	0.0	1.0	0.0	1.0	0.0	0.0	0.0	5.0	50.0	
2.171587996058315e9	1.372041466379405e9	7.9954652967891e8	49.0	0.0	1.0	0.0	1.0	0.0	0.0	0.0	6.0	50.0	
2.1715626265208254e9	1.3720414033875885e9	7.995212231332376e8	49.0	0.0	1.0	0.0	1.0	0.0	0.0	0.0	7.0	50.0	
2.1715546885090256e9	1.37204139720016e9	7.99513291308866e8	49.0	0.0	1.0	0.0	1.0	0.0	0.0	0.0	8.0	50.0	
2.171552201716917e9	1.372041396592392e9	7.995108051245255e8	49.0	0.0	1.0	0.0	1.0	0.0	0.0	0.0	9.0	50.0	
2.1715514223609242e9	1.3720413965326967e9	7.99510025828228e8	49.0	0.0	1.0	0.0	1.0	0.0	0.0	0.0	10.0	50.0	
