2.215868435254938e9	1.40004224135326e9	8.158261939016788e8	50.0	0.0	0.0	0.12244897959183673	0.11567164179104478	0.44545454545454544	6.0	0.036063563231930586	0.0	3.0	
2.1754735064694824e9	1.3643221516987078e9	8.111513547707741e8	50.0	0.0	0.0	0.12244897959183673	0.11567164179104478	0.44545454545454544	6.0	0.036063563231930586	1.0	3.0	
2.1367554597090046e9	1.3300127962524295e9	8.067426634565754e8	50.0	0.0	0.0	0.12244897959183673	0.11567164179104478	0.44545454545454544	6.0	0.036063563231930586	2.0	3.0	
2.099632310562721e9	1.297033658401609e9	8.025986521611123e8	50.0	0.0	0.0	0.12244897959183673	0.11567164179104478	0.44545454545454544	6.0	0.036063563231930586	3.0	3.0	
2.064030935799296e9	1.2653125568797977e9	7.987183789194981e8	50.0	0.0	0.0	0.12244897959183673	0.11567164179104478	0.44545454545454544	6.0	0.036063563231930586	4.0	3.0	
2.0298858036741009e9	1.2347844009089978e9	7.951014027651032e8	50.0	0.0	0.0	0.12244897959183673	0.11567164179104478	0.44545454545454544	6.0	0.036063563231930586	5.0	3.0	
1.995788043732482e9	1.2046619805321403e9	7.911260632003416e8	49.0	1.0	0.0	0.12244897959183673	0.11567164179104478	0.44545454545454544	6.0	0.036063563231930586	6.0	3.0	
1.9584174602655294e9	1.173320615974598e9	7.850968442909316e8	49.0	1.0	0.0	0.12244897959183673	0.11567164179104478	0.44545454545454544	6.0	0.036063563231930586	7.0	3.0	
1.9233142638291595e9	1.1437929287478614e9	7.795213350812979e8	49.0	1.0	0.0	0.12244897959183673	0.11567164179104478	0.44545454545454544	6.0	0.036063563231930586	8.0	3.0	
1.8902311224244614e9	1.1158585487988584e9	7.743725736256028e8	49.0	1.0	0.0	0.12244897959183673	0.11567164179104478	0.44545454545454544	6.0	0.036063563231930586	9.0	3.0	
1.8589652913371491e9	1.0893385205640314e9	7.696267707731175e8	49.0	1.0	0.0	0.12244897959183673	0.11567164179104478	0.44545454545454544	6.0	0.036063563231930586	10.0	3.0	
2.215868435254938e9	1.40004224135326e9	8.158261939016788e8	50.0	0.0	0.0	0.12244897959183673	0.17581047381546136	0.44954128440366975	8.0	0.04448276237179298	0.0	3.0	
2.175459524435361e9	1.3643128779949503e9	8.111466464404106e8	50.0	0.0	0.0	0.12244897959183673	0.17581047381546136	0.44954128440366975	8.0	0.04448276237179298	1.0	3.0	
2.1367093537815213e9	1.3299844972097518e9	8.067248565717692e8	50.0	0.0	0.0	0.12244897959183673	0.17581047381546136	0.44954128440366975	8.0	0.04448276237179298	2.0	3.0	
2.09954786734612e9	1.2969870684474885e9	8.025607988986315e8	50.0	0.0	0.0	0.12244897959183673	0.17581047381546136	0.44954128440366975	8.0	0.04448276237179298	3.0	3.0	
2.0639108106486888e9	1.2652559517949097e9	7.986548588537791e8	50.0	0.0	0.0	0.12244897959183673	0.17581047381546136	0.44954128440366975	8.0	0.04448276237179298	4.0	3.0	
2.0297391595429935e9	1.2347313359405441e9	7.950078236024495e8	50.0	0.0	0.0	0.12244897959183673	0.17581047381546136	0.44954128440366975	8.0	0.04448276237179298	5.0	3.0	
1.996978621766096e9	1.2053577390576777e9	7.916208827084185e8	50.0	0.0	0.0	0.12244897959183673	0.17581047381546136	0.44954128440366975	8.0	0.04448276237179298	6.0	3.0	
1.9655792094245973e9	1.1770835651028373e9	7.8849564432176e8	50.0	0.0	0.0	0.12244897959183673	0.17581047381546136	0.44954128440366975	8.0	0.04448276237179298	7.0	3.0	
1.930996751097608e9	1.147502600808485e9	7.834941502891228e8	49.0	1.0	0.0	0.12244897959183673	0.17581047381546136	0.44954128440366975	8.0	0.04448276237179298	8.0	3.0	
1.8976686907264948e9	1.1191116565776873e9	7.785570341488075e8	49.0	1.0	0.0	0.12244897959183673	0.17581047381546136	0.44954128440366975	8.0	0.04448276237179298	9.0	3.0	
1.8661553577865613e9	1.0921560270079327e9	7.739993307786285e8	49.0	1.0	0.0	0.12244897959183673	0.17581047381546136	0.44954128440366975	8.0	0.04448276237179298	10.0	3.0	
2.215868435254938e9	1.40004224135326e9	8.158261939016788e8	50.0	0.0	0.0	0.12244897959183673	0.1278928136419001	0.4083333333333333	5.0	0.020767993344523953	0.0	3.0	
2.1755497201915526e9	1.3643805199594133e9	8.111692002321391e8	50.0	0.0	0.0	0.12244897959183673	0.1278928136419001	0.4083333333333333	5.0	0.020767993344523953	1.0	3.0	
2.1370344055120938e9	1.3302222862778478e9	8.068121192342459e8	50.0	0.0	0.0	0.12244897959183673	0.1278928136419001	0.4083333333333333	5.0	0.020767993344523953	2.0	3.0	
2.1002083527017622e9	1.2974576136838279e9	8.027507390179341e8	50.0	0.0	0.0	0.12244897959183673	0.1278928136419001	0.4083333333333333	5.0	0.020767993344523953	3.0	3.0	
2.0649735820910895e9	1.2659920246272378e9	7.989815574638517e8	50.0	0.0	0.0	0.12244897959183673	0.1278928136419001	0.4083333333333333	5.0	0.020767993344523953	4.0	3.0	
2.0300765911962795e9	1.235112233675766e9	7.949643575205134e8	49.0	1.0	0.0	0.12244897959183673	0.1278928136419001	0.4083333333333333	5.0	0.020767993344523953	5.0	3.0	
1.9907546527439654e9	1.2024696138441045e9	7.882850388998604e8	49.0	1.0	0.0	0.12244897959183673	0.1278928136419001	0.4083333333333333	5.0	0.020767993344523953	6.0	3.0	
1.95415045902351e9	1.1719884097031436e9	7.821620493203664e8	49.0	1.0	0.0	0.12244897959183673	0.1278928136419001	0.4083333333333333	5.0	0.020767993344523953	7.0	3.0	
1.919881948970196e9	1.1433320995656197e9	7.765498494045763e8	49.0	1.0	0.0	0.12244897959183673	0.1278928136419001	0.4083333333333333	5.0	0.020767993344523953	8.0	3.0	
1.887650065857281e9	1.1162409079489105e9	7.714091579083704e8	49.0	1.0	0.0	0.12244897959183673	0.1278928136419001	0.4083333333333333	5.0	0.020767993344523953	9.0	3.0	
1.8572197415139942e9	1.0905132224922657e9	7.667065190217288e8	49.0	1.0	0.0	0.12244897959183673	0.1278928136419001	0.4083333333333333	5.0	0.020767993344523953	10.0	3.0	
2.215868435254938e9	1.40004224135326e9	8.158261939016788e8	50.0	0.0	0.0	0.12244897959183673	0.12151898734177215	0.3983739837398374	4.0	0.018478649090893997	0.0	3.0	
2.175619897039421e9	1.3644330105469694e9	8.111868864924517e8	50.0	0.0	0.0	0.12244897959183673	0.12151898734177215	0.3983739837398374	4.0	0.018478649090893997	1.0	3.0	
2.1372789214096184e9	1.3303999845710063e9	8.068789368386121e8	50.0	0.0	0.0	0.12244897959183673	0.12151898734177215	0.3983739837398374	4.0	0.018478649090893997	2.0	3.0	
2.1006891909444017e9	1.2977967658465672e9	8.028924250978341e8	50.0	0.0	0.0	0.12244897959183673	0.12151898734177215	0.3983739837398374	4.0	0.018478649090893997	3.0	3.0	
2.0657230685852485e9	1.2665046308713112e9	7.99218437713937e8	50.0	0.0	0.0	0.12244897959183673	0.12151898734177215	0.3983739837398374	4.0	0.018478649090893997	4.0	3.0	
2.0243685182279053e9	1.2323891705044312e9	7.919793477234745e8	49.0	1.0	0.0	0.12244897959183673	0.12151898734177215	0.3983739837398374	4.0	0.018478649090893997	5.0	3.0	
1.9856887770008798e9	1.2005771539090881e9	7.851116230917919e8	49.0	1.0	0.0	0.12244897959183673	0.12151898734177215	0.3983739837398374	4.0	0.018478649090893997	6.0	3.0	
1.9497872977822142e9	1.1709247553498888e9	7.788625424323256e8	49.0	1.0	0.0	0.12244897959183673	0.12151898734177215	0.3983739837398374	4.0	0.018478649090893997	7.0	3.0	
1.9162084695823503e9	1.1430416340231116e9	7.731668355592388e8	49.0	1.0	0.0	0.12244897959183673	0.12151898734177215	0.3983739837398374	4.0	0.018478649090893997	8.0	3.0	
1.8846125105625024e9	1.116642401207335e9	7.679701093551672e8	49.0	1.0	0.0	0.12244897959183673	0.12151898734177215	0.3983739837398374	4.0	0.018478649090893997	9.0	3.0	
1.854743560191606e9	1.0915164269588032e9	7.632271332328031e8	49.0	1.0	0.0	0.12244897959183673	0.12151898734177215	0.3983739837398374	4.0	0.018478649090893997	10.0	3.0	
2.215868435254938e9	1.40004224135326e9	8.158261939016788e8	50.0	0.0	0.0	0.12244897959183673	0.15279503105590062	0.4188034188034188	7.0	0.03825930069552518	0.0	3.0	
2.1755513919208746e9	1.3643850979278648e9	8.1116629399301e8	50.0	0.0	0.0	0.12244897959183673	0.15279503105590062	0.4188034188034188	7.0	0.03825930069552518	1.0	3.0	
2.1370547721690104e9	1.3302519104497666e9	8.068028617192435e8	50.0	0.0	0.0	0.12244897959183673	0.15279503105590062	0.4188034188034188	7.0	0.03825930069552518	2.0	3.0	
2.1002796383527427e9	1.2975445269008164e9	8.027351114519259e8	50.0	0.0	0.0	0.12244897959183673	0.15279503105590062	0.4188034188034188	7.0	0.03825930069552518	3.0	3.0	
2.0651376981274366e9	1.2661748887773747e9	7.989628093500619e8	50.0	0.0	0.0	0.12244897959183673	0.15279503105590062	0.4188034188034188	7.0	0.03825930069552518	4.0	3.0	
2.0315499472199597e9	1.236063692804413e9	7.954862544155464e8	50.0	0.0	0.0	0.12244897959183673	0.15279503105590062	0.4188034188034188	7.0	0.03825930069552518	5.0	3.0	
1.9994455212969213e9	1.2071392328761115e9	7.9230628842081e8	50.0	0.0	0.0	0.12244897959183673	0.15279503105590062	0.4188034188034188	7.0	0.03825930069552518	6.0	3.0	
1.9630794042775116e9	1.1763909200455055e9	7.866884842320062e8	49.0	1.0	0.0	0.12244897959183673	0.15279503105590062	0.4188034188034188	7.0	0.03825930069552518	7.0	3.0	
1.9286967214455822e9	1.1472981629535685e9	7.813985584920137e8	49.0	1.0	0.0	0.12244897959183673	0.15279503105590062	0.4188034188034188	7.0	0.03825930069552518	8.0	3.0	
1.8963750287552214e9	1.119815643425877e9	7.765593853293444e8	49.0	1.0	0.0	0.12244897959183673	0.15279503105590062	0.4188034188034188	7.0	0.03825930069552518	9.0	3.0	
1.8659122597309072e9	1.0937624685297885e9	7.721497912011185e8	49.0	1.0	0.0	0.12244897959183673	0.15279503105590062	0.4188034188034188	7.0	0.03825930069552518	10.0	3.0	
2.215868435254938e9	1.40004224135326e9	8.158261939016788e8	50.0	0.0	0.0	0.12244897959183673	0.1440886699507389	0.4336283185840708	6.0	0.018760629251700682	0.0	3.0	
2.175459480594707e9	1.3643108548532698e9	8.111486257414374e8	50.0	0.0	0.0	0.12244897959183673	0.1440886699507389	0.4336283185840708	6.0	0.018760629251700682	1.0	3.0	
2.1367022464570513e9	1.3299705116853013e9	8.0673173477175e8	50.0	0.0	0.0	0.12244897959183673	0.1440886699507389	0.4336283185840708	6.0	0.018760629251700682	2.0	3.0	
2.099518677289473e9	1.2969446299138584e9	8.025740473756146e8	50.0	0.0	0.0	0.12244897959183673	0.1440886699507389	0.4336283185840708	6.0	0.018760629251700682	3.0	3.0	
2.063839080511328e9	1.2651644577249854e9	7.986746227863425e8	50.0	0.0	0.0	0.12244897959183673	0.1440886699507389	0.4336283185840708	6.0	0.018760629251700682	4.0	3.0	
2.0296009011339617e9	1.2345678710182645e9	7.950330301156969e8	50.0	0.0	0.0	0.12244897959183673	0.1440886699507389	0.4336283185840708	6.0	0.018760629251700682	5.0	3.0	
1.995439057705001e9	1.204391858763914e9	7.91047198941087e8	49.0	1.0	0.0	0.12244897959183673	0.1440886699507389	0.4336283185840708	6.0	0.018760629251700682	6.0	3.0	
1.957951706588179e9	1.1729656424962864e9	7.849860640918927e8	49.0	1.0	0.0	0.12244897959183673	0.1440886699507389	0.4336283185840708	6.0	0.018760629251700682	7.0	3.0	
1.9227246661882544e9	1.143350793531199e9	7.793738726570556e8	49.0	1.0	0.0	0.12244897959183673	0.1440886699507389	0.4336283185840708	6.0	0.018760629251700682	8.0	3.0	
1.8895125202753892e9	1.1153287439603982e9	7.741837763149908e8	49.0	1.0	0.0	0.12244897959183673	0.1440886699507389	0.4336283185840708	6.0	0.018760629251700682	9.0	3.0	
1.858113977548254e9	1.0887219315977423e9	7.693920459505117e8	49.0	1.0	0.0	0.12244897959183673	0.1440886699507389	0.4336283185840708	6.0	0.018760629251700682	10.0	3.0	
2.215868435254938e9	1.40004224135326e9	8.158261939016788e8	50.0	0.0	0.0	0.12244897959183673	0.17799752781211373	0.45794392523364486	8.0	0.043102226248708526	0.0	3.0	
2.17542687317323e9	1.3642870654603899e9	8.111398077128404e8	50.0	0.0	0.0	0.12244897959183673	0.17799752781211373	0.45794392523364486	8.0	0.043102226248708526	1.0	3.0	
2.136584670874498e9	1.329887113388034e9	8.066975574864637e8	50.0	0.0	0.0	0.12244897959183673	0.17799752781211373	0.45794392523364486	8.0	0.043102226248708526	2.0	3.0	
2.0992797798820724e9	1.2967803065634966e9	8.024994733185759e8	50.0	0.0	0.0	0.12244897959183673	0.17799752781211373	0.45794392523364486	8.0	0.043102226248708526	3.0	3.0	
2.0634549020328019e9	1.264908948457874e9	7.985459535749278e8	50.0	0.0	0.0	0.12244897959183673	0.17799752781211373	0.45794392523364486	8.0	0.043102226248708526	4.0	3.0	
2.0290570408004515e9	1.2342192894518247e9	7.948377513486265e8	50.0	0.0	0.0	0.12244897959183673	0.17799752781211373	0.45794392523364486	8.0	0.043102226248708526	5.0	3.0	
1.9960371038423061e9	1.2046611220378852e9	7.913759818044211e8	50.0	0.0	0.0	0.12244897959183673	0.17799752781211373	0.45794392523364486	8.0	0.043102226248708526	6.0	3.0	
1.9643495726255958e9	1.1761874476506152e9	7.881621249749804e8	50.0	0.0	0.0	0.12244897959183673	0.17799752781211373	0.45794392523364486	8.0	0.043102226248708526	7.0	3.0	
1.9306150980112257e9	1.1469857331996298e9	7.836293648115962e8	49.0	1.0	0.0	0.12244897959183673	0.17799752781211373	0.45794392523364486	8.0	0.043102226248708526	8.0	3.0	
1.8969230312632961e9	1.1183061830234256e9	7.786168482398708e8	49.0	1.0	0.0	0.12244897959183673	0.17799752781211373	0.45794392523364486	8.0	0.043102226248708526	9.0	3.0	
1.8650227766942875e9	1.0910554429144678e9	7.739673337798197e8	49.0	1.0	0.0	0.12244897959183673	0.17799752781211373	0.45794392523364486	8.0	0.043102226248708526	10.0	3.0	
2.215868435254938e9	1.40004224135326e9	8.158261939016788e8	50.0	0.0	0.0	0.12244897959183673	0.1397984886649874	0.4666666666666667	8.0	0.05660100425641508	0.0	3.0	
2.1754218907173667e9	1.364283179047652e9	8.111387116697143e8	50.0	0.0	0.0	0.12244897959183673	0.1397984886649874	0.4666666666666667	8.0	0.05660100425641508	1.0	3.0	
2.136565713121337e9	1.3298725139131763e9	8.066931992081606e8	50.0	0.0	0.0	0.12244897959183673	0.1397984886649874	0.4666666666666667	8.0	0.05660100425641508	2.0	3.0	
2.0992391542003975e9	1.2967494358409367e9	8.024897183594611e8	50.0	0.0	0.0	0.12244897959183673	0.1397984886649874	0.4666666666666667	8.0	0.05660100425641508	3.0	3.0	
2.0633860300371757e9	1.2648573408246644e9	7.985286892125114e8	50.0	0.0	0.0	0.12244897959183673	0.1397984886649874	0.4666666666666667	8.0	0.05660100425641508	4.0	3.0	
2.028954294820753e9	1.2341434187061367e9	7.948108761146165e8	50.0	0.0	0.0	0.12244897959183673	0.1397984886649874	0.4666666666666667	8.0	0.05660100425641508	5.0	3.0	
1.9958956685921574e9	1.20455827434133e9	7.913373942508272e8	50.0	0.0	0.0	0.12244897959183673	0.1397984886649874	0.4666666666666667	8.0	0.05660100425641508	6.0	3.0	
1.9641653183316903e9	1.176055603899842e9	7.881097144318483e8	50.0	0.0	0.0	0.12244897959183673	0.1397984886649874	0.4666666666666667	8.0	0.05660100425641508	7.0	3.0	
1.9306810262748325e9	1.1469765848576546e9	7.837044414171779e8	49.0	1.0	0.0	0.12244897959183673	0.1397984886649874	0.4666666666666667	8.0	0.05660100425641508	8.0	3.0	
1.896932459836654e9	1.1182487150697064e9	7.786837447669475e8	49.0	1.0	0.0	0.12244897959183673	0.1397984886649874	0.4666666666666667	8.0	0.05660100425641508	9.0	3.0	
1.8649715685126934e9	1.0909484123564236e9	7.740231561562698e8	49.0	1.0	0.0	0.12244897959183673	0.1397984886649874	0.4666666666666667	8.0	0.05660100425641508	10.0	3.0	
2.215868435254938e9	1.40004224135326e9	8.158261939016788e8	50.0	0.0	0.0	0.12244897959183673	0.12452830188679245	0.4117647058823529	5.0	0.01885982026288148	0.0	3.0	
2.175501054962789e9	1.3643418155307915e9	8.111592394319975e8	50.0	0.0	0.0	0.12244897959183673	0.12452830188679245	0.4117647058823529	5.0	0.01885982026288148	1.0	3.0	
2.1368509946801133e9	1.3300785275677993e9	8.067724671123142e8	50.0	0.0	0.0	0.12244897959183673	0.12452830188679245	0.4117647058823529	5.0	0.01885982026288148	2.0	3.0	
2.0998188479002347e9	1.2971568732834024e9	8.026619746168324e8	50.0	0.0	0.0	0.12244897959183673	0.12452830188679245	0.4117647058823529	5.0	0.01885982026288148	3.0	3.0	
2.0643189173656058e9	1.2654943156750245e9	7.988246016905816e8	50.0	0.0	0.0	0.12244897959183673	0.12452830188679245	0.4117647058823529	5.0	0.01885982026288148	4.0	3.0	
2.0300767747840092e9	1.2349099033028045e9	7.951668714812047e8	50.0	0.0	0.0	0.12244897959183673	0.12452830188679245	0.4117647058823529	5.0	0.01885982026288148	5.0	3.0	
1.9903650559474587e9	1.2019320241767132e9	7.884330317707455e8	49.0	1.0	0.0	0.12244897959183673	0.12452830188679245	0.4117647058823529	5.0	0.01885982026288148	6.0	3.0	
1.9533268017489555e9	1.1710945545001223e9	7.822322472488333e8	49.0	1.0	0.0	0.12244897959183673	0.12452830188679245	0.4117647058823529	5.0	0.01885982026288148	7.0	3.0	
1.9185973978397799e9	1.142075204303161e9	7.765221935366188e8	49.0	1.0	0.0	0.12244897959183673	0.12452830188679245	0.4117647058823529	5.0	0.01885982026288148	8.0	3.0	
1.8858882941669028e9	1.1146228283620923e9	7.712654658048106e8	49.0	1.0	0.0	0.12244897959183673	0.12452830188679245	0.4117647058823529	5.0	0.01885982026288148	9.0	3.0	
1.854971304057444e9	1.0885413159705806e9	7.664299880868635e8	49.0	1.0	0.0	0.12244897959183673	0.12452830188679245	0.4117647058823529	5.0	0.01885982026288148	10.0	3.0	
2.215868435254938e9	1.40004224135326e9	8.158261939016788e8	50.0	0.0	0.0	0.12244897959183673	0.1282051282051282	0.4188034188034188	5.0	0.023233225816133983	0.0	3.0	
2.1754973786387978e9	1.3643390535465627e9	8.111583250922346e8	50.0	0.0	0.0	0.12244897959183673	0.1282051282051282	0.4188034188034188	5.0	0.023233225816133983	1.0	3.0	
2.1368377434688735e9	1.3300688108917484e9	8.067689325771251e8	50.0	0.0	0.0	0.12244897959183673	0.1282051282051282	0.4188034188034188	5.0	0.023233225816133983	2.0	3.0	
2.0997919428893843e9	1.297137652315911e9	8.026542905734733e8	50.0	0.0	0.0	0.12244897959183673	0.1282051282051282	0.4188034188034188	5.0	0.023233225816133983	3.0	3.0	
2.0642756904682298e9	1.265464288254429e9	7.988114022138007e8	50.0	0.0	0.0	0.12244897959183673	0.1282051282051282	0.4188034188034188	5.0	0.023233225816133983	4.0	3.0	
2.0302133786197906e9	1.2349764056754894e9	7.952369729443014e8	50.0	0.0	0.0	0.12244897959183673	0.1282051282051282	0.4188034188034188	5.0	0.023233225816133983	5.0	3.0	
1.990480392275452e9	1.2019734321060078e9	7.885069601694443e8	49.0	1.0	0.0	0.12244897959183673	0.1282051282051282	0.4188034188034188	5.0	0.023233225816133983	6.0	3.0	
1.9534128160745873e9	1.1711074832846785e9	7.823053327899086e8	49.0	1.0	0.0	0.12244897959183673	0.1282051282051282	0.4188034188034188	5.0	0.023233225816133983	7.0	3.0	
1.9186533744697182e9	1.1420609282391822e9	7.76592446230536e8	49.0	1.0	0.0	0.12244897959183673	0.1282051282051282	0.4188034188034188	5.0	0.023233225816133983	8.0	3.0	
1.8859151246236815e9	1.114583836513575e9	7.713312881101062e8	49.0	1.0	0.0	0.12244897959183673	0.1282051282051282	0.4188034188034188	5.0	0.023233225816133983	9.0	3.0	
1.8549708656880963e9	1.088480770720143e9	7.664900949679531e8	49.0	1.0	0.0	0.12244897959183673	0.1282051282051282	0.4188034188034188	5.0	0.023233225816133983	10.0	3.0	
