2.215868435254938e9	1.40004224135326e9	8.158261939016788e8	50.0	0.0	0.0	0.20408163265306123	0.26686721100128924	0.5104166666666666	9.0	0.01312529109884894	0.0	5.0	
2.1753931573399253e9	1.364261380137802e9	8.111317772021235e8	50.0	0.0	0.0	0.20408163265306123	0.26686721100128924	0.5104166666666666	9.0	0.01312529109884894	1.0	5.0	
2.136457337589381e9	1.3297916712273316e9	8.066656663620493e8	50.0	0.0	0.0	0.20408163265306123	0.26686721100128924	0.5104166666666666	9.0	0.01312529109884894	2.0	5.0	
2.0990088696857228e9	1.296580694593933e9	8.024281750917895e8	50.0	0.0	0.0	0.20408163265306123	0.26686721100128924	0.5104166666666666	9.0	0.01312529109884894	3.0	5.0	
2.062998825645308e9	1.2645789376381295e9	7.984198880071788e8	50.0	0.0	0.0	0.20408163265306123	0.26686721100128924	0.5104166666666666	9.0	0.01312529109884894	4.0	5.0	
2.0283812358810391e9	1.233739581143064e9	7.94641654737975e8	50.0	0.0	0.0	0.20408163265306123	0.26686721100128924	0.5104166666666666	9.0	0.01312529109884894	5.0	5.0	
1.9951128890039792e9	1.204018285290893e9	7.910946037130861e8	50.0	0.0	0.0	0.20408163265306123	0.26686721100128924	0.5104166666666666	9.0	0.01312529109884894	6.0	5.0	
1.9631531607494116e9	1.1753730213814912e9	7.877801393679205e8	50.0	0.0	0.0	0.20408163265306123	0.26686721100128924	0.5104166666666666	9.0	0.01312529109884894	7.0	5.0	
1.932463861859373e9	1.1477639077321005e9	7.846999541272726e8	50.0	0.0	0.0	0.20408163265306123	0.26686721100128924	0.5104166666666666	9.0	0.01312529109884894	8.0	5.0	
1.9010355868274517e9	1.1200973070382857e9	7.80938279789166e8	49.0	1.0	0.0	0.20408163265306123	0.26686721100128924	0.5104166666666666	9.0	0.01312529109884894	9.0	5.0	
1.8686791935510595e9	1.0923629438279524e9	7.763162497231073e8	49.0	1.0	0.0	0.20408163265306123	0.26686721100128924	0.5104166666666666	9.0	0.01312529109884894	10.0	5.0	
2.215868435254938e9	1.40004224135326e9	8.158261939016788e8	50.0	0.0	0.0	0.20408163265306123	0.2624356775300172	0.5444444444444444	10.0	0.02214862070237774	0.0	5.0	
2.175388136824092e9	1.3642577977519112e9	8.111303390721809e8	50.0	0.0	0.0	0.20408163265306123	0.2624356775300172	0.5444444444444444	10.0	0.02214862070237774	1.0	5.0	
2.1364387888822875e9	1.3297788314736004e9	8.066599574086874e8	50.0	0.0	0.0	0.20408163265306123	0.2624356775300172	0.5444444444444444	10.0	0.02214862070237774	2.0	5.0	
2.098970274017858e9	1.2965548631632268e9	8.024154108546311e8	50.0	0.0	0.0	0.20408163265306123	0.2624356775300172	0.5444444444444444	10.0	0.02214862070237774	3.0	5.0	
2.0629352960660043e9	1.264537990858638e9	7.983973052073662e8	50.0	0.0	0.0	0.20408163265306123	0.2624356775300172	0.5444444444444444	10.0	0.02214862070237774	4.0	5.0	
2.0282892145089025e9	1.2336827240937846e9	7.946064904151176e8	50.0	0.0	0.0	0.20408163265306123	0.2624356775300172	0.5444444444444444	10.0	0.02214862070237774	5.0	5.0	
1.9949898930211043e9	1.2039458183308609e9	7.910440746902434e8	50.0	0.0	0.0	0.20408163265306123	0.2624356775300172	0.5444444444444444	10.0	0.02214862070237774	6.0	5.0	
1.9629975688135262e9	1.1752861495298595e9	7.877114192836664e8	50.0	0.0	0.0	0.20408163265306123	0.2624356775300172	0.5444444444444444	10.0	0.02214862070237774	7.0	5.0	
1.9322747321655467e9	1.14766457647801e9	7.846101556875367e8	50.0	0.0	0.0	0.20408163265306123	0.2624356775300172	0.5444444444444444	10.0	0.02214862070237774	8.0	5.0	
1.9027860188316011e9	1.1210438299108076e9	7.817421889207933e8	50.0	0.0	0.0	0.20408163265306123	0.2624356775300172	0.5444444444444444	10.0	0.02214862070237774	9.0	5.0	
1.8718929920559545e9	1.0940041701354504e9	7.778888219205039e8	49.0	1.0	0.0	0.20408163265306123	0.2624356775300172	0.5444444444444444	10.0	0.02214862070237774	10.0	5.0	
2.215868435254938e9	1.40004224135326e9	8.158261939016788e8	50.0	0.0	0.0	0.20408163265306123	0.19862424763542563	0.4666666666666667	7.0	0.004825253028284241	0.0	5.0	
2.1754074189451118e9	1.3642715274770656e9	8.11135891468046e8	50.0	0.0	0.0	0.20408163265306123	0.19862424763542563	0.4666666666666667	7.0	0.004825253028284241	1.0	5.0	
2.1365091009293795e9	1.3298273041386876e9	8.066817967906916e8	50.0	0.0	0.0	0.20408163265306123	0.19862424763542563	0.4666666666666667	7.0	0.004825253028284241	2.0	5.0	
2.0991146982064621e9	1.2966509019361348e9	8.024637962703274e8	50.0	0.0	0.0	0.20408163265306123	0.19862424763542563	0.4666666666666667	7.0	0.004825253028284241	3.0	5.0	
2.063169994456572e9	1.2646878576451726e9	7.984821368113995e8	50.0	0.0	0.0	0.20408163265306123	0.19862424763542563	0.4666666666666667	7.0	0.004825253028284241	4.0	5.0	
2.0286248545131388e9	1.2338874522175019e9	7.947374022956368e8	50.0	0.0	0.0	0.20408163265306123	0.19862424763542563	0.4666666666666667	7.0	0.004825253028284241	5.0	5.0	
1.995432804510508e9	1.2042022828649828e9	7.912305216455252e8	50.0	0.0	0.0	0.20408163265306123	0.19862424763542563	0.4666666666666667	7.0	0.004825253028284241	6.0	5.0	
1.963318690448675e9	1.1754617677965086e9	7.878569226521664e8	50.0	0.0	0.0	0.20408163265306123	0.19862424763542563	0.4666666666666667	7.0	0.004825253028284241	7.0	5.0	
1.9274945410260859e9	1.1451612311049612e9	7.823333099211247e8	49.0	1.0	0.0	0.20408163265306123	0.19862424763542563	0.4666666666666667	7.0	0.004825253028284241	8.0	5.0	
1.8936217684788082e9	1.1164363935705469e9	7.77185374908261e8	49.0	1.0	0.0	0.20408163265306123	0.19862424763542563	0.4666666666666667	7.0	0.004825253028284241	9.0	5.0	
1.8615369081337142e9	1.089139040509759e9	7.723978676239551e8	49.0	1.0	0.0	0.20408163265306123	0.19862424763542563	0.4666666666666667	7.0	0.004825253028284241	10.0	5.0	
2.215868435254938e9	1.40004224135326e9	8.158261939016788e8	50.0	0.0	0.0	0.20408163265306123	0.22907679033649697	0.5	9.0	0.015343980041646867	0.0	5.0	
2.175394477292777e9	1.3642623554627442e9	8.111321218300327e8	50.0	0.0	0.0	0.20408163265306123	0.22907679033649697	0.5	9.0	0.015343980041646867	1.0	5.0	
2.1364623123011544e9	1.3297952736010218e9	8.066670387001328e8	50.0	0.0	0.0	0.20408163265306123	0.22907679033649697	0.5	9.0	0.015343980041646867	2.0	5.0	
2.0990194339366908e9	1.2965881840940378e9	8.024312498426528e8	50.0	0.0	0.0	0.20408163265306123	0.22907679033649697	0.5	9.0	0.015343980041646867	3.0	5.0	
2.0630165764835167e9	1.264591236804364e9	7.984253396791528e8	50.0	0.0	0.0	0.20408163265306123	0.22907679033649697	0.5	9.0	0.015343980041646867	4.0	5.0	
2.0284074893020213e9	1.2337573278789077e9	7.946501614231138e8	50.0	0.0	0.0	0.20408163265306123	0.22907679033649697	0.5	9.0	0.015343980041646867	5.0	5.0	
1.99514872734374e9	1.2040418737508793e9	7.911068535928607e8	50.0	0.0	0.0	0.20408163265306123	0.22907679033649697	0.5	9.0	0.015343980041646867	6.0	5.0	
1.963199475474483e9	1.1754026411204944e9	7.877968343539889e8	50.0	0.0	0.0	0.20408163265306123	0.22907679033649697	0.5	9.0	0.015343980041646867	7.0	5.0	
1.9325213892421646e9	1.1477995739262962e9	7.847218153158685e8	50.0	0.0	0.0	0.20408163265306123	0.22907679033649697	0.5	9.0	0.015343980041646867	8.0	5.0	
1.9008597838620129e9	1.120009937410068e9	7.808498464519448e8	49.0	1.0	0.0	0.20408163265306123	0.22907679033649697	0.5	9.0	0.015343980041646867	9.0	5.0	
1.8685197999796162e9	1.0922924583671775e9	7.762273416124384e8	49.0	1.0	0.0	0.20408163265306123	0.22907679033649697	0.5	9.0	0.015343980041646867	10.0	5.0	
2.215868435254938e9	1.40004224135326e9	8.158261939016788e8	50.0	0.0	0.0	0.20408163265306123	0.23223350253807107	0.5268817204301075	11.0	0.02364486588271497	0.0	5.0	
2.175386301344361e9	1.3642565382616415e9	8.111297630827188e8	50.0	0.0	0.0	0.20408163265306123	0.23223350253807107	0.5268817204301075	11.0	0.02364486588271497	1.0	5.0	
2.1364321124076908e9	1.329774447844132e9	8.066576645635588e8	50.0	0.0	0.0	0.20408163265306123	0.23223350253807107	0.5268817204301075	11.0	0.02364486588271497	2.0	5.0	
2.0989566120234425e9	1.296546342578381e9	8.024102694450612e8	50.0	0.0	0.0	0.20408163265306123	0.23223350253807107	0.5268817204301075	11.0	0.02364486588271497	3.0	5.0	
2.0629132066090264e9	1.2645250244473433e9	7.983881821616831e8	50.0	0.0	0.0	0.20408163265306123	0.23223350253807107	0.5268817204301075	11.0	0.02364486588271497	4.0	5.0	
2.0282578239585495e9	1.2336655807157364e9	7.945922432428133e8	50.0	0.0	0.0	0.20408163265306123	0.23223350253807107	0.5268817204301075	11.0	0.02364486588271497	5.0	5.0	
1.9949487839091358e9	1.2039252428919525e9	7.910235410171833e8	50.0	0.0	0.0	0.20408163265306123	0.23223350253807107	0.5268817204301075	11.0	0.02364486588271497	6.0	5.0	
1.9629466842130494e9	1.1752632713790498e9	7.876834128339994e8	50.0	0.0	0.0	0.20408163265306123	0.23223350253807107	0.5268817204301075	11.0	0.02364486588271497	7.0	5.0	
1.9322142963527546e9	1.1476408426927025e9	7.845734536600521e8	50.0	0.0	0.0	0.20408163265306123	0.23223350253807107	0.5268817204301075	11.0	0.02364486588271497	8.0	5.0	
1.9027164701752787e9	1.1210209431638987e9	7.8169552701138e8	50.0	0.0	0.0	0.20408163265306123	0.23223350253807107	0.5268817204301075	11.0	0.02364486588271497	9.0	5.0	
1.8744200486882648e9	1.0953682813138587e9	7.79051767374406e8	49.0	1.0	0.0	0.20408163265306123	0.23223350253807107	0.5268817204301075	11.0	0.02364486588271497	10.0	5.0	
2.215868435254938e9	1.40004224135326e9	8.158261939016788e8	50.0	0.0	0.0	0.20408163265306123	0.22869379014989294	0.5384615384615384	10.0	0.015502296583234392	0.0	5.0	
2.1753879029670143e9	1.3642576246267407e9	8.111302783402741e8	50.0	0.0	0.0	0.20408163265306123	0.22869379014989294	0.5384615384615384	10.0	0.015502296583234392	1.0	5.0	
2.1364379052685113e9	1.3297781900269485e9	8.066597152415624e8	50.0	0.0	0.0	0.20408163265306123	0.22869379014989294	0.5384615384615384	10.0	0.015502296583234392	2.0	5.0	
2.098968393843023e9	1.2965535267585902e9	8.024148670844328e8	50.0	0.0	0.0	0.20408163265306123	0.22869379014989294	0.5384615384615384	10.0	0.015502296583234392	3.0	5.0	
2.0629321314135306e9	1.264535792400792e9	7.983963390127387e8	50.0	0.0	0.0	0.20408163265306123	0.22869379014989294	0.5384615384615384	10.0	0.015502296583234392	4.0	5.0	
2.028284527147271e9	1.2336795471165752e9	7.946049800306956e8	50.0	0.0	0.0	0.20408163265306123	0.22869379014989294	0.5384615384615384	10.0	0.015502296583234392	5.0	5.0	
1.9949834866208045e9	1.2039415909990878e9	7.91041895621717e8	50.0	0.0	0.0	0.20408163265306123	0.22869379014989294	0.5384615384615384	10.0	0.015502296583234392	6.0	5.0	
1.9629892817854333e9	1.1752808370845685e9	7.877084447008649e8	50.0	0.0	0.0	0.20408163265306123	0.22869379014989294	0.5384615384615384	10.0	0.015502296583234392	7.0	5.0	
1.9322644314161983e9	1.1476581768766863e9	7.846062545395119e8	50.0	0.0	0.0	0.20408163265306123	0.22869379014989294	0.5384615384615384	10.0	0.015502296583234392	8.0	5.0	
1.9027735946939836e9	1.121036368860234e9	7.817372258337495e8	50.0	0.0	0.0	0.20408163265306123	0.22869379014989294	0.5384615384615384	10.0	0.015502296583234392	9.0	5.0	
1.8719293509304414e9	1.0940222650555372e9	7.779070858749043e8	49.0	1.0	0.0	0.20408163265306123	0.22869379014989294	0.5384615384615384	10.0	0.015502296583234392	10.0	5.0	
2.215868435254938e9	1.40004224135326e9	8.158261939016788e8	50.0	0.0	0.0	0.20408163265306123	0.23364888123924268	0.5104166666666666	9.0	0.012009898562402626	0.0	5.0	
2.175393370931671e9	1.3642615224671786e9	8.111318484644926e8	50.0	0.0	0.0	0.20408163265306123	0.23364888123924268	0.5104166666666666	9.0	0.012009898562402626	1.0	5.0	
2.1364581110968533e9	1.3297921587666612e9	8.066659523301921e8	50.0	0.0	0.0	0.20408163265306123	0.23364888123924268	0.5104166666666666	9.0	0.012009898562402626	2.0	5.0	
2.0990104490432587e9	1.2965816289096835e9	8.024288201335752e8	50.0	0.0	0.0	0.20408163265306123	0.23364888123924268	0.5104166666666666	9.0	0.012009898562402626	3.0	5.0	
2.0630013762899177e9	1.2645803348786101e9	7.984210414113075e8	50.0	0.0	0.0	0.20408163265306123	0.23364888123924268	0.5104166666666666	9.0	0.012009898562402626	4.0	5.0	
2.0283848617526178e9	1.2337413916091714e9	7.946434701434467e8	50.0	0.0	0.0	0.20408163265306123	0.23364888123924268	0.5104166666666666	9.0	0.012009898562402626	5.0	5.0	
1.995117645545226e9	1.2040204010405936e9	7.910972445046325e8	50.0	0.0	0.0	0.20408163265306123	0.23364888123924268	0.5104166666666666	9.0	0.012009898562402626	6.0	5.0	
1.9631590688060641e9	1.1753752942738545e9	7.8778377453221e8	50.0	0.0	0.0	0.20408163265306123	0.23364888123924268	0.5104166666666666	9.0	0.012009898562402626	7.0	5.0	
1.9324709169054155e9	1.147766151253565e9	7.847047656518505e8	50.0	0.0	0.0	0.20408163265306123	0.23364888123924268	0.5104166666666666	9.0	0.012009898562402626	8.0	5.0	
1.9008819092157097e9	1.1200140607641997e9	7.808678484515101e8	49.0	1.0	0.0	0.20408163265306123	0.23364888123924268	0.5104166666666666	9.0	0.012009898562402626	9.0	5.0	
1.8685291678025508e9	1.0922864345051231e9	7.762427332974277e8	49.0	1.0	0.0	0.20408163265306123	0.23364888123924268	0.5104166666666666	9.0	0.012009898562402626	10.0	5.0	
2.215868435254938e9	1.40004224135326e9	8.158261939016788e8	50.0	0.0	0.0	0.20408163265306123	0.2121982210927573	0.47572815533980584	8.0	0.00728009270363712	0.0	5.0	
2.175398672375043e9	1.3642652861564775e9	8.111333862185655e8	50.0	0.0	0.0	0.20408163265306123	0.2121982210927573	0.47572815533980584	8.0	0.00728009270363712	1.0	5.0	
2.1364774385349405e9	1.329805432670569e9	8.066720058643714e8	50.0	0.0	0.0	0.20408163265306123	0.2121982210927573	0.47572815533980584	8.0	0.00728009270363712	2.0	5.0	
2.0990501294173098e9	1.2966078859589186e9	8.024422434583911e8	50.0	0.0	0.0	0.20408163265306123	0.2121982210927573	0.47572815533980584	8.0	0.00728009270363712	3.0	5.0	
2.0630658135658944e9	1.2646212191486692e9	7.984445944172251e8	50.0	0.0	0.0	0.20408163265306123	0.2121982210927573	0.47572815533980584	8.0	0.00728009270363712	4.0	5.0	
2.0284769257808328e9	1.233797081312503e9	7.946798444683297e8	50.0	0.0	0.0	0.20408163265306123	0.2121982210927573	0.47572815533980584	8.0	0.00728009270363712	5.0	5.0	
1.9952389915025663e9	1.2040899081734746e9	7.911490833290918e8	50.0	0.0	0.0	0.20408163265306123	0.2121982210927573	0.47572815533980584	8.0	0.00728009270363712	6.0	5.0	
1.9633103965369856e9	1.175456696569085e9	7.878536999679009e8	50.0	0.0	0.0	0.20408163265306123	0.2121982210927573	0.47572815533980584	8.0	0.00728009270363712	7.0	5.0	
1.9315610260541294e9	1.1472681269917474e9	7.842928990623816e8	49.0	1.0	0.0	0.20408163265306123	0.2121982210927573	0.47572815533980584	8.0	0.00728009270363712	8.0	5.0	
1.8975437919320097e9	1.1182967322217612e9	7.792470597102487e8	49.0	1.0	0.0	0.20408163265306123	0.2121982210927573	0.47572815533980584	8.0	0.00728009270363712	9.0	5.0	
1.8652902071791422e9	1.0907449574496007e9	7.745452497295413e8	49.0	1.0	0.0	0.20408163265306123	0.2121982210927573	0.47572815533980584	8.0	0.00728009270363712	10.0	5.0	
2.215868435254938e9	1.40004224135326e9	8.158261939016788e8	50.0	0.0	0.0	0.20408163265306123	0.19663648124191463	0.550561797752809	11.0	0.024230631613024214	0.0	5.0	
2.175385603202246e9	1.364256032094582e9	8.11129571107664e8	50.0	0.0	0.0	0.20408163265306123	0.19663648124191463	0.550561797752809	11.0	0.024230631613024214	1.0	5.0	
2.1364294786767359e9	1.329772584616825e9	8.066568940599108e8	50.0	0.0	0.0	0.20408163265306123	0.19663648124191463	0.550561797752809	11.0	0.024230631613024214	2.0	5.0	
2.098951015329272e9	1.2965424866897707e9	8.024085286395015e8	50.0	0.0	0.0	0.20408163265306123	0.19663648124191463	0.550561797752809	11.0	0.024230631613024214	3.0	5.0	
2.0629037978863473e9	1.2645187283359165e9	7.98385069550431e8	50.0	0.0	0.0	0.20408163265306123	0.19663648124191463	0.550561797752809	11.0	0.024230631613024214	4.0	5.0	
2.0282439030754266e9	1.2336565580743437e9	7.945873450010834e8	50.0	0.0	0.0	0.20408163265306123	0.19663648124191463	0.550561797752809	11.0	0.024230631613024214	5.0	5.0	
1.9949297736849036e9	1.2039133436598182e9	7.910164300250856e8	50.0	0.0	0.0	0.20408163265306123	0.19663648124191463	0.550561797752809	11.0	0.024230631613024214	6.0	5.0	
1.9629221088961227e9	1.1752484673351104e9	7.876736415610123e8	50.0	0.0	0.0	0.20408163265306123	0.19663648124191463	0.550561797752809	11.0	0.024230631613024214	7.0	5.0	
1.9321837612397685e9	1.1476232050596762e9	7.845605561800921e8	50.0	0.0	0.0	0.20408163265306123	0.19663648124191463	0.550561797752809	11.0	0.024230631613024214	8.0	5.0	
1.9026796432187912e9	1.121000632368797e9	7.816790108499942e8	50.0	0.0	0.0	0.20408163265306123	0.19663648124191463	0.550561797752809	11.0	0.024230631613024214	9.0	5.0	
1.8743766452517633e9	1.095345530599558e9	7.790311146522055e8	49.0	1.0	0.0	0.20408163265306123	0.19663648124191463	0.550561797752809	11.0	0.024230631613024214	10.0	5.0	
2.215868435254938e9	1.40004224135326e9	8.158261939016788e8	50.0	0.0	0.0	0.20408163265306123	0.21199143468950749	0.5	9.0	0.010773963820912865	0.0	5.0	
2.175394381469656e9	1.3642622707421358e9	8.111321107275208e8	50.0	0.0	0.0	0.20408163265306123	0.21199143468950749	0.5	9.0	0.010773963820912865	1.0	5.0	
2.1364619184684598e9	1.3297949231523633e9	8.066669953160965e8	50.0	0.0	0.0	0.20408163265306123	0.21199143468950749	0.5	9.0	0.010773963820912865	2.0	5.0	
2.099018529188981e9	1.2965873728566334e9	8.024311563323475e8	50.0	0.0	0.0	0.20408163265306123	0.21199143468950749	0.5	9.0	0.010773963820912865	3.0	5.0	
2.0630149448706088e9	1.2645897647048044e9	7.984251801658046e8	50.0	0.0	0.0	0.20408163265306123	0.21199143468950749	0.5	9.0	0.010773963820912865	4.0	5.0	
2.0284049155067995e9	1.2337549916112523e9	7.946499238955475e8	50.0	0.0	0.0	0.20408163265306123	0.21199143468950749	0.5	9.0	0.010773963820912865	5.0	5.0	
1.995145000367878e9	1.2040384712159615e9	7.911065291519166e8	50.0	0.0	0.0	0.20408163265306123	0.21199143468950749	0.5	9.0	0.010773963820912865	6.0	5.0	
1.963194390857348e9	1.175397973514975e9	7.877964173423724e8	50.0	0.0	0.0	0.20408163265306123	0.21199143468950749	0.5	9.0	0.010773963820912865	7.0	5.0	
1.932514750901981e9	1.147793445284932e9	7.847213056170492e8	50.0	0.0	0.0	0.20408163265306123	0.21199143468950749	0.5	9.0	0.010773963820912865	8.0	5.0	
1.9007429312475421e9	1.1199451996659758e9	7.807977315815665e8	49.0	1.0	0.0	0.20408163265306123	0.21199143468950749	0.5	9.0	0.010773963820912865	9.0	5.0	
1.8684027532098455e9	1.0922307096733336e9	7.761720435365118e8	49.0	1.0	0.0	0.20408163265306123	0.21199143468950749	0.5	9.0	0.010773963820912865	10.0	5.0	
