2.215868435254938e9	1.40004224135326e9	8.158261939016788e8	50.0	0.0	0.0	0.04081632653061224	0.0	0.16013071895424835	2.0	0.30612244897959184	0.0	1.0	
2.179242164339797e9	1.3674140202138968e9	8.118281441258999e8	50.0	0.0	0.0	0.04081632653061224	0.0	0.16013071895424835	2.0	0.30612244897959184	1.0	1.0	
2.1503737283090596e9	1.340878060305657e9	8.094956680034027e8	49.0	1.0	0.0	0.04081632653061224	0.0	0.16013071895424835	2.0	0.30612244897959184	2.0	1.0	
2.1124657001908798e9	1.3119002897621183e9	8.005654104287615e8	49.0	1.0	0.0	0.04081632653061224	0.0	0.16013071895424835	2.0	0.30612244897959184	3.0	1.0	
2.0843175527410135e9	1.2901999211838498e9	7.941176315571636e8	48.0	2.0	0.0	0.04081632653061224	0.0	0.16013071895424835	2.0	0.30612244897959184	4.0	1.0	
2.062588674886472e9	1.2728832866347153e9	7.897053882517567e8	47.0	3.0	0.0	0.04081632653061224	0.0	0.16013071895424835	2.0	0.30612244897959184	5.0	1.0	
2.03809818491334e9	1.2548936175906844e9	7.832045673226557e8	47.0	3.0	0.0	0.04081632653061224	0.0	0.16013071895424835	2.0	0.30612244897959184	6.0	1.0	
2.0128245882514215e9	1.237470420309063e9	7.753541679423586e8	46.0	4.0	0.0	0.04081632653061224	0.0	0.16013071895424835	2.0	0.30612244897959184	7.0	1.0	
1.9916855553904743e9	1.22284157261421e9	7.688439827762643e8	46.0	4.0	0.0	0.04081632653061224	0.0	0.16013071895424835	2.0	0.30612244897959184	8.0	1.0	
1.9738107439871485e9	1.2103367977223642e9	7.634739462647843e8	44.0	6.0	0.0	0.04081632653061224	0.0	0.16013071895424835	2.0	0.30612244897959184	9.0	1.0	
1.9586046347502747e9	1.1994968913492024e9	7.591077434010721e8	44.0	5.0	1.0	0.04081632653061224	0.0	0.16013071895424835	2.0	0.30612244897959184	10.0	1.0	
2.215868435254938e9	1.40004224135326e9	8.158261939016788e8	50.0	0.0	0.0	0.04081632653061224	0.0	0.16387959866220736	1.0	0.0	0.0	1.0	
2.1828076753225164e9	1.37019056432208e9	8.12617111000437e8	50.0	0.0	0.0	0.04081632653061224	0.0	0.16387959866220736	1.0	0.0	1.0	1.0	
2.1469404945380354e9	1.3423746690465379e9	8.045658254914975e8	49.0	1.0	0.0	0.04081632653061224	0.0	0.16387959866220736	1.0	0.0	2.0	1.0	
2.118562087218719e9	1.3220130325442066e9	7.965490546745123e8	48.0	2.0	0.0	0.04081632653061224	0.0	0.16387959866220736	1.0	0.0	3.0	1.0	
2.0985659190528677e9	1.3069582786573188e9	7.916076403955487e8	48.0	2.0	0.0	0.04081632653061224	0.0	0.16387959866220736	1.0	0.0	4.0	1.0	
2.0750581656249716e9	1.2907404886430495e9	7.843176769819221e8	48.0	2.0	0.0	0.04081632653061224	0.0	0.16387959866220736	1.0	0.0	5.0	1.0	
2.0555627715675874e9	1.2771103721170044e9	7.784523994505832e8	48.0	2.0	0.0	0.04081632653061224	0.0	0.16387959866220736	1.0	0.0	6.0	1.0	
2.0389213535254245e9	1.26525878121978e9	7.736625723056444e8	47.0	2.0	1.0	0.04081632653061224	0.0	0.16387959866220736	1.0	0.0	7.0	1.0	
2.0243434897737553e9	1.2546704303193808e9	7.696730594543746e8	47.0	2.0	1.0	0.04081632653061224	0.0	0.16387959866220736	1.0	0.0	8.0	1.0	
2.0113433903171864e9	1.2450299386523926e9	7.66313451664794e8	47.0	2.0	1.0	0.04081632653061224	0.0	0.16387959866220736	1.0	0.0	9.0	1.0	
1.9996146866775217e9	1.236135555632873e9	7.634791310446486e8	47.0	2.0	1.0	0.04081632653061224	0.0	0.16387959866220736	1.0	0.0	10.0	1.0	
2.215868435254938e9	1.40004224135326e9	8.158261939016788e8	50.0	0.0	0.0	0.04081632653061224	0.0	0.09158878504672897	2.0	0.04081632653061224	0.0	1.0	
2.1822963858556237e9	1.3699677063246365e9	8.123286795309873e8	50.0	0.0	0.0	0.04081632653061224	0.0	0.09158878504672897	2.0	0.04081632653061224	1.0	1.0	
2.1572468975451717e9	1.3474601995384293e9	8.097866980067425e8	49.0	1.0	0.0	0.04081632653061224	0.0	0.09158878504672897	2.0	0.04081632653061224	2.0	1.0	
2.1300562685860653e9	1.3269972524109597e9	8.030590161751056e8	48.0	2.0	0.0	0.04081632653061224	0.0	0.09158878504672897	2.0	0.04081632653061224	3.0	1.0	
2.1039631996523838e9	1.3097714886971788e9	7.941917109552047e8	47.0	3.0	0.0	0.04081632653061224	0.0	0.09158878504672897	2.0	0.04081632653061224	4.0	1.0	
2.0860254585138502e9	1.2980930696615906e9	7.879323888522596e8	47.0	3.0	0.0	0.04081632653061224	0.0	0.09158878504672897	2.0	0.04081632653061224	5.0	1.0	
2.0674150828056264e9	1.286939799889947e9	7.804752829156797e8	46.0	4.0	0.0	0.04081632653061224	0.0	0.09158878504672897	2.0	0.04081632653061224	6.0	1.0	
2.053418266577789e9	1.2786270263791523e9	7.747912401986368e8	46.0	4.0	0.0	0.04081632653061224	0.0	0.09158878504672897	2.0	0.04081632653061224	7.0	1.0	
2.0426533639488745e9	1.2721773525717247e9	7.704760113771496e8	45.0	5.0	0.0	0.04081632653061224	0.0	0.09158878504672897	2.0	0.04081632653061224	8.0	1.0	
2.0342762023639717e9	1.2670183252952714e9	7.672578770687003e8	45.0	4.0	1.0	0.04081632653061224	0.0	0.09158878504672897	2.0	0.04081632653061224	9.0	1.0	
2.0269065806240077e9	1.2624203868147807e9	7.644861938092265e8	45.0	4.0	1.0	0.04081632653061224	0.0	0.09158878504672897	2.0	0.04081632653061224	10.0	1.0	
2.215868435254938e9	1.40004224135326e9	8.158261939016788e8	50.0	0.0	0.0	0.04081632653061224	0.04411764705882353	0.10337552742616034	4.0	0.157312925170068	0.0	1.0	
2.179863668843427e9	1.3680186814005675e9	8.118449874428601e8	50.0	0.0	0.0	0.04081632653061224	0.04411764705882353	0.10337552742616034	4.0	0.157312925170068	1.0	1.0	
2.1529286349566755e9	1.343353468591959e9	8.095751663647164e8	50.0	0.0	0.0	0.04081632653061224	0.04411764705882353	0.10337552742616034	4.0	0.157312925170068	2.0	1.0	
2.1309898598905356e9	1.323029806509718e9	8.079600533808179e8	49.0	1.0	0.0	0.04081632653061224	0.04411764705882353	0.10337552742616034	4.0	0.157312925170068	3.0	1.0	
2.1070159935707808e9	1.3035206876239562e9	8.034953059468241e8	47.0	3.0	0.0	0.04081632653061224	0.04411764705882353	0.10337552742616034	4.0	0.157312925170068	4.0	1.0	
2.084664894851841e9	1.2864795064126952e9	7.981853884391458e8	45.0	5.0	0.0	0.04081632653061224	0.04411764705882353	0.10337552742616034	4.0	0.157312925170068	5.0	1.0	
2.0608842963594387e9	1.2704199248880992e9	7.904643714713395e8	45.0	5.0	0.0	0.04081632653061224	0.04411764705882353	0.10337552742616034	4.0	0.157312925170068	6.0	1.0	
2.033662521405707e9	1.254066592878164e9	7.79595928527543e8	44.0	6.0	0.0	0.04081632653061224	0.04411764705882353	0.10337552742616034	4.0	0.157312925170068	7.0	1.0	
2.0117358483757548e9	1.2414978551708941e9	7.702379932048603e8	44.0	6.0	0.0	0.04081632653061224	0.04411764705882353	0.10337552742616034	4.0	0.157312925170068	8.0	1.0	
1.9944554284096055e9	1.2319411746706548e9	7.62514253738951e8	44.0	6.0	0.0	0.04081632653061224	0.04411764705882353	0.10337552742616034	4.0	0.157312925170068	9.0	1.0	
1.98073342355657e9	1.224560676980583e9	7.561727465759873e8	43.0	7.0	0.0	0.04081632653061224	0.04411764705882353	0.10337552742616034	4.0	0.157312925170068	10.0	1.0	
2.215868435254938e9	1.40004224135326e9	8.158261939016788e8	50.0	0.0	0.0	0.04081632653061224	0.0	0.13136729222520108	3.0	0.13605442176870747	0.0	1.0	
2.1785851683358073e9	1.3669161714029171e9	8.116689969328902e8	50.0	0.0	0.0	0.04081632653061224	0.0	0.13136729222520108	3.0	0.13605442176870747	1.0	1.0	
2.148254711120812e9	1.3394098542987723e9	8.0884485682204e8	50.0	0.0	0.0	0.04081632653061224	0.0	0.13136729222520108	3.0	0.13605442176870747	2.0	1.0	
2.118166780808463e9	1.3134918658876202e9	8.046749149208431e8	49.0	1.0	0.0	0.04081632653061224	0.0	0.13136729222520108	3.0	0.13605442176870747	3.0	1.0	
2.0878173471116633e9	1.2894223082730842e9	7.983950388385794e8	48.0	2.0	0.0	0.04081632653061224	0.0	0.13136729222520108	3.0	0.13605442176870747	4.0	1.0	
2.064472543979539e9	1.2703949311524606e9	7.940776128270783e8	47.0	3.0	0.0	0.04081632653061224	0.0	0.13136729222520108	3.0	0.13605442176870747	5.0	1.0	
2.0375335101385603e9	1.2506502046644416e9	7.868833054741188e8	46.0	4.0	0.0	0.04081632653061224	0.0	0.13136729222520108	3.0	0.13605442176870747	6.0	1.0	
2.0120087303307939e9	1.2328152054343061e9	7.791935248964874e8	45.0	5.0	0.0	0.04081632653061224	0.0	0.13136729222520108	3.0	0.13605442176870747	7.0	1.0	
1.9911725517464716e9	1.2181594702159405e9	7.73013081530531e8	45.0	5.0	0.0	0.04081632653061224	0.0	0.13136729222520108	3.0	0.13605442176870747	8.0	1.0	
1.9727580398210971e9	1.2052570793029912e9	7.67500960518106e8	44.0	6.0	0.0	0.04081632653061224	0.0	0.13136729222520108	3.0	0.13605442176870747	9.0	1.0	
1.9510757211107056e9	1.1913535593840508e9	7.597221617266548e8	44.0	6.0	0.0	0.04081632653061224	0.0	0.13136729222520108	3.0	0.13605442176870747	10.0	1.0	
2.215868435254938e9	1.40004224135326e9	8.158261939016788e8	50.0	0.0	0.0	0.04081632653061224	0.0	0.13136729222520108	1.0	0.0	0.0	1.0	
2.1823173159112253e9	1.3698156048826628e9	8.125017110285629e8	50.0	0.0	0.0	0.04081632653061224	0.0	0.13136729222520108	1.0	0.0	1.0	1.0	
2.1463814491812634e9	1.3416918238400242e9	8.046896253412391e8	49.0	1.0	0.0	0.04081632653061224	0.0	0.13136729222520108	1.0	0.0	2.0	1.0	
2.117047089912366e9	1.3206901852334058e9	7.9635690467896e8	49.0	1.0	0.0	0.04081632653061224	0.0	0.13136729222520108	1.0	0.0	3.0	1.0	
2.0964183038261516e9	1.305425407826051e9	7.909928960001009e8	48.0	2.0	0.0	0.04081632653061224	0.0	0.13136729222520108	1.0	0.0	4.0	1.0	
2.078542230617795e9	1.2920078772285445e9	7.86534353389251e8	48.0	2.0	0.0	0.04081632653061224	0.0	0.13136729222520108	1.0	0.0	5.0	1.0	
2.0592421263798196e9	1.2784702592622654e9	7.807718671175542e8	48.0	2.0	0.0	0.04081632653061224	0.0	0.13136729222520108	1.0	0.0	6.0	1.0	
2.0432259673504145e9	1.2670852970519269e9	7.761406702984877e8	47.0	2.0	1.0	0.04081632653061224	0.0	0.13136729222520108	1.0	0.0	7.0	1.0	
2.029702037639626e9	1.2573127117621903e9	7.723893258774354e8	45.0	4.0	1.0	0.04081632653061224	0.0	0.13136729222520108	1.0	0.0	8.0	1.0	
2.018167396716413e9	1.2488010473987498e9	7.693663493176631e8	45.0	4.0	1.0	0.04081632653061224	0.0	0.13136729222520108	1.0	0.0	9.0	1.0	
2.0082954817128239e9	1.2413107055280666e9	7.669847761847572e8	45.0	4.0	1.0	0.04081632653061224	0.0	0.13136729222520108	1.0	0.0	10.0	1.0	
2.215868435254938e9	1.40004224135326e9	8.158261939016788e8	50.0	0.0	0.0	0.04081632653061224	0.0375	0.14202898550724638	5.0	0.5518707482993197	0.0	1.0	
2.178492946918668e9	1.3668684439111803e9	8.116245030074874e8	50.0	0.0	0.0	0.04081632653061224	0.0375	0.14202898550724638	5.0	0.5518707482993197	1.0	1.0	
2.1480256438306985e9	1.339363745099206e9	8.086618987314928e8	50.0	0.0	0.0	0.04081632653061224	0.0375	0.14202898550724638	5.0	0.5518707482993197	2.0	1.0	
2.1234557929672327e9	1.3164428498065314e9	8.07012943160701e8	50.0	0.0	0.0	0.04081632653061224	0.0375	0.14202898550724638	5.0	0.5518707482993197	3.0	1.0	
2.0981446058743844e9	1.2943248650601082e9	8.03819740814276e8	49.0	1.0	0.0	0.04081632653061224	0.0375	0.14202898550724638	5.0	0.5518707482993197	4.0	1.0	
2.0748844677213821e9	1.2746941417548316e9	8.001903259665506e8	47.0	3.0	0.0	0.04081632653061224	0.0375	0.14202898550724638	5.0	0.5518707482993197	5.0	1.0	
2.0507246678238726e9	1.255799724420326e9	7.949249434035466e8	44.0	6.0	0.0	0.04081632653061224	0.0375	0.14202898550724638	5.0	0.5518707482993197	6.0	1.0	
2.0265008409545298e9	1.238180633596425e9	7.883202073581047e8	44.0	6.0	0.0	0.04081632653061224	0.0375	0.14202898550724638	5.0	0.5518707482993197	7.0	1.0	
1.997970530019139e9	1.2194691612842891e9	7.785013687348499e8	44.0	6.0	0.0	0.04081632653061224	0.0375	0.14202898550724638	5.0	0.5518707482993197	8.0	1.0	
1.96983777501307e9	1.202096771869547e9	7.677410031435233e8	43.0	7.0	0.0	0.04081632653061224	0.0375	0.14202898550724638	5.0	0.5518707482993197	9.0	1.0	
1.946267820675275e9	1.1878509538189101e9	7.58416866856365e8	43.0	7.0	0.0	0.04081632653061224	0.0375	0.14202898550724638	5.0	0.5518707482993197	10.0	1.0	
2.215868435254938e9	1.40004224135326e9	8.158261939016788e8	50.0	0.0	0.0	0.04081632653061224	0.0	0.1550632911392405	5.0	0.3520408163265306	0.0	1.0	
2.1788841563523316e9	1.367196268526499e9	8.116878878258325e8	50.0	0.0	0.0	0.04081632653061224	0.0	0.1550632911392405	5.0	0.3520408163265306	1.0	1.0	
2.14941539275394e9	1.3404919571174293e9	8.089234356365106e8	50.0	0.0	0.0	0.04081632653061224	0.0	0.1550632911392405	5.0	0.3520408163265306	2.0	1.0	
2.1262802965394416e9	1.3186466957690291e9	8.076336007704122e8	49.0	1.0	0.0	0.04081632653061224	0.0	0.1550632911392405	5.0	0.3520408163265306	3.0	1.0	
2.1014631271862261e9	1.2971747459009032e9	8.042883812853228e8	46.0	4.0	0.0	0.04081632653061224	0.0	0.1550632911392405	5.0	0.3520408163265306	4.0	1.0	
2.0802877650757086e9	1.2789907974182796e9	8.012969676574285e8	46.0	4.0	0.0	0.04081632653061224	0.0	0.1550632911392405	5.0	0.3520408163265306	5.0	1.0	
2.0525766747637353e9	1.2587935288904448e9	7.937831458732905e8	44.0	6.0	0.0	0.04081632653061224	0.0	0.1550632911392405	5.0	0.3520408163265306	6.0	1.0	
2.024872242236815e9	1.2401919098110113e9	7.846803324258034e8	44.0	6.0	0.0	0.04081632653061224	0.0	0.1550632911392405	5.0	0.3520408163265306	7.0	1.0	
1.996873639963626e9	1.2225739922254653e9	7.742996477381606e8	44.0	6.0	0.0	0.04081632653061224	0.0	0.1550632911392405	5.0	0.3520408163265306	8.0	1.0	
1.9705143893952875e9	1.2067941148733544e9	7.637202745219331e8	44.0	6.0	0.0	0.04081632653061224	0.0	0.1550632911392405	5.0	0.3520408163265306	9.0	1.0	
1.9484285063745797e9	1.1938605167552178e9	7.545679896193619e8	44.0	6.0	0.0	0.04081632653061224	0.0	0.1550632911392405	5.0	0.3520408163265306	10.0	1.0	
2.215868435254938e9	1.40004224135326e9	8.158261939016788e8	50.0	0.0	0.0	0.04081632653061224	0.046153846153846156	0.11085972850678733	2.0	0.25	0.0	1.0	
2.1801175646696095e9	1.3681422123784573e9	8.119753522911522e8	50.0	0.0	0.0	0.04081632653061224	0.046153846153846156	0.11085972850678733	2.0	0.25	1.0	1.0	
2.152108785016693e9	1.3426323500494742e9	8.094764349672189e8	49.0	1.0	0.0	0.04081632653061224	0.046153846153846156	0.11085972850678733	2.0	0.25	2.0	1.0	
2.1172633058384733e9	1.3162016276924179e9	8.010616781460555e8	49.0	1.0	0.0	0.04081632653061224	0.046153846153846156	0.11085972850678733	2.0	0.25	3.0	1.0	
2.0927782605778713e9	1.297259426893988e9	7.955188336838835e8	47.0	3.0	0.0	0.04081632653061224	0.046153846153846156	0.11085972850678733	2.0	0.25	4.0	1.0	
2.0687617047932436e9	1.2797689286732237e9	7.889927761200202e8	47.0	3.0	0.0	0.04081632653061224	0.046153846153846156	0.11085972850678733	2.0	0.25	5.0	1.0	
2.0438766570758376e9	1.2629303048654337e9	7.809463522104038e8	47.0	3.0	0.0	0.04081632653061224	0.046153846153846156	0.11085972850678733	2.0	0.25	6.0	1.0	
2.0223972907539313e9	1.2486925547614207e9	7.737047359925109e8	45.0	5.0	0.0	0.04081632653061224	0.046153846153846156	0.11085972850678733	2.0	0.25	7.0	1.0	
2.0048158960430202e9	1.2369576948457031e9	7.678582011973174e8	45.0	5.0	0.0	0.04081632653061224	0.046153846153846156	0.11085972850678733	2.0	0.25	8.0	1.0	
1.9902345398903134e9	1.2270546947447805e9	7.631798451455328e8	45.0	5.0	0.0	0.04081632653061224	0.046153846153846156	0.11085972850678733	2.0	0.25	9.0	1.0	
1.9780641155045419e9	1.218545064608337e9	7.595190508962048e8	45.0	4.0	1.0	0.04081632653061224	0.046153846153846156	0.11085972850678733	2.0	0.25	10.0	1.0	
2.215868435254938e9	1.40004224135326e9	8.158261939016788e8	50.0	0.0	0.0	0.04081632653061224	0.047619047619047616	0.10187110187110188	1.0	0.0	0.0	1.0	
2.1836042958215055e9	1.3708736297870893e9	8.127306660344164e8	50.0	0.0	0.0	0.04081632653061224	0.047619047619047616	0.10187110187110188	1.0	0.0	1.0	1.0	
2.1496005539931335e9	1.34470792655648e9	8.048926274366541e8	49.0	1.0	0.0	0.04081632653061224	0.047619047619047616	0.10187110187110188	1.0	0.0	2.0	1.0	
2.1241629553159838e9	1.3267628975129797e9	7.974000578030039e8	48.0	2.0	0.0	0.04081632653061224	0.047619047619047616	0.10187110187110188	1.0	0.0	3.0	1.0	
2.1061309262662215e9	1.3137639914785953e9	7.923669347876263e8	48.0	2.0	0.0	0.04081632653061224	0.047619047619047616	0.10187110187110188	1.0	0.0	4.0	1.0	
2.0865010866264071e9	1.300816646705273e9	7.856844399211342e8	48.0	2.0	0.0	0.04081632653061224	0.047619047619047616	0.10187110187110188	1.0	0.0	5.0	1.0	
2.0713895906404629e9	1.2907331184040196e9	7.806564722364433e8	46.0	4.0	0.0	0.04081632653061224	0.047619047619047616	0.10187110187110188	1.0	0.0	6.0	1.0	
2.0593759829889328e9	1.2825464320969598e9	7.768295508919731e8	46.0	3.0	1.0	0.04081632653061224	0.047619047619047616	0.10187110187110188	1.0	0.0	7.0	1.0	
2.0496481219901206e9	1.2757113085242567e9	7.739368134658641e8	46.0	3.0	1.0	0.04081632653061224	0.047619047619047616	0.10187110187110188	1.0	0.0	8.0	1.0	
2.0417303364401681e9	1.2699005871821592e9	7.71829749258009e8	46.0	3.0	1.0	0.04081632653061224	0.047619047619047616	0.10187110187110188	1.0	0.0	9.0	1.0	
2.0353571541012487e9	1.2649145065629334e9	7.704426475383153e8	46.0	3.0	1.0	0.04081632653061224	0.047619047619047616	0.10187110187110188	1.0	0.0	10.0	1.0	
