2.215868435254938e9	1.40004224135326e9	8.158261939016788e8	50.0	0.0	0.0	0.08163265306122448	0.09009009009009009	0.35766423357664234	4.0	0.040367873339812115	0.0	2.0	
2.1757937863027935e9	1.3645727526327856e9	8.112210336700084e8	50.0	0.0	0.0	0.08163265306122448	0.09009009009009009	0.35766423357664234	4.0	0.040367873339812115	1.0	2.0	
2.1379304007836883e9	1.330915176832576e9	8.070152239511123e8	50.0	0.0	0.0	0.08163265306122448	0.09009009009009009	0.35766423357664234	4.0	0.040367873339812115	2.0	2.0	
2.1020661591442804e9	1.2988680104863038e9	8.031981486579767e8	50.0	0.0	0.0	0.08163265306122448	0.09009009009009009	0.35766423357664234	4.0	0.040367873339812115	3.0	2.0	
2.0664310675631876e9	1.2674113028712645e9	7.990197646919233e8	49.0	1.0	0.0	0.08163265306122448	0.09009009009009009	0.35766423357664234	4.0	0.040367873339812115	4.0	2.0	
2.0255681294859521e9	1.2339616255331817e9	7.916065039527705e8	49.0	1.0	0.0	0.08163265306122448	0.09009009009009009	0.35766423357664234	4.0	0.040367873339812115	5.0	2.0	
1.988257163153345e9	1.2032921656534195e9	7.849649974999256e8	49.0	1.0	0.0	0.08163265306122448	0.09009009009009009	0.35766423357664234	4.0	0.040367873339812115	6.0	2.0	
1.953820621658732e9	1.1748141717042067e9	7.790064499545252e8	49.0	1.0	0.0	0.08163265306122448	0.09009009009009009	0.35766423357664234	4.0	0.040367873339812115	7.0	2.0	
1.921765862587457e9	1.1481081957518063e9	7.736576668356508e8	49.0	1.0	0.0	0.08163265306122448	0.09009009009009009	0.35766423357664234	4.0	0.040367873339812115	8.0	2.0	
1.891731486435889e9	1.1228727524761214e9	7.688587339597678e8	49.0	1.0	0.0	0.08163265306122448	0.09009009009009009	0.35766423357664234	4.0	0.040367873339812115	9.0	2.0	
1.863449411905357e9	1.0988886029870973e9	7.645608089182596e8	49.0	1.0	0.0	0.08163265306122448	0.09009009009009009	0.35766423357664234	4.0	0.040367873339812115	10.0	2.0	
2.215868435254938e9	1.40004224135326e9	8.158261939016788e8	50.0	0.0	0.0	0.08163265306122448	0.09090909090909091	0.3402777777777778	4.0	0.05068904545945362	0.0	2.0	
2.1760142758271837e9	1.3647544207367024e9	8.112598550904812e8	50.0	0.0	0.0	0.08163265306122448	0.09090909090909091	0.3402777777777778	4.0	0.05068904545945362	1.0	2.0	
2.1387607034644554e9	1.3315887488371782e9	8.071719546272774e8	50.0	0.0	0.0	0.08163265306122448	0.09090909090909091	0.3402777777777778	4.0	0.05068904545945362	2.0	2.0	
2.1038311390502162e9	1.3002767401449428e9	8.035543989052738e8	50.0	0.0	0.0	0.08163265306122448	0.09090909090909091	0.3402777777777778	4.0	0.05068904545945362	3.0	2.0	
2.067705709465283e9	1.268863222408871e9	7.988424870564117e8	49.0	1.0	0.0	0.08163265306122448	0.09090909090909091	0.3402777777777778	4.0	0.05068904545945362	4.0	2.0	
2.0283665678379173e9	1.2366952967734327e9	7.916712710644844e8	49.0	1.0	0.0	0.08163265306122448	0.09090909090909091	0.3402777777777778	4.0	0.05068904545945362	5.0	2.0	
1.9927633487410665e9	1.207408025794999e9	7.853553229460677e8	49.0	1.0	0.0	0.08163265306122448	0.09090909090909091	0.3402777777777778	4.0	0.05068904545945362	6.0	2.0	
1.9601628596238136e9	1.1803650939769406e9	7.79797765646873e8	49.0	1.0	0.0	0.08163265306122448	0.09090909090909091	0.3402777777777778	4.0	0.05068904545945362	7.0	2.0	
1.93003979403236e9	1.155119226948042e9	7.749205670843183e8	49.0	1.0	0.0	0.08163265306122448	0.09090909090909091	0.3402777777777778	4.0	0.05068904545945362	8.0	2.0	
1.902013854444634e9	1.131352450405529e9	7.706614040391047e8	47.0	3.0	0.0	0.08163265306122448	0.09090909090909091	0.3402777777777778	4.0	0.05068904545945362	9.0	2.0	
1.87425114319403e9	1.108038992133428e9	7.662121510606017e8	47.0	3.0	0.0	0.08163265306122448	0.09090909090909091	0.3402777777777778	4.0	0.05068904545945362	10.0	2.0	
2.215868435254938e9	1.40004224135326e9	8.158261939016788e8	50.0	0.0	0.0	0.08163265306122448	0.13274336283185842	0.3402777777777778	3.0	0.01357364998946631	0.0	2.0	
2.1760411839248877e9	1.364768775521661e9	8.11272408403227e8	50.0	0.0	0.0	0.08163265306122448	0.13274336283185842	0.3402777777777778	3.0	0.01357364998946631	1.0	2.0	
2.1388076101817741e9	1.33159539333644e9	8.072122168453338e8	50.0	0.0	0.0	0.08163265306122448	0.13274336283185842	0.3402777777777778	3.0	0.01357364998946631	2.0	2.0	
2.1038299770302048e9	1.3002078076043215e9	8.036221694258835e8	50.0	0.0	0.0	0.08163265306122448	0.13274336283185842	0.3402777777777778	3.0	0.01357364998946631	3.0	2.0	
2.061338589886457e9	1.2656239451049867e9	7.957146447814705e8	49.0	1.0	0.0	0.08163265306122448	0.13274336283185842	0.3402777777777778	3.0	0.01357364998946631	4.0	2.0	
2.0222224285422547e9	1.2340443084478197e9	7.881781200944352e8	49.0	1.0	0.0	0.08163265306122448	0.13274336283185842	0.3402777777777778	3.0	0.01357364998946631	5.0	2.0	
1.9867899539840336e9	1.2052520408248034e9	7.815379131592305e8	49.0	1.0	0.0	0.08163265306122448	0.13274336283185842	0.3402777777777778	3.0	0.01357364998946631	6.0	2.0	
1.9542205849470885e9	1.178559135400173e9	7.756614495469154e8	49.0	1.0	0.0	0.08163265306122448	0.13274336283185842	0.3402777777777778	3.0	0.01357364998946631	7.0	2.0	
1.923957804799214e9	1.1535133514921813e9	7.704444533070325e8	49.0	1.0	0.0	0.08163265306122448	0.13274336283185842	0.3402777777777778	3.0	0.01357364998946631	8.0	2.0	
1.8956179790140023e9	1.1298128540345879e9	7.658051249794145e8	48.0	2.0	0.0	0.08163265306122448	0.13274336283185842	0.3402777777777778	3.0	0.01357364998946631	9.0	2.0	
1.86893178280827e9	1.1072521935113585e9	7.616795892969112e8	48.0	2.0	0.0	0.08163265306122448	0.13274336283185842	0.3402777777777778	3.0	0.01357364998946631	10.0	2.0	
2.215868435254938e9	1.40004224135326e9	8.158261939016788e8	50.0	0.0	0.0	0.08163265306122448	0.07988165680473373	0.3141025641025641	4.0	0.021477898518714844	0.0	2.0	
2.176304517488406e9	1.3649978971717443e9	8.11306620316662e8	50.0	0.0	0.0	0.08163265306122448	0.07988165680473373	0.3141025641025641	4.0	0.021477898518714844	1.0	2.0	
2.1398547728134294e9	1.3324921095177538e9	8.073626632956753e8	50.0	0.0	0.0	0.08163265306122448	0.07988165680473373	0.3141025641025641	4.0	0.021477898518714844	2.0	2.0	
2.1061613110190248e9	1.3021680377927299e9	8.039932732262948e8	50.0	0.0	0.0	0.08163265306122448	0.07988165680473373	0.3141025641025641	4.0	0.021477898518714844	3.0	2.0	
2.0705051310195022e9	1.2714331749359236e9	7.990719560835786e8	49.0	1.0	0.0	0.08163265306122448	0.07988165680473373	0.3141025641025641	4.0	0.021477898518714844	4.0	2.0	
2.0331298583741097e9	1.2408596083658586e9	7.922702500082514e8	49.0	1.0	0.0	0.08163265306122448	0.07988165680473373	0.3141025641025641	4.0	0.021477898518714844	5.0	2.0	
1.9997249314656243e9	1.2132964755462701e9	7.86428455919354e8	49.0	1.0	0.0	0.08163265306122448	0.07988165680473373	0.3141025641025641	4.0	0.021477898518714844	6.0	2.0	
1.9695083987683601e9	1.1880606293156e9	7.814477694527602e8	47.0	3.0	0.0	0.08163265306122448	0.07988165680473373	0.3141025641025641	4.0	0.021477898518714844	7.0	2.0	
1.9400005475659084e9	1.1636985178023305e9	7.763020297635782e8	47.0	3.0	0.0	0.08163265306122448	0.07988165680473373	0.3141025641025641	4.0	0.021477898518714844	8.0	2.0	
1.906370711797522e9	1.137804822239844e9	7.68565889557678e8	47.0	3.0	0.0	0.08163265306122448	0.07988165680473373	0.3141025641025641	4.0	0.021477898518714844	9.0	2.0	
1.875030738706594e9	1.1137016787414894e9	7.613290599651042e8	46.0	4.0	0.0	0.08163265306122448	0.07988165680473373	0.3141025641025641	4.0	0.021477898518714844	10.0	2.0	
2.215868435254938e9	1.40004224135326e9	8.158261939016788e8	50.0	0.0	0.0	0.08163265306122448	0.10975609756097561	0.35507246376811596	4.0	0.029776537238271932	0.0	2.0	
2.1758457087644835e9	1.364620245949167e9	8.11225462815317e8	50.0	0.0	0.0	0.08163265306122448	0.10975609756097561	0.35507246376811596	4.0	0.029776537238271932	1.0	2.0	
2.138140383954046e9	1.3311056559946842e9	8.070347279593616e8	50.0	0.0	0.0	0.08163265306122448	0.10975609756097561	0.35507246376811596	4.0	0.029776537238271932	2.0	2.0	
2.1025423324162133e9	1.2992957888021405e9	8.032465436140726e8	50.0	0.0	0.0	0.08163265306122448	0.10975609756097561	0.35507246376811596	4.0	0.029776537238271932	3.0	2.0	
2.0679137484375365e9	1.2685043066148553e9	7.994094418226813e8	49.0	1.0	0.0	0.08163265306122448	0.10975609756097561	0.35507246376811596	4.0	0.029776537238271932	4.0	2.0	
2.0274923178946414e9	1.235398543943174e9	7.920937739514674e8	49.0	1.0	0.0	0.08163265306122448	0.10975609756097561	0.35507246376811596	4.0	0.029776537238271932	5.0	2.0	
1.990701648903318e9	1.205142212267146e9	7.855594366361717e8	49.0	1.0	0.0	0.08163265306122448	0.10975609756097561	0.35507246376811596	4.0	0.029776537238271932	6.0	2.0	
1.9568695349000626e9	1.1771482960229297e9	7.797212388771334e8	49.0	1.0	0.0	0.08163265306122448	0.10975609756097561	0.35507246376811596	4.0	0.029776537238271932	7.0	2.0	
1.9255038946902115e9	1.1509949957236476e9	7.745088989665642e8	49.0	1.0	0.0	0.08163265306122448	0.10975609756097561	0.35507246376811596	4.0	0.029776537238271932	8.0	2.0	
1.8962416233422463e9	1.1263765466330848e9	7.698650767091615e8	49.0	1.0	0.0	0.08163265306122448	0.10975609756097561	0.35507246376811596	4.0	0.029776537238271932	9.0	2.0	
1.8688119236845527e9	1.103068632761787e9	7.65743290922766e8	48.0	2.0	0.0	0.08163265306122448	0.10975609756097561	0.35507246376811596	4.0	0.029776537238271932	10.0	2.0	
2.215868435254938e9	1.40004224135326e9	8.158261939016788e8	50.0	0.0	0.0	0.08163265306122448	0.061764705882352944	0.362962962962963	4.0	0.04852978889968686	0.0	2.0	
2.175875358629054e9	1.364641204466816e9	8.112341541622384e8	50.0	0.0	0.0	0.08163265306122448	0.061764705882352944	0.362962962962963	4.0	0.04852978889968686	1.0	2.0	
2.1382416722737842e9	1.3311728397547789e9	8.070688325190051e8	50.0	0.0	0.0	0.08163265306122448	0.061764705882352944	0.362962962962963	4.0	0.04852978889968686	2.0	2.0	
2.102735978007134e9	1.299414456931653e9	8.033215210754809e8	50.0	0.0	0.0	0.08163265306122448	0.061764705882352944	0.362962962962963	4.0	0.04852978889968686	3.0	2.0	
2.0673037343478374e9	1.268187408245009e9	7.991163261028285e8	49.0	1.0	0.0	0.08163265306122448	0.061764705882352944	0.362962962962963	4.0	0.04852978889968686	4.0	2.0	
2.0270203187901905e9	1.2352093354873044e9	7.918109833028859e8	49.0	1.0	0.0	0.08163265306122448	0.061764705882352944	0.362962962962963	4.0	0.04852978889968686	5.0	2.0	
1.9903644484549532e9	1.2050587484282217e9	7.853057000267316e8	49.0	1.0	0.0	0.08163265306122448	0.061764705882352944	0.362962962962963	4.0	0.04852978889968686	6.0	2.0	
1.9566434842025342e9	1.1771328815415697e9	7.795106026609644e8	49.0	1.0	0.0	0.08163265306122448	0.061764705882352944	0.362962962962963	4.0	0.04852978889968686	7.0	2.0	
1.925354917863651e9	1.1510027943893464e9	7.743521234743047e8	49.0	1.0	0.0	0.08163265306122448	0.061764705882352944	0.362962962962963	4.0	0.04852978889968686	8.0	2.0	
1.8961308303433504e9	1.1263603087646399e9	7.697705215787103e8	48.0	2.0	0.0	0.08163265306122448	0.061764705882352944	0.362962962962963	4.0	0.04852978889968686	9.0	2.0	
1.8677682124805655e9	1.102499642712246e9	7.652685697683196e8	48.0	2.0	0.0	0.08163265306122448	0.061764705882352944	0.362962962962963	4.0	0.04852978889968686	10.0	2.0	
2.215868435254938e9	1.40004224135326e9	8.158261939016788e8	50.0	0.0	0.0	0.08163265306122448	0.1391304347826087	0.29878048780487804	3.0	0.013536942554799697	0.0	2.0	
2.1765284070701594e9	1.365169586993333e9	8.113588200768263e8	50.0	0.0	0.0	0.08163265306122448	0.1391304347826087	0.29878048780487804	3.0	0.013536942554799697	1.0	2.0	
2.1406175790927453e9	1.3330548130496244e9	8.075627660431207e8	50.0	0.0	0.0	0.08163265306122448	0.1391304347826087	0.29878048780487804	3.0	0.013536942554799697	2.0	2.0	
2.106315452692372e9	1.3025077851839018e9	8.038076675084698e8	49.0	1.0	0.0	0.08163265306122448	0.1391304347826087	0.29878048780487804	3.0	0.013536942554799697	3.0	2.0	
2.0649980438287582e9	1.2694201762816684e9	7.955778675470898e8	49.0	1.0	0.0	0.08163265306122448	0.1391304347826087	0.29878048780487804	3.0	0.013536942554799697	4.0	2.0	
2.02900023286125e9	1.2404086095076776e9	7.885916233535722e8	49.0	1.0	0.0	0.08163265306122448	0.1391304347826087	0.29878048780487804	3.0	0.013536942554799697	5.0	2.0	
1.996938502411797e9	1.2142852541514585e9	7.826532482603388e8	49.0	1.0	0.0	0.08163265306122448	0.1391304347826087	0.29878048780487804	3.0	0.013536942554799697	6.0	2.0	
1.9679141181495063e9	1.1903004780251198e9	7.776136401243863e8	48.0	2.0	0.0	0.08163265306122448	0.1391304347826087	0.29878048780487804	3.0	0.013536942554799697	7.0	2.0	
1.941277545489005e9	1.1679442235723891e9	7.733333219166162e8	47.0	3.0	0.0	0.08163265306122448	0.1391304347826087	0.29878048780487804	3.0	0.013536942554799697	8.0	2.0	
1.9122966039364061e9	1.1447601514221785e9	7.675364525142276e8	46.0	4.0	0.0	0.08163265306122448	0.1391304347826087	0.29878048780487804	3.0	0.013536942554799697	9.0	2.0	
1.8822541747217195e9	1.1214438889593923e9	7.608102857623273e8	46.0	4.0	0.0	0.08163265306122448	0.1391304347826087	0.29878048780487804	3.0	0.013536942554799697	10.0	2.0	
2.215868435254938e9	1.40004224135326e9	8.158261939016788e8	50.0	0.0	0.0	0.08163265306122448	0.0621301775147929	0.392	5.0	0.08058202898764122	0.0	2.0	
2.1756306836829777e9	1.3644472636435745e9	8.111834200394032e8	50.0	0.0	0.0	0.08163265306122448	0.0621301775147929	0.392	5.0	0.08058202898764122	1.0	2.0	
2.1373442351014886e9	1.3304750386982408e9	8.068691964032478e8	50.0	0.0	0.0	0.08163265306122448	0.0621301775147929	0.392	5.0	0.08058202898764122	2.0	2.0	
2.1008765494781237e9	1.2979968297810924e9	8.028797196970314e8	50.0	0.0	0.0	0.08163265306122448	0.0621301775147929	0.392	5.0	0.08058202898764122	3.0	2.0	
2.0661142146048934e9	1.266902215772015e9	7.992119988328784e8	50.0	0.0	0.0	0.08163265306122448	0.0621301775147929	0.392	5.0	0.08058202898764122	4.0	2.0	
2.030720193001089e9	1.2358977688096576e9	7.948224241914315e8	49.0	1.0	0.0	0.08163265306122448	0.0621301775147929	0.392	5.0	0.08058202898764122	5.0	2.0	
1.9921025220748117e9	1.203856167829968e9	7.882463542448435e8	49.0	1.0	0.0	0.08163265306122448	0.0621301775147929	0.392	5.0	0.08058202898764122	6.0	2.0	
1.9562871492481215e9	1.1740269057219725e9	7.82260243526149e8	49.0	1.0	0.0	0.08163265306122448	0.0621301775147929	0.392	5.0	0.08058202898764122	7.0	2.0	
1.9228720536710622e9	1.146056125415379e9	7.76815928255683e8	49.0	1.0	0.0	0.08163265306122448	0.0621301775147929	0.392	5.0	0.08058202898764122	8.0	2.0	
1.8915450096435804e9	1.1196725180647383e9	7.71872491578842e8	49.0	1.0	0.0	0.08163265306122448	0.0621301775147929	0.392	5.0	0.08058202898764122	9.0	2.0	
1.8620621443883996e9	1.094666631781382e9	7.673955126070172e8	49.0	1.0	0.0	0.08163265306122448	0.0621301775147929	0.392	5.0	0.08058202898764122	10.0	2.0	
2.215868435254938e9	1.40004224135326e9	8.158261939016788e8	50.0	0.0	0.0	0.08163265306122448	0.12574850299401197	0.28823529411764703	3.0	0.007149943310657596	0.0	2.0	
2.177457551122457e9	1.3659340615905955e9	8.115234895318614e8	50.0	0.0	0.0	0.08163265306122448	0.12574850299401197	0.28823529411764703	3.0	0.007149943310657596	1.0	2.0	
2.14400104836664e9	1.3357603044971583e9	8.082407438694816e8	50.0	0.0	0.0	0.08163265306122448	0.12574850299401197	0.28823529411764703	3.0	0.007149943310657596	2.0	2.0	
2.1093473797228966e9	1.3059377276332142e9	8.034096520896822e8	49.0	1.0	0.0	0.08163265306122448	0.12574850299401197	0.28823529411764703	3.0	0.007149943310657596	3.0	2.0	
2.0727204803393965e9	1.2767093293113384e9	7.960111510280576e8	49.0	1.0	0.0	0.08163265306122448	0.12574850299401197	0.28823529411764703	3.0	0.007149943310657596	4.0	2.0	
2.0419080187929735e9	1.2517137384125118e9	7.901942803804616e8	47.0	3.0	0.0	0.08163265306122448	0.12574850299401197	0.28823529411764703	3.0	0.007149943310657596	5.0	2.0	
2.0144090199199286e9	1.2291198375050821e9	7.852891824148465e8	46.0	4.0	0.0	0.08163265306122448	0.12574850299401197	0.28823529411764703	3.0	0.007149943310657596	6.0	2.0	
1.980354351278748e9	1.203897191284234e9	7.764571599945138e8	46.0	4.0	0.0	0.08163265306122448	0.12574850299401197	0.28823529411764703	3.0	0.007149943310657596	7.0	2.0	
1.9457539959884517e9	1.179224879242577e9	7.665291167458748e8	46.0	4.0	0.0	0.08163265306122448	0.12574850299401197	0.28823529411764703	3.0	0.007149943310657596	8.0	2.0	
1.9137209628106928e9	1.1566034900051174e9	7.571174728055757e8	46.0	4.0	0.0	0.08163265306122448	0.12574850299401197	0.28823529411764703	3.0	0.007149943310657596	9.0	2.0	
1.8847430281490564e9	1.1360865655128322e9	7.486564626362242e8	46.0	4.0	0.0	0.08163265306122448	0.12574850299401197	0.28823529411764703	3.0	0.007149943310657596	10.0	2.0	
2.215868435254938e9	1.40004224135326e9	8.158261939016788e8	50.0	0.0	0.0	0.08163265306122448	0.1	0.32666666666666666	3.0	0.028206748447081424	0.0	2.0	
2.176286186920394e9	1.3649652270013058e9	8.113209599190884e8	50.0	0.0	0.0	0.08163265306122448	0.1	0.32666666666666666	3.0	0.028206748447081424	1.0	2.0	
2.1397004844602506e9	1.3322922418075235e9	8.074082426527269e8	50.0	0.0	0.0	0.08163265306122448	0.1	0.32666666666666666	3.0	0.028206748447081424	2.0	2.0	
2.1052606386000938e9	1.301382863704716e9	8.038777748953779e8	49.0	1.0	0.0	0.08163265306122448	0.1	0.32666666666666666	3.0	0.028206748447081424	3.0	2.0	
2.0625226352335608e9	1.267070781582385e9	7.954518536511757e8	49.0	1.0	0.0	0.08163265306122448	0.1	0.32666666666666666	3.0	0.028206748447081424	4.0	2.0	
2.0248499724409516e9	1.2366600266897001e9	7.881899457512516e8	49.0	1.0	0.0	0.08163265306122448	0.1	0.32666666666666666	3.0	0.028206748447081424	5.0	2.0	
1.9909179590376203e9	1.2090124564473753e9	7.81905502590245e8	49.0	1.0	0.0	0.08163265306122448	0.1	0.32666666666666666	3.0	0.028206748447081424	6.0	2.0	
1.9598579842239928e9	1.183404337008183e9	7.764536472158101e8	48.0	2.0	0.0	0.08163265306122448	0.1	0.32666666666666666	3.0	0.028206748447081424	7.0	2.0	
1.9304864307289746e9	1.1590562151613045e9	7.714302155676701e8	48.0	2.0	0.0	0.08163265306122448	0.1	0.32666666666666666	3.0	0.028206748447081424	8.0	2.0	
1.8991803341872914e9	1.1341030382257571e9	7.650772959615344e8	47.0	3.0	0.0	0.08163265306122448	0.1	0.32666666666666666	3.0	0.028206748447081424	9.0	2.0	
1.8680676390249062e9	1.109650254509097e9	7.584173845158088e8	47.0	3.0	0.0	0.08163265306122448	0.1	0.32666666666666666	3.0	0.028206748447081424	10.0	2.0	
