2.215868435254938e9	1.40004224135326e9	8.158261939016788e8	50.0	0.0	0.0	0.16326530612244897	0.17479674796747968	0.494949494949495	10.0	0.032780292243057604	0.0	4.0	
2.1753952735146255e9	1.364263142430752e9	8.111321310838741e8	50.0	0.0	0.0	0.16326530612244897	0.17479674796747968	0.494949494949495	10.0	0.032780292243057604	1.0	4.0	
2.136465887534828e9	1.329798778817759e9	8.066671087170689e8	50.0	0.0	0.0	0.16326530612244897	0.17479674796747968	0.494949494949495	10.0	0.032780292243057604	2.0	4.0	
2.099028223514798e9	1.2965967493732235e9	8.024314741415743e8	50.0	0.0	0.0	0.16326530612244897	0.17479674796747968	0.494949494949495	10.0	0.032780292243057604	3.0	4.0	
2.0630333233331437e9	1.2646074778090422e9	7.984258455241014e8	50.0	0.0	0.0	0.16326530612244897	0.17479674796747968	0.494949494949495	10.0	0.032780292243057604	4.0	4.0	
2.0284351293994083e9	1.233784021337889e9	7.946511080615196e8	50.0	0.0	0.0	0.16326530612244897	0.17479674796747968	0.494949494949495	10.0	0.032780292243057604	5.0	4.0	
1.9951903066153975e9	1.2040818841433449e9	7.911084224720523e8	50.0	0.0	0.0	0.16326530612244897	0.17479674796747968	0.494949494949495	10.0	0.032780292243057604	6.0	4.0	
1.963258084634696e9	1.1754588524276266e9	7.877992322070696e8	50.0	0.0	0.0	0.16326530612244897	0.17479674796747968	0.494949494949495	10.0	0.032780292243057604	7.0	4.0	
1.9326001175399413e9	1.1478748505615125e9	7.847252669784286e8	50.0	0.0	0.0	0.16326530612244897	0.17479674796747968	0.494949494949495	10.0	0.032780292243057604	8.0	4.0	
1.9031803594686828e9	1.1212918003298004e9	7.818885591388824e8	50.0	0.0	0.0	0.16326530612244897	0.17479674796747968	0.494949494949495	10.0	0.032780292243057604	9.0	4.0	
1.8711809992873178e9	1.093681660230621e9	7.774993390566967e8	49.0	1.0	0.0	0.16326530612244897	0.17479674796747968	0.494949494949495	10.0	0.032780292243057604	10.0	4.0	
2.215868435254938e9	1.40004224135326e9	8.158261939016788e8	50.0	0.0	0.0	0.16326530612244897	0.24812030075187969	0.494949494949495	9.0	0.035889025940046344	0.0	4.0	
2.175400993964024e9	1.3642672749030619e9	8.111337190609624e8	50.0	0.0	0.0	0.16326530612244897	0.24812030075187969	0.494949494949495	9.0	0.035889025940046344	1.0	4.0	
2.1364870223517175e9	1.3298136245756752e9	8.066733977760422e8	50.0	0.0	0.0	0.16326530612244897	0.24812030075187969	0.494949494949495	9.0	0.035889025940046344	2.0	4.0	
2.0990722037248948e9	1.2966267023084388e9	8.024455014164556e8	50.0	0.0	0.0	0.16326530612244897	0.24812030075187969	0.494949494949495	9.0	0.035889025940046344	3.0	4.0	
2.0631057262364416e9	1.264655124679988e9	7.984506015564537e8	50.0	0.0	0.0	0.16326530612244897	0.24812030075187969	0.494949494949495	9.0	0.035889025940046344	4.0	4.0	
2.0285400241076112e9	1.2338504666301527e9	7.946895574774582e8	50.0	0.0	0.0	0.16326530612244897	0.24812030075187969	0.494949494949495	9.0	0.035889025940046344	5.0	4.0	
1.9953305418933475e9	1.2041670134512205e9	7.91163528442127e8	50.0	0.0	0.0	0.16326530612244897	0.24812030075187969	0.494949494949495	9.0	0.035889025940046344	6.0	4.0	
1.963435531375077e9	1.1755615548961205e9	7.878739764789565e8	50.0	0.0	0.0	0.16326530612244897	0.24812030075187969	0.494949494949495	9.0	0.035889025940046344	7.0	4.0	
1.932815872697566e9	1.1479931999121256e9	7.848226727854403e8	50.0	0.0	0.0	0.16326530612244897	0.24812030075187969	0.494949494949495	9.0	0.035889025940046344	8.0	4.0	
1.9003308904325864e9	1.119777209960458e9	7.805536804721285e8	49.0	1.0	0.0	0.16326530612244897	0.24812030075187969	0.494949494949495	9.0	0.035889025940046344	9.0	4.0	
1.8680718460907888e9	1.092136349108911e9	7.759354969818777e8	49.0	1.0	0.0	0.16326530612244897	0.24812030075187969	0.494949494949495	9.0	0.035889025940046344	10.0	4.0	
2.215868435254938e9	1.40004224135326e9	8.158261939016788e8	50.0	0.0	0.0	0.16326530612244897	0.2021347565043362	0.48514851485148514	8.0	0.018285591040021764	0.0	4.0	
2.1754078386474056e9	1.3642722625507984e9	8.111355760966074e8	50.0	0.0	0.0	0.16326530612244897	0.2021347565043362	0.48514851485148514	8.0	0.018285591040021764	1.0	4.0	
2.1365121913009825e9	1.3298314846254702e9	8.066807066755126e8	50.0	0.0	0.0	0.16326530612244897	0.2021347565043362	0.48514851485148514	8.0	0.018285591040021764	2.0	4.0	
2.09912433692222e9	1.2966626361828315e9	8.024617007393886e8	50.0	0.0	0.0	0.16326530612244897	0.2021347565043362	0.48514851485148514	8.0	0.018285591040021764	3.0	4.0	
2.0631911661033978e9	1.2647121634225922e9	7.984790026808058e8	50.0	0.0	0.0	0.16326530612244897	0.2021347565043362	0.48514851485148514	8.0	0.018285591040021764	4.0	4.0	
2.028663260355131e9	1.233929889706092e9	7.947333706490393e8	50.0	0.0	0.0	0.16326530612244897	0.2021347565043362	0.48514851485148514	8.0	0.018285591040021764	5.0	4.0	
1.9954945768259673e9	1.2042686899455e9	7.912258868804674e8	50.0	0.0	0.0	0.16326530612244897	0.2021347565043362	0.48514851485148514	8.0	0.018285591040021764	6.0	4.0	
1.9636421831137652e9	1.1756842251187325e9	7.87957957995033e8	50.0	0.0	0.0	0.16326530612244897	0.2021347565043362	0.48514851485148514	8.0	0.018285591040021764	7.0	4.0	
1.9311249921398654e9	1.1470943632768345e9	7.84030628863031e8	49.0	1.0	0.0	0.16326530612244897	0.2021347565043362	0.48514851485148514	8.0	0.018285591040021764	8.0	4.0	
1.8972110839179745e9	1.1182180101416192e9	7.789930737763555e8	49.0	1.0	0.0	0.16326530612244897	0.2021347565043362	0.48514851485148514	8.0	0.018285591040021764	9.0	4.0	
1.865070694950807e9	1.0907644236383364e9	7.743062713124708e8	49.0	1.0	0.0	0.16326530612244897	0.2021347565043362	0.48514851485148514	8.0	0.018285591040021764	10.0	4.0	
2.215868435254938e9	1.40004224135326e9	8.158261939016788e8	50.0	0.0	0.0	0.16326530612244897	0.18865345181134655	0.4666666666666667	7.0	0.014613433618535657	0.0	4.0	
2.175412623748485e9	1.3642755001995444e9	8.111371235489409e8	50.0	0.0	0.0	0.16326530612244897	0.18865345181134655	0.4666666666666667	7.0	0.014613433618535657	1.0	4.0	
2.1365288023437605e9	1.3298421237805943e9	8.066866785631663e8	50.0	0.0	0.0	0.16326530612244897	0.18865345181134655	0.4666666666666667	7.0	0.014613433618535657	2.0	4.0	
2.0991567012258813e9	1.2966820166470237e9	8.024746845788572e8	50.0	0.0	0.0	0.16326530612244897	0.18865345181134655	0.4666666666666667	7.0	0.014613433618535657	3.0	4.0	
2.0632408455566006e9	1.2647395074729576e9	7.985013380836432e8	50.0	0.0	0.0	0.16326530612244897	0.18865345181134655	0.4666666666666667	7.0	0.014613433618535657	4.0	4.0	
2.028730036975345e9	1.2339628511432266e9	7.94767185832118e8	50.0	0.0	0.0	0.16326530612244897	0.18865345181134655	0.4666666666666667	7.0	0.014613433618535657	5.0	4.0	
1.9955769079768946e9	1.204303778820727e9	7.912731291561677e8	50.0	0.0	0.0	0.16326530612244897	0.18865345181134655	0.4666666666666667	7.0	0.014613433618535657	6.0	4.0	
1.9631590166183054e9	1.1754033578831108e9	7.877556587351949e8	49.0	1.0	0.0	0.16326530612244897	0.18865345181134655	0.4666666666666667	7.0	0.014613433618535657	7.0	4.0	
1.9273875404255905e9	1.1451511310215526e9	7.82236409404038e8	49.0	1.0	0.0	0.16326530612244897	0.18865345181134655	0.4666666666666667	7.0	0.014613433618535657	8.0	4.0	
1.8935739854663012e9	1.1164773125318127e9	7.770966729344887e8	49.0	1.0	0.0	0.16326530612244897	0.18865345181134655	0.4666666666666667	7.0	0.014613433618535657	9.0	4.0	
1.8615520357010856e9	1.0892315176634831e9	7.723205180376024e8	49.0	1.0	0.0	0.16326530612244897	0.18865345181134655	0.4666666666666667	7.0	0.014613433618535657	10.0	4.0	
2.215868435254938e9	1.40004224135326e9	8.158261939016788e8	50.0	0.0	0.0	0.16326530612244897	0.178	0.44545454545454544	6.0	0.010331865430154744	0.0	4.0	
2.175425794933382e9	1.3642849247332182e9	8.111408702001636e8	50.0	0.0	0.0	0.16326530612244897	0.178	0.44545454545454544	6.0	0.010331865430154744	1.0	4.0	
2.1365756707778618e9	1.3298745552527306e9	8.06701115525131e8	50.0	0.0	0.0	0.16326530612244897	0.178	0.44545454545454544	6.0	0.010331865430154744	2.0	4.0	
2.099250648654976e9	1.2967446328029947e9	8.025060158519814e8	50.0	0.0	0.0	0.16326530612244897	0.178	0.44545454545454544	6.0	0.010331865430154744	3.0	4.0	
2.063389827511424e9	1.26483469894671e9	7.985551285647142e8	50.0	0.0	0.0	0.16326530612244897	0.178	0.44545454545454544	6.0	0.010331865430154744	4.0	4.0	
2.0289379087171922e9	1.234089461197493e9	7.948484475196991e8	50.0	0.0	0.0	0.16326530612244897	0.178	0.44545454545454544	6.0	0.010331865430154744	5.0	4.0	
1.9958444451756349e9	1.204458044831251e9	7.91386400344384e8	50.0	0.0	0.0	0.16326530612244897	0.178	0.44545454545454544	6.0	0.010331865430154744	6.0	4.0	
1.9585949136205752e9	1.1730353203658514e9	7.855595932547238e8	49.0	1.0	0.0	0.16326530612244897	0.178	0.44545454545454544	6.0	0.010331865430154744	7.0	4.0	
1.9230159285197523e9	1.1431055822234917e9	7.799103462962608e8	49.0	1.0	0.0	0.16326530612244897	0.178	0.44545454545454544	6.0	0.010331865430154744	8.0	4.0	
1.8894294424235415e9	1.1147653671129405e9	7.746640753106006e8	49.0	1.0	0.0	0.16326530612244897	0.178	0.44545454545454544	6.0	0.010331865430154744	9.0	4.0	
1.857644920389835e9	1.0878458153962631e9	7.697991049935715e8	49.0	1.0	0.0	0.16326530612244897	0.178	0.44545454545454544	6.0	0.010331865430154744	10.0	4.0	
2.215868435254938e9	1.40004224135326e9	8.158261939016788e8	50.0	0.0	0.0	0.16326530612244897	0.16013513513513514	0.5051546391752577	10.0	0.03534967725018746	0.0	4.0	
2.1753934104855003e9	1.3642617660768485e9	8.111316444086518e8	50.0	0.0	0.0	0.16326530612244897	0.16013513513513514	0.5051546391752577	10.0	0.03534967725018746	1.0	4.0	
2.1364588678315468e9	1.3297936941947775e9	8.066651736367692e8	50.0	0.0	0.0	0.16326530612244897	0.16013513513513514	0.5051546391752577	10.0	0.03534967725018746	2.0	4.0	
2.0990133291824474e9	1.296586187251503e9	8.024271419309443e8	50.0	0.0	0.0	0.16326530612244897	0.16013513513513514	0.5051546391752577	10.0	0.03534967725018746	3.0	4.0	
2.0630083253738422e9	1.2645901519234161e9	7.984181734504261e8	50.0	0.0	0.0	0.16326530612244897	0.16013513513513514	0.5051546391752577	10.0	0.03534967725018746	4.0	4.0	
2.0283982135275974e9	1.2337590638051183e9	7.946391497224791e8	50.0	0.0	0.0	0.16326530612244897	0.16013513513513514	0.5051546391752577	10.0	0.03534967725018746	5.0	4.0	
1.9951400046829321e9	1.2040487796181803e9	7.910912250647516e8	50.0	0.0	0.0	0.16326530612244897	0.16013513513513514	0.5051546391752577	10.0	0.03534967725018746	6.0	4.0	
1.9631932164189336e9	1.1754173924086077e9	7.877758240103261e8	50.0	0.0	0.0	0.16326530612244897	0.16013513513513514	0.5051546391752577	10.0	0.03534967725018746	7.0	4.0	
1.932519739244273e9	1.1478250843697581e9	7.846946548745145e8	50.0	0.0	0.0	0.16326530612244897	0.16013513513513514	0.5051546391752577	10.0	0.03534967725018746	8.0	4.0	
1.9030837164971845e9	1.1212339975655396e9	7.818497189316449e8	50.0	0.0	0.0	0.16326530612244897	0.16013513513513514	0.5051546391752577	10.0	0.03534967725018746	9.0	4.0	
1.8713772977160544e9	1.0937747686626625e9	7.776025290533918e8	49.0	1.0	0.0	0.16326530612244897	0.16013513513513514	0.5051546391752577	10.0	0.03534967725018746	10.0	4.0	
2.215868435254938e9	1.40004224135326e9	8.158261939016788e8	50.0	0.0	0.0	0.16326530612244897	0.19824679703304113	0.5051546391752577	9.0	0.022380010390214474	0.0	4.0	
2.1753965703678694e9	1.364263914576167e9	8.111326557917019e8	50.0	0.0	0.0	0.16326530612244897	0.19824679703304113	0.5051546391752577	9.0	0.022380010390214474	1.0	4.0	
2.136470216836591e9	1.329801048878426e9	8.066691679581649e8	50.0	0.0	0.0	0.16326530612244897	0.19824679703304113	0.5051546391752577	9.0	0.022380010390214474	2.0	4.0	
2.099036251157199e9	1.2966002210540729e9	8.02436030103126e8	50.0	0.0	0.0	0.16326530612244897	0.19824679703304113	0.5051546391752577	9.0	0.022380010390214474	3.0	4.0	
2.0630448879823842e9	1.2646110589790106e9	7.984338290033737e8	50.0	0.0	0.0	0.16326530612244897	0.19824679703304113	0.5051546391752577	9.0	0.022380010390214474	4.0	4.0	
2.0284494412437716e9	1.2337860138604708e9	7.946634273833008e8	50.0	0.0	0.0	0.16326530612244897	0.19824679703304113	0.5051546391752577	9.0	0.022380010390214474	5.0	4.0	
1.9952061030806742e9	1.204080123754931e9	7.911259793257433e8	50.0	0.0	0.0	0.16326530612244897	0.19824679703304113	0.5051546391752577	9.0	0.022380010390214474	6.0	4.0	
1.9632737591589675e9	1.1754508337707124e9	7.878229253882551e8	50.0	0.0	0.0	0.16326530612244897	0.19824679703304113	0.5051546391752577	9.0	0.022380010390214474	7.0	4.0	
1.9326138202330282e9	1.1478578125496993e9	7.847560076833289e8	50.0	0.0	0.0	0.16326530612244897	0.19824679703304113	0.5051546391752577	9.0	0.022380010390214474	8.0	4.0	
1.90051120932446e9	1.1198373443011289e9	7.806738650233314e8	49.0	1.0	0.0	0.16326530612244897	0.19824679703304113	0.5051546391752577	9.0	0.022380010390214474	9.0	4.0	
1.868199179652774e9	1.0921507631797917e9	7.760484164729822e8	49.0	1.0	0.0	0.16326530612244897	0.19824679703304113	0.5051546391752577	9.0	0.022380010390214474	10.0	4.0	
2.215868435254938e9	1.40004224135326e9	8.158261939016788e8	50.0	0.0	0.0	0.16326530612244897	0.21138211382113822	0.44545454545454544	7.0	0.009803177015061768	0.0	4.0	
2.175428552823644e9	1.3642875219577138e9	8.111410308659306e8	50.0	0.0	0.0	0.16326530612244897	0.21138211382113822	0.44545454545454544	7.0	0.009803177015061768	1.0	4.0	
2.1365884658543513e9	1.3298863714642627e9	8.067020943900888e8	50.0	0.0	0.0	0.16326530612244897	0.21138211382113822	0.44545454545454544	7.0	0.009803177015061768	2.0	4.0	
2.0992826179650922e9	1.2967736930681376e9	8.025089248969548e8	50.0	0.0	0.0	0.16326530612244897	0.21138211382113822	0.44545454545454544	7.0	0.009803177015061768	3.0	4.0	
2.0634511606897738e9	1.2648896723264468e9	7.98561488363327e8	50.0	0.0	0.0	0.16326530612244897	0.21138211382113822	0.44545454545454544	7.0	0.009803177015061768	4.0	4.0	
2.0290392891397715e9	1.2341791367665749e9	7.948601523731966e8	50.0	0.0	0.0	0.16326530612244897	0.21138211382113822	0.44545454545454544	7.0	0.009803177015061768	5.0	4.0	
1.9959966755147548e9	1.2045909866751175e9	7.91405688839637e8	50.0	0.0	0.0	0.16326530612244897	0.21138211382113822	0.44545454545454544	7.0	0.009803177015061768	6.0	4.0	
1.9622224486209855e9	1.1749758124673395e9	7.87246636153646e8	49.0	1.0	0.0	0.16326530612244897	0.21138211382113822	0.44545454545454544	7.0	0.009803177015061768	7.0	4.0	
1.9266127245999815e9	1.1448853277298648e9	7.817273968701167e8	49.0	1.0	0.0	0.16326530612244897	0.21138211382113822	0.44545454545454544	7.0	0.009803177015061768	8.0	4.0	
1.8929797185444922e9	1.1163795410224857e9	7.766001775220064e8	49.0	1.0	0.0	0.16326530612244897	0.21138211382113822	0.44545454545454544	7.0	0.009803177015061768	9.0	4.0	
1.8611482755397625e9	1.0893009645661855e9	7.718473109735776e8	49.0	1.0	0.0	0.16326530612244897	0.21138211382113822	0.44545454545454544	7.0	0.009803177015061768	10.0	4.0	
2.215868435254938e9	1.40004224135326e9	8.158261939016788e8	50.0	0.0	0.0	0.16326530612244897	0.18839590443686008	0.48514851485148514	9.0	0.032340567831639265	0.0	4.0	
2.1753990086241436e9	1.3642657380502515e9	8.111332705738919e8	50.0	0.0	0.0	0.16326530612244897	0.18839590443686008	0.48514851485148514	9.0	0.032340567831639265	1.0	4.0	
2.1364794361567507e9	1.329807822951006e9	8.066716132057447e8	50.0	0.0	0.0	0.16326530612244897	0.18839590443686008	0.48514851485148514	9.0	0.032340567831639265	2.0	4.0	
2.0990558863157697e9	1.29661438174707e9	8.024415045686996e8	50.0	0.0	0.0	0.16326530612244897	0.18839590443686008	0.48514851485148514	9.0	0.032340567831639265	3.0	4.0	
2.0630779726940181e9	1.264634448651216e9	7.984435240428022e8	50.0	0.0	0.0	0.16326530612244897	0.18839590443686008	0.48514851485148514	9.0	0.032340567831639265	4.0	4.0	
2.0284985013646712e9	1.2338199656848276e9	7.946785356798434e8	50.0	0.0	0.0	0.16326530612244897	0.18839590443686008	0.48514851485148514	9.0	0.032340567831639265	5.0	4.0	
1.995273239711463e9	1.2041255396785836e9	7.911477000328794e8	50.0	0.0	0.0	0.16326530612244897	0.18839590443686008	0.48514851485148514	9.0	0.032340567831639265	6.0	4.0	
1.963360719108952e9	1.175508244169218e9	7.87852474939734e8	50.0	0.0	0.0	0.16326530612244897	0.18839590443686008	0.48514851485148514	9.0	0.032340567831639265	7.0	4.0	
1.9327220589568982e9	1.1479274323144991e9	7.847946266423993e8	50.0	0.0	0.0	0.16326530612244897	0.18839590443686008	0.48514851485148514	9.0	0.032340567831639265	8.0	4.0	
1.9002907848462954e9	1.1197367165551684e9	7.805540682911274e8	49.0	1.0	0.0	0.16326530612244897	0.18839590443686008	0.48514851485148514	9.0	0.032340567831639265	9.0	4.0	
1.868008807726017e9	1.0920788729602954e9	7.759299347657216e8	49.0	1.0	0.0	0.16326530612244897	0.18839590443686008	0.48514851485148514	9.0	0.032340567831639265	10.0	4.0	
2.215868435254938e9	1.40004224135326e9	8.158261939016788e8	50.0	0.0	0.0	0.16326530612244897	0.20578345662407532	0.47115384615384615	6.0	0.008255260423627772	0.0	4.0	
2.1754226008531523e9	1.364282537490478e9	8.111400633626746e8	50.0	0.0	0.0	0.16326530612244897	0.20578345662407532	0.47115384615384615	6.0	0.008255260423627772	1.0	4.0	
2.1365638188925436e9	1.3298658652796097e9	8.066979536129342e8	50.0	0.0	0.0	0.16326530612244897	0.20578345662407532	0.47115384615384615	6.0	0.008255260423627772	2.0	4.0	
2.0992258510717275e9	1.2967268131858053e9	8.024990378859222e8	50.0	0.0	0.0	0.16326530612244897	0.20578345662407532	0.47115384615384615	6.0	0.008255260423627772	3.0	4.0	
2.0633487353423615e9	1.2648057891088462e9	7.985429462335148e8	50.0	0.0	0.0	0.16326530612244897	0.20578345662407532	0.47115384615384615	6.0	0.008255260423627772	4.0	4.0	
2.0288779200649e9	1.2340481915520635e9	7.948297285128367e8	50.0	0.0	0.0	0.16326530612244897	0.20578345662407532	0.47115384615384615	6.0	0.008255260423627772	5.0	4.0	
1.9957635505032818e9	1.2044036939355102e9	7.913598565677714e8	50.0	0.0	0.0	0.16326530612244897	0.20578345662407532	0.47115384615384615	6.0	0.008255260423627772	6.0	4.0	
1.9587736423802607e9	1.1731083270711617e9	7.856653153090987e8	49.0	1.0	0.0	0.16326530612244897	0.20578345662407532	0.47115384615384615	6.0	0.008255260423627772	7.0	4.0	
1.9231604933723683e9	1.1431447241017203e9	7.80015769270648e8	49.0	1.0	0.0	0.16326530612244897	0.20578345662407532	0.47115384615384615	6.0	0.008255260423627772	8.0	4.0	
1.8895372497135231e9	1.1147704045369253e9	7.747668451765977e8	49.0	1.0	0.0	0.16326530612244897	0.20578345662407532	0.47115384615384615	6.0	0.008255260423627772	9.0	4.0	
1.857714883377275e9	1.0878177159391959e9	7.698971674380794e8	49.0	1.0	0.0	0.16326530612244897	0.20578345662407532	0.47115384615384615	6.0	0.008255260423627772	10.0	4.0	
