1.074816626691707e9	4.354079934718448e8	6.394086332198622e8	0.0	50.0	0.0	0.24489795918367346	0.24426605504587157	0.6125	18.0	0.03647879396916339	
1.1040909657367377e9	4.584252398005929e8	6.456657259361448e8	0.0	50.0	0.0	0.24489795918367346	0.24426605504587157	0.5568181818181818	13.0	0.019848714395625897	
1.0739922030706348e9	4.3703473392505324e8	6.369574691455817e8	0.0	50.0	0.0	0.24489795918367346	0.24426605504587157	0.6049382716049383	18.0	0.044503560958045335	
1.1170191715226755e9	4.6315661490563166e8	6.538625566170437e8	0.0	50.0	0.0	0.24489795918367346	0.24426605504587157	0.5632183908045977	12.0	0.011923336209224382	
1.097546206103898e9	4.5358257604611874e8	6.439636300577792e8	0.0	50.0	0.0	0.24489795918367346	0.24426605504587157	0.5632183908045977	13.0	0.016963833919441475	
1.120981921528156e9	4.672035876891792e8	6.53778333838977e8	0.0	50.0	0.0	0.24489795918367346	0.24426605504587157	0.5568181818181818	11.0	0.015518051588939836	
1.1146592669803584e9	4.6313289385074735e8	6.515263731296113e8	0.0	50.0	0.0	0.24489795918367346	0.24426605504587157	0.5632183908045977	12.0	0.015379377538138886	
1.13931857196066e9	4.934590810959831e8	6.45859490864677e8	0.0	50.0	0.0	0.24489795918367346	0.24426605504587157	0.5	7.0	0.005823516665353399	
1.094767603010414e9	4.505013348351312e8	6.442662681752828e8	0.0	50.0	0.0	0.24489795918367346	0.24426605504587157	0.5697674418604651	14.0	0.021402518806637915	
1.1123905442560153e9	4.632099756661754e8	6.491805685898397e8	0.0	50.0	0.0	0.24489795918367346	0.24426605504587157	0.5632183908045977	12.0	0.01695248073746484	
1.1058400627448545e9	4.556541374407629e8	6.501859253040917e8	0.0	50.0	0.0	0.24489795918367346	0.24426605504587157	0.5833333333333334	14.0	0.025555895492347457	
1.1111475842105217e9	4.62334743301151e8	6.488128409093708e8	0.0	50.0	0.0	0.24489795918367346	0.24426605504587157	0.550561797752809	12.0	0.017103324097024485	
1.1205780539118648e9	4.681710735531338e8	6.52406980358731e8	0.0	50.0	0.0	0.24489795918367346	0.24426605504587157	0.5632183908045977	11.0	0.009198545265895476	
1.1268729369016337e9	4.7227751098426807e8	6.545954259173657e8	0.0	50.0	0.0	0.24489795918367346	0.24426605504587157	0.550561797752809	10.0	0.01059485298135547	
1.0944677214345949e9	4.50404569401895e8	6.440631520326998e8	0.0	50.0	0.0	0.24489795918367346	0.24426605504587157	0.5833333333333334	14.0	0.021638931092170213	
1.108350502359009e9	4.591712212633822e8	6.491792810956268e8	0.0	50.0	0.0	0.24489795918367346	0.24426605504587157	0.5764705882352941	13.0	0.012404860572633762	
1.1554963333215215e9	5.0442775632510257e8	6.51068576996419e8	0.0	50.0	0.0	0.24489795918367346	0.24426605504587157	0.494949494949495	6.0	0.0023999950857535994	
1.1452741811318133e9	4.8817940406106746e8	6.570947770707457e8	0.0	50.0	0.0	0.24489795918367346	0.24426605504587157	0.5157894736842106	8.0	0.004341167454000296	
1.1299844000072162e9	4.7967189000514394e8	6.503125100020721e8	0.0	50.0	0.0	0.24489795918367346	0.24426605504587157	0.5212765957446809	9.0	0.007643142807812362	
1.1269809289274879e9	4.696969488981774e8	6.572839800293107e8	0.0	50.0	0.0	0.24489795918367346	0.24426605504587157	0.5568181818181818	11.0	0.00938987343667785	
1.0848091114801135e9	4.425679738443408e8	6.422411376357725e8	0.0	50.0	0.0	0.24489795918367346	0.24426605504587157	0.6049382716049383	17.0	0.0360941495215692	
1.1224502351245046e9	4.6789082537037206e8	6.545594097541324e8	0.0	50.0	0.0	0.24489795918367346	0.24426605504587157	0.5632183908045977	11.0	0.010795274937248849	
1.1234570955261655e9	4.6975556354153574e8	6.537015319846296e8	0.0	50.0	0.0	0.24489795918367346	0.24426605504587157	0.550561797752809	11.0	0.01291592523415912	
1.136048953611113e9	4.8056054986824334e8	6.554884037428699e8	0.0	50.0	0.0	0.24489795918367346	0.24426605504587157	0.5444444444444444	9.0	0.005659794070224009	
1.093253384782168e9	4.490048773531743e8	6.442485074289936e8	0.0	50.0	0.0	0.24489795918367346	0.24426605504587157	0.5764705882352941	14.0	0.020663521569526434	
1.130138544489321e9	4.7632507839857435e8	6.538134660907465e8	0.0	50.0	0.0	0.24489795918367346	0.24426605504587157	0.5444444444444444	10.0	0.007727799385163993	
1.1129470156026196e9	4.6244029850600326e8	6.505067170966165e8	0.0	50.0	0.0	0.24489795918367346	0.24426605504587157	0.5632183908045977	12.0	0.01447260136822727	
1.10129006850293e9	4.5711542398964715e8	6.441746445132828e8	0.0	50.0	0.0	0.24489795918367346	0.24426605504587157	0.5697674418604651	13.0	0.014940082041868174	
1.103149724897764e9	4.569393163221795e8	6.462104085755847e8	0.0	50.0	0.0	0.24489795918367346	0.24426605504587157	0.5764705882352941	13.0	0.018317241587574362	
1.1211005729626765e9	4.7273738067671216e8	6.483631922859645e8	0.0	50.0	0.0	0.24489795918367346	0.24426605504587157	0.5212765957446809	10.0	0.0092549437780091	
1.154669142852517e9	5.052221711280986e8	6.494469717244184e8	0.0	50.0	0.0	0.24489795918367346	0.24426605504587157	0.5104166666666666	6.0	0.0058498244499141025	
1.094295412931478e9	4.513657458023684e8	6.429296671291096e8	0.0	50.0	0.0	0.24489795918367346	0.24426605504587157	0.5764705882352941	14.0	0.01812858359092536	
1.124901244472307e9	4.7091525025430083e8	6.539859942180064e8	0.0	50.0	0.0	0.24489795918367346	0.24426605504587157	0.550561797752809	11.0	0.012451485398087105	
1.0940994021030302e9	4.4889522035331917e8	6.45204181749711e8	0.0	50.0	0.0	0.24489795918367346	0.24426605504587157	0.5833333333333334	15.0	0.03108482554726906	
1.1089005342122314e9	4.5861713682431257e8	6.50283397387919e8	0.0	50.0	0.0	0.24489795918367346	0.24426605504587157	0.5697674418604651	13.0	0.018417581766550263	
1.0806631043816853e9	4.410704097193083e8	6.39592694662377e8	0.0	50.0	0.0	0.24489795918367346	0.24426605504587157	0.5833333333333334	16.0	0.02576216301974662	
1.142765221738192e9	4.818212791033366e8	6.609439426348555e8	0.0	50.0	0.0	0.24489795918367346	0.24426605504587157	0.550561797752809	9.0	0.007764497924776534	
1.14598862808082e9	4.829799171556674e8	6.630087109251525e8	0.0	50.0	0.0	0.24489795918367346	0.24426605504587157	0.5384615384615384	9.0	0.007348514904257008	
1.1124004648034925e9	4.642731408728671e8	6.481273239306256e8	0.0	50.0	0.0	0.24489795918367346	0.24426605504587157	0.550561797752809	12.0	0.018057647301687182	
1.1080703631444204e9	4.5880633092081904e8	6.492640322236013e8	0.0	50.0	0.0	0.24489795918367346	0.24426605504587157	0.5697674418604651	13.0	0.020493738450437463	
1.1182911995826592e9	4.6641564663332355e8	6.518755529493358e8	0.0	50.0	0.0	0.24489795918367346	0.24426605504587157	0.550561797752809	11.0	0.013363054106964608	
1.1149258809985745e9	4.6297044292349637e8	6.519554380750782e8	0.0	50.0	0.0	0.24489795918367346	0.24426605504587157	0.5697674418604651	12.0	0.020695115884696098	
1.1158690445542853e9	4.689968680736524e8	6.468721764806328e8	0.0	50.0	0.0	0.24489795918367346	0.24426605504587157	0.5268817204301075	10.0	0.009992869713269535	
1.1095480549248226e9	4.5765099372134745e8	6.518970612034751e8	0.0	50.0	0.0	0.24489795918367346	0.24426605504587157	0.5697674418604651	13.0	0.018383929015298426	
1.1264122072475705e9	4.707961305430301e8	6.556160767045405e8	0.0	50.0	0.0	0.24489795918367346	0.24426605504587157	0.5568181818181818	11.0	0.012043343380189921	
1.0950136410952473e9	4.5073706313320655e8	6.442765779620407e8	0.0	50.0	0.0	0.24489795918367346	0.24426605504587157	0.5833333333333334	14.0	0.026400019582561104	
1.1476978799142237e9	4.8953484096699303e8	6.581630389472307e8	0.0	50.0	0.0	0.24489795918367346	0.24426605504587157	0.5212765957446809	8.0	0.004817145856686673	
1.1015413149093552e9	4.554542540039818e8	6.460870609053733e8	0.0	50.0	0.0	0.24489795918367346	0.24426605504587157	0.5697674418604651	13.0	0.018990867076115817	
1.0854739476447198e9	4.424913121427435e8	6.429826355019761e8	0.0	50.0	0.0	0.24489795918367346	0.24426605504587157	0.5975609756097561	16.0	0.02694765694715589	
1.0873838953637586e9	4.433978679995587e8	6.439860273641999e8	0.0	50.0	0.0	0.24489795918367346	0.24426605504587157	0.5975609756097561	16.0	0.030230281216814665	
1.1188554975167365e9	4.635642604168045e8	6.552912370999321e8	0.0	50.0	0.0	0.24489795918367346	0.25072296124927707	0.5697674418604651	12.0	0.014735510387880684	
1.1362322948444104e9	4.835572001890765e8	6.526750946553338e8	0.0	50.0	0.0	0.24489795918367346	0.25072296124927707	0.532608695652174	9.0	0.012653028573014986	
1.0805770256471405e9	4.427080499476126e8	6.378689756995281e8	0.0	50.0	0.0	0.24489795918367346	0.25072296124927707	0.5903614457831325	16.0	0.028183705264345868	
1.121477251697058e9	4.6711256406903064e8	6.543646876280273e8	0.0	50.0	0.0	0.24489795918367346	0.25072296124927707	0.5444444444444444	11.0	0.011600340881545641	
1.102415591483154e9	4.5510699755525327e8	6.473085939279008e8	0.0	50.0	0.0	0.24489795918367346	0.25072296124927707	0.5833333333333334	14.0	0.021194956909317917	
1.1320143474176574e9	4.894639413074144e8	6.42550406110243e8	0.0	50.0	0.0	0.24489795918367346	0.25072296124927707	0.5	7.0	0.005068660664398959	
1.1599582492505884e9	5.0013710464975893e8	6.598211446008294e8	0.0	50.0	0.0	0.24489795918367346	0.25072296124927707	0.5212765957446809	7.0	0.003194253892033003	
1.1149500086904802e9	4.618298987128619e8	6.531201099776183e8	0.0	50.0	0.0	0.24489795918367346	0.25072296124927707	0.5764705882352941	13.0	0.019212799834653838	
1.1118700958525472e9	4.5840308549535763e8	6.534670103571897e8	0.0	50.0	0.0	0.24489795918367346	0.25072296124927707	0.5764705882352941	13.0	0.015936737182246783	
1.1046522459055324e9	4.5670675108174753e8	6.479454948237847e8	0.0	50.0	0.0	0.24489795918367346	0.25072296124927707	0.5697674418604651	13.0	0.014934190934539121	
1.1087522185115776e9	4.594232948579986e8	6.493289236535789e8	0.0	50.0	0.0	0.24489795918367346	0.25072296124927707	0.5764705882352941	13.0	0.02093227230985566	
1.0950043907048874e9	4.5064376807741505e8	6.443606226274722e8	0.0	50.0	0.0	0.24489795918367346	0.25072296124927707	0.5833333333333334	15.0	0.02711653619283498	
1.0891280865186353e9	4.457621225858488e8	6.433659639327865e8	0.0	50.0	0.0	0.24489795918367346	0.25072296124927707	0.5975609756097561	16.0	0.03186503349805774	
1.125120322786703e9	4.6864907148920435e8	6.564712512974987e8	0.0	50.0	0.0	0.24489795918367346	0.25072296124927707	0.5632183908045977	11.0	0.013952456680107634	
1.128906954559295e9	4.8018185736204004e8	6.487250971972548e8	0.0	50.0	0.0	0.24489795918367346	0.25072296124927707	0.5212765957446809	9.0	0.006370022081946597	
1.0959215350891953e9	4.511808531221625e8	6.447406819670327e8	0.0	50.0	0.0	0.24489795918367346	0.25072296124927707	0.5764705882352941	14.0	0.020772548874607857	
1.1277878700621014e9	4.7360460909604466e8	6.541832609660568e8	0.0	50.0	0.0	0.24489795918367346	0.25072296124927707	0.5444444444444444	10.0	0.008516098215346336	
1.0881209942410197e9	4.452804032021965e8	6.428405910388231e8	0.0	50.0	0.0	0.24489795918367346	0.25072296124927707	0.5975609756097561	16.0	0.030125729161210056	
1.0937736992287774e9	4.490920881044842e8	6.446816111242933e8	0.0	50.0	0.0	0.24489795918367346	0.25072296124927707	0.5903614457831325	15.0	0.028346627445718534	
1.120979693408112e9	4.7629981102342635e8	6.446798823846855e8	0.0	50.0	0.0	0.24489795918367346	0.25072296124927707	0.5212765957446809	9.0	0.008368934119285985	
1.126140035553506e9	4.719506787946168e8	6.541893567588892e8	0.0	50.0	0.0	0.24489795918367346	0.25072296124927707	0.5384615384615384	10.0	0.007963889379705708	
1.1127638039610043e9	4.650494621788962e8	6.47714341782108e8	0.0	50.0	0.0	0.24489795918367346	0.25072296124927707	0.550561797752809	11.0	0.01062968819821561	
1.126893036837975e9	4.721149091507891e8	6.547781276871856e8	0.0	50.0	0.0	0.24489795918367346	0.25072296124927707	0.5568181818181818	11.0	0.015716393697785987	
1.1275782186398509e9	4.7015540016570425e8	6.574228184741466e8	0.0	50.0	0.0	0.24489795918367346	0.25072296124927707	0.5568181818181818	11.0	0.013393678317147703	
1.1153377295846477e9	4.654853954021733e8	6.498523341824741e8	0.0	50.0	0.0	0.24489795918367346	0.25072296124927707	0.5384615384615384	11.0	0.012875960018817162	
1.0905437087060966e9	4.482330065124781e8	6.423107021936187e8	0.0	50.0	0.0	0.24489795918367346	0.25072296124927707	0.5903614457831325	15.0	0.02464079969578794	
1.0917418702049837e9	4.463595998395867e8	6.453822703653969e8	0.0	50.0	0.0	0.24489795918367346	0.25072296124927707	0.5903614457831325	15.0	0.021750470188566153	
1.1033314312934203e9	4.5818641954927707e8	6.451450117441432e8	0.0	50.0	0.0	0.24489795918367346	0.25072296124927707	0.5697674418604651	13.0	0.020415938675995306	
1.097280425689867e9	4.499873488445151e8	6.472930768453518e8	0.0	50.0	0.0	0.24489795918367346	0.25072296124927707	0.5903614457831325	15.0	0.030355139808340426	
1.1131650224082637e9	4.6170470565813494e8	6.514603167501285e8	0.0	50.0	0.0	0.24489795918367346	0.25072296124927707	0.5632183908045977	12.0	0.014171455434210533	
1.1385665138262966e9	4.819804255379989e8	6.565860882882977e8	0.0	50.0	0.0	0.24489795918367346	0.25072296124927707	0.5384615384615384	9.0	0.0070268332385679325	
1.1304181282024798e9	4.7281387784435177e8	6.576042503581281e8	0.0	50.0	0.0	0.24489795918367346	0.25072296124927707	0.5568181818181818	11.0	0.012112509700877504	
1.1381349065892015e9	4.784919683776367e8	6.596429382115645e8	0.0	50.0	0.0	0.24489795918367346	0.25072296124927707	0.550561797752809	10.0	0.012511925678310653	
1.1075043061359243e9	4.561125364175489e8	6.513917697183754e8	0.0	50.0	0.0	0.24489795918367346	0.25072296124927707	0.5833333333333334	14.0	0.021882007899999764	
1.1082035463427496e9	4.5992065519914854e8	6.48282891143601e8	0.0	50.0	0.0	0.24489795918367346	0.25072296124927707	0.5697674418604651	13.0	0.025183838519914944	
1.1185223558835154e9	4.675619778366961e8	6.509603780468191e8	0.0	50.0	0.0	0.24489795918367346	0.25072296124927707	0.5568181818181818	11.0	0.012228494218144197	
1.1244170516082952e9	4.70544897484081e8	6.538721541242142e8	0.0	50.0	0.0	0.24489795918367346	0.25072296124927707	0.5632183908045977	11.0	0.014427484150958205	
1.1024903798589778e9	4.535437206241143e8	6.489466592348635e8	0.0	50.0	0.0	0.24489795918367346	0.25072296124927707	0.5833333333333334	14.0	0.023475974439213225	
1.0854563003508883e9	4.441076235945171e8	6.41348676756371e8	0.0	50.0	0.0	0.24489795918367346	0.25072296124927707	0.5975609756097561	16.0	0.023595585056371323	
1.1092277153343658e9	4.5960780921461916e8	6.496199061197467e8	0.0	50.0	0.0	0.24489795918367346	0.25072296124927707	0.5568181818181818	12.0	0.017883789556027416	
1.125348388254634e9	4.687673290857656e8	6.565810591688683e8	0.0	50.0	0.0	0.24489795918367346	0.25072296124927707	0.5632183908045977	11.0	0.010210045371609997	
1.1380172132642589e9	4.8200159832073486e8	6.560156149435239e8	0.0	50.0	0.0	0.24489795918367346	0.25072296124927707	0.5444444444444444	9.0	0.006994338596952468	
1.1268758999007845e9	4.740391789534633e8	6.528367209473212e8	0.0	50.0	0.0	0.24489795918367346	0.25072296124927707	0.5444444444444444	10.0	0.009062335216018895	
1.0924461007939427e9	4.466678584527674e8	6.457782423411754e8	0.0	50.0	0.0	0.24489795918367346	0.25072296124927707	0.5903614457831325	15.0	0.02698161382995185	
1.1002301956048393e9	4.522655820823372e8	6.47964613522502e8	0.0	50.0	0.0	0.24489795918367346	0.25072296124927707	0.5833333333333334	14.0	0.015543224755824711	
1.088569899558865e9	4.457592830263629e8	6.428106165325022e8	0.0	50.0	0.0	0.24489795918367346	0.25072296124927707	0.5903614457831325	15.0	0.02131961542574472	
1.1442800510681202e9	4.8832231453185284e8	6.559577365362674e8	0.0	50.0	0.0	0.24489795918367346	0.25072296124927707	0.5104166666666666	8.0	0.006486120089061264	
1.1505416289501262e9	4.9666113068527377e8	6.538804982648526e8	0.0	50.0	0.0	0.24489795918367346	0.25072296124927707	0.5104166666666666	7.0	0.004553654489878978	
1.1279562351245093e9	4.7311522819356644e8	6.548410069309428e8	0.0	50.0	0.0	0.24489795918367346	0.25072296124927707	0.5632183908045977	11.0	0.014240361529571217	
1.1114235348908172e9	4.604525374402698e8	6.509709974505473e8	0.0	50.0	0.0	0.24489795918367346	0.25072296124927707	0.5632183908045977	12.0	0.0147625821956705	
1.1241152156641295e9	4.682419178195592e8	6.558732978445704e8	0.0	50.0	0.0	0.24489795918367346	0.2441860465116279	0.5632183908045977	11.0	0.011978476329512223	
1.1486539031414173e9	4.915418000649661e8	6.571121030764511e8	0.0	50.0	0.0	0.24489795918367346	0.2441860465116279	0.532608695652174	8.0	0.005617394972699594	
1.1103556321079788e9	4.5784601637516576e8	6.525096157328131e8	0.0	50.0	0.0	0.24489795918367346	0.2441860465116279	0.5764705882352941	13.0	0.01758980707856622	
1.1112327665807338e9	4.640119562840274e8	6.472208102967062e8	0.0	50.0	0.0	0.24489795918367346	0.2441860465116279	0.550561797752809	11.0	0.009849482878916635	
1.0988838785596642e9	4.546660895183904e8	6.442177890412737e8	0.0	50.0	0.0	0.24489795918367346	0.2441860465116279	0.5632183908045977	13.0	0.016025718261491653	
1.1376721617455156e9	4.81730405902578e8	6.559417558429375e8	0.0	50.0	0.0	0.24489795918367346	0.2441860465116279	0.550561797752809	9.0	0.010297430132600404	
1.0889938344607182e9	4.4554814288498855e8	6.434456915757298e8	0.0	50.0	0.0	0.24489795918367346	0.2441860465116279	0.5903614457831325	16.0	0.03098113282005833	
1.1331248104847383e9	4.87280513224838e8	6.458442972599001e8	0.0	50.0	0.0	0.24489795918367346	0.2441860465116279	0.5051546391752577	8.0	0.008580702920997678	
1.0934083955183892e9	4.498371990905657e8	6.435711964278233e8	0.0	50.0	0.0	0.24489795918367346	0.2441860465116279	0.5764705882352941	14.0	0.017646838836038202	
1.1297825230077014e9	4.769316470346787e8	6.528508759730227e8	0.0	50.0	0.0	0.24489795918367346	0.2441860465116279	0.5444444444444444	10.0	0.012676755085511351	
1.078424235237237e9	4.37356188257121e8	6.410680469801159e8	0.0	50.0	0.0	0.24489795918367346	0.2441860465116279	0.6049382716049383	17.0	0.02850046791905329	
1.0850279180545254e9	4.4303083895921415e8	6.41997079095311e8	0.0	50.0	0.0	0.24489795918367346	0.2441860465116279	0.5975609756097561	16.0	0.034906811761011965	
1.1430760209666774e9	4.8349280055826855e8	6.595832204084089e8	0.0	50.0	0.0	0.24489795918367346	0.2441860465116279	0.5384615384615384	9.0	0.011502106593857553	
1.1222551929582558e9	4.7057288393075633e8	6.516823090274992e8	0.0	50.0	0.0	0.24489795918367346	0.2441860465116279	0.5384615384615384	10.0	0.00668089961410738	
1.0939081849065998e9	4.496421529224131e8	6.442660319841866e8	0.0	50.0	0.0	0.24489795918367346	0.2441860465116279	0.5833333333333334	14.0	0.022228205789682102	
1.090757277050177e9	4.4812696056516397e8	6.426303164850132e8	0.0	50.0	0.0	0.24489795918367346	0.2441860465116279	0.5833333333333334	15.0	0.02029555983543829	
1.125465880704334e9	4.822822465067313e8	6.431836341976027e8	0.0	50.0	0.0	0.24489795918367346	0.2441860465116279	0.5104166666666666	8.0	0.007678193187353801	
1.0903024346601624e9	4.469872527456226e8	6.433151819145398e8	0.0	50.0	0.0	0.24489795918367346	0.2441860465116279	0.5903614457831325	15.0	0.020626878589175744	
1.1113664080112965e9	4.6278375679001045e8	6.48582651221286e8	0.0	50.0	0.0	0.24489795918367346	0.2441860465116279	0.5568181818181818	12.0	0.015692146506041033	
1.106295496137343e9	4.579229696319791e8	6.483725265053637e8	0.0	50.0	0.0	0.24489795918367346	0.2441860465116279	0.5764705882352941	13.0	0.018907127525882184	
1.1016405307351327e9	4.58898956532157e8	6.427415742029757e8	0.0	50.0	0.0	0.24489795918367346	0.2441860465116279	0.5568181818181818	12.0	0.014515666676675533	
1.1121263315871482e9	4.6291328991365445e8	6.492130416734937e8	0.0	50.0	0.0	0.24489795918367346	0.2441860465116279	0.550561797752809	12.0	0.014389502366880818	
1.1380820966710815e9	4.866714338309437e8	6.51410662840138e8	0.0	50.0	0.0	0.24489795918367346	0.2441860465116279	0.5212765957446809	8.0	0.006859753005523812	
1.125897597173331e9	4.762575306644604e8	6.496400665088706e8	0.0	50.0	0.0	0.24489795918367346	0.2441860465116279	0.5268817204301075	9.0	0.008637562734514014	
1.0962509198290014e9	4.536911634119227e8	6.425597564170785e8	0.0	50.0	0.0	0.24489795918367346	0.2441860465116279	0.5632183908045977	13.0	0.01653039050104398	
1.0915305237118547e9	4.4801346407286817e8	6.435170596389867e8	0.0	50.0	0.0	0.24489795918367346	0.2441860465116279	0.5764705882352941	14.0	0.02666900218758462	
1.1120366734349267e9	4.6812880665633273e8	6.439078667785939e8	0.0	50.0	0.0	0.24489795918367346	0.2441860465116279	0.5384615384615384	10.0	0.009626647544051856	
1.0993666646504116e9	4.5262446230031514e8	6.467422023500965e8	0.0	50.0	0.0	0.24489795918367346	0.2441860465116279	0.5764705882352941	14.0	0.024672634163120582	
1.1173183144661536e9	4.6305227281405663e8	6.542660416520972e8	0.0	50.0	0.0	0.24489795918367346	0.2441860465116279	0.5697674418604651	12.0	0.01588121873013046	
1.092699835089172e9	4.497218115585818e8	6.429780235305899e8	0.0	50.0	0.0	0.24489795918367346	0.2441860465116279	0.5764705882352941	14.0	0.02212034257722036	
1.13906904718157e9	4.8217914364054024e8	6.568899035410297e8	0.0	50.0	0.0	0.24489795918367346	0.2441860465116279	0.532608695652174	9.0	0.006401290311792012	
1.1034355305597165e9	4.55105812695078e8	6.483297178646383e8	0.0	50.0	0.0	0.24489795918367346	0.2441860465116279	0.5764705882352941	13.0	0.017280752226104222	
1.110516783616991e9	4.6856438043434e8	6.41952403182651e8	0.0	50.0	0.0	0.24489795918367346	0.2441860465116279	0.532608695652174	10.0	0.007287741066090934	
1.087891381818422e9	4.457151864467615e8	6.421761953716605e8	0.0	50.0	0.0	0.24489795918367346	0.2441860465116279	0.5833333333333334	15.0	0.019832268359978672	
1.1185817914986691e9	4.623352562875694e8	6.562465352110995e8	0.0	50.0	0.0	0.24489795918367346	0.2441860465116279	0.5697674418604651	12.0	0.01668484687553738	
1.1485760322202995e9	4.9449914568984854e8	6.540768865304512e8	0.0	50.0	0.0	0.24489795918367346	0.2441860465116279	0.5051546391752577	7.0	0.003730404591337495	
1.1027803230319319e9	4.541449505981279e8	6.48635372433804e8	0.0	50.0	0.0	0.24489795918367346	0.2441860465116279	0.5833333333333334	14.0	0.021122815893600492	
1.106148227388e9	4.621873394641673e8	6.439608879238327e8	0.0	50.0	0.0	0.24489795918367346	0.2441860465116279	0.5384615384615384	11.0	0.013479123914583424	
1.108168522729927e9	4.594375871786643e8	6.487309355512629e8	0.0	50.0	0.0	0.24489795918367346	0.2441860465116279	0.5697674418604651	13.0	0.02326403741748412	
1.121038384641842e9	4.720347527977542e8	6.490036318440876e8	0.0	50.0	0.0	0.24489795918367346	0.2441860465116279	0.550561797752809	10.0	0.009007197647716354	
1.150767406498364e9	4.9091718039821583e8	6.598502261001483e8	0.0	50.0	0.0	0.24489795918367346	0.2441860465116279	0.5384615384615384	8.0	0.006993744907723	
1.1011978135010266e9	4.5399325953406227e8	6.472045539669644e8	0.0	50.0	0.0	0.24489795918367346	0.2441860465116279	0.5764705882352941	13.0	0.019870628644736113	
1.0812094506405807e9	4.406249842440213e8	6.405844663965594e8	0.0	50.0	0.0	0.24489795918367346	0.2441860465116279	0.6049382716049383	17.0	0.03627890088992298	
1.1056325678443e9	4.6111317532089794e8	6.445193925234023e8	0.0	50.0	0.0	0.24489795918367346	0.2441860465116279	0.532608695652174	11.0	0.01014648715653919	
1.1331860667842464e9	4.7833445736853284e8	6.548516094157135e8	0.0	50.0	0.0	0.24489795918367346	0.2441860465116279	0.532608695652174	9.0	0.004155604341303621	
1.1278631758036654e9	4.85303989539146e8	6.425591862645195e8	0.0	50.0	0.0	0.24489795918367346	0.2441860465116279	0.494949494949495	8.0	0.010609678570988093	
1.1462926387434583e9	4.8790502563414335e8	6.58387613109315e8	0.0	50.0	0.0	0.24489795918367346	0.2441860465116279	0.532608695652174	8.0	0.00832334050104625	
1.0638719969979222e9	4.289735431091952e8	6.348984538887272e8	0.0	50.0	0.0	0.24489795918367346	0.2441860465116279	0.6363636363636364	21.0	0.05124545012785461	
1.0924672952066073e9	4.4827533573365706e8	6.441919594729505e8	0.0	50.0	0.0	0.24489795918367346	0.2441860465116279	0.5903614457831325	15.0	0.022279657654456837	
1.0830245932008224e9	4.4331652680166984e8	6.397080663991525e8	0.0	50.0	0.0	0.24489795918367346	0.2441860465116279	0.5975609756097561	16.0	0.029521443885306087	
1.1335264851924155e9	4.869119578639986e8	6.466145273284168e8	0.0	50.0	0.0	0.24489795918367346	0.2448474855729596	0.5051546391752577	8.0	0.007937172795930945	
1.1276853988886263e9	4.7300575846269697e8	6.546796404259294e8	0.0	50.0	0.0	0.24489795918367346	0.2448474855729596	0.5568181818181818	10.0	0.008457548844940642	
1.1172132462934155e9	4.706140445864823e8	6.465992017069334e8	0.0	50.0	0.0	0.24489795918367346	0.2448474855729596	0.5268817204301075	10.0	0.009728668177238456	
1.145403605637784e9	4.89829116433573e8	6.555744892042109e8	0.0	50.0	0.0	0.24489795918367346	0.2448474855729596	0.5212765957446809	8.0	0.00853011298579606	
1.0922817239452586e9	4.460142375784613e8	6.462674863667974e8	0.0	50.0	0.0	0.24489795918367346	0.2448474855729596	0.5975609756097561	16.0	0.027984441966119013	
1.133951076716734e9	4.8951911327546805e8	6.44431963441266e8	0.0	50.0	0.0	0.24489795918367346	0.2448474855729596	0.494949494949495	7.0	0.0024022658513955034	
1.1422070593079352e9	4.8566924480558324e8	6.565378145023521e8	0.0	50.0	0.0	0.24489795918367346	0.2448474855729596	0.5104166666666666	8.0	0.003526833748736062	
1.1239846606256623e9	4.7015253129719377e8	6.538321293284686e8	0.0	50.0	0.0	0.24489795918367346	0.2448474855729596	0.5444444444444444	11.0	0.010514259169620916	
1.0982579434622486e9	4.55403677071109e8	6.428542663911397e8	0.0	50.0	0.0	0.24489795918367346	0.2448474855729596	0.5764705882352941	13.0	0.017377116381087084	
1.0843220853574271e9	4.420125967157613e8	6.423094886416659e8	0.0	50.0	0.0	0.24489795918367346	0.2448474855729596	0.5903614457831325	16.0	0.03315452255871207	
1.1353940180084386e9	4.7677062259196997e8	6.586233954164687e8	0.0	50.0	0.0	0.24489795918367346	0.2448474855729596	0.5568181818181818	10.0	0.01261801493889942	
1.1177556727569427e9	4.671710776206989e8	6.505845951362436e8	0.0	50.0	0.0	0.24489795918367346	0.2448474855729596	0.550561797752809	11.0	0.014453690626833236	
1.1260861308894248e9	4.7431537529821587e8	6.51770755591209e8	0.0	50.0	0.0	0.24489795918367346	0.2448474855729596	0.5384615384615384	10.0	0.009261174299546085	
1.1229789435366242e9	4.8085853759164035e8	6.42120405944984e8	0.0	50.0	0.0	0.24489795918367346	0.2448474855729596	0.494949494949495	8.0	0.006085848680715969	
1.0594980475891144e9	4.261719550998771e8	6.333260924892373e8	0.0	50.0	0.0	0.24489795918367346	0.2448474855729596	0.6282051282051282	20.0	0.040679945545716995	
1.0734413378020926e9	4.3592574250033504e8	6.375155953017573e8	0.0	50.0	0.0	0.24489795918367346	0.2448474855729596	0.6049382716049383	17.0	0.03765009969317499	
1.1388171931777678e9	4.821481357928345e8	6.566690573849332e8	0.0	50.0	0.0	0.24489795918367346	0.2448474855729596	0.5268817204301075	9.0	0.00753630590298667	
1.1325703668524883e9	4.841263785650034e8	6.484439882874849e8	0.0	50.0	0.0	0.24489795918367346	0.2448474855729596	0.5104166666666666	8.0	0.004599346861251623	
1.0794374605564046e9	4.4137277175912327e8	6.380646887972816e8	0.0	50.0	0.0	0.24489795918367346	0.2448474855729596	0.5903614457831325	16.0	0.024486419451574516	
1.1240490185009937e9	4.6964348178024125e8	6.544055367207527e8	0.0	50.0	0.0	0.24489795918367346	0.2448474855729596	0.5384615384615384	10.0	0.005382843080722082	
1.1176534641244137e9	4.642855911317812e8	6.533678729926325e8	0.0	50.0	0.0	0.24489795918367346	0.2448474855729596	0.5697674418604651	12.0	0.014809604530967711	
1.1278942824967933e9	4.7649640429487306e8	6.513978782019203e8	0.0	50.0	0.0	0.24489795918367346	0.2448474855729596	0.532608695652174	9.0	0.005769523010669469	
1.0997531986550076e9	4.5235636609878063e8	6.47396832556227e8	0.0	50.0	0.0	0.24489795918367346	0.2448474855729596	0.5764705882352941	14.0	0.019597620865975746	
1.096456812170001e9	4.49699801991656e8	6.467570101783451e8	0.0	50.0	0.0	0.24489795918367346	0.2448474855729596	0.5903614457831325	15.0	0.030108931013307538	
1.1549623946994526e9	5.0069153524866194e8	6.542708594507906e8	0.0	50.0	0.0	0.24489795918367346	0.2448474855729596	0.5104166666666666	7.0	0.005767311105044023	
1.0872394129709835e9	4.436781664159374e8	6.435612465550461e8	0.0	50.0	0.0	0.24489795918367346	0.2448474855729596	0.5975609756097561	16.0	0.03107002386601713	
1.1189277737374456e9	4.6627333040630615e8	6.526544433311394e8	0.0	50.0	0.0	0.24489795918367346	0.2448474855729596	0.550561797752809	11.0	0.009664546887319757	
1.1242450352463362e9	4.695250552586354e8	6.547199799877007e8	0.0	50.0	0.0	0.24489795918367346	0.2448474855729596	0.550561797752809	11.0	0.015911704978502025	
1.1052425918108969e9	4.575130351240151e8	6.477295566868818e8	0.0	50.0	0.0	0.24489795918367346	0.2448474855729596	0.5764705882352941	13.0	0.014181999930872095	
1.1463166438138242e9	4.873977496596303e8	6.589188941541941e8	0.0	50.0	0.0	0.24489795918367346	0.2448474855729596	0.5212765957446809	8.0	0.004048285338169712	
1.1563932932981098e9	4.93820087742065e8	6.625732055560449e8	0.0	50.0	0.0	0.24489795918367346	0.2448474855729596	0.5268817204301075	8.0	0.007124388084054558	
1.1155032791598065e9	4.626616412296634e8	6.528416379301431e8	0.0	50.0	0.0	0.24489795918367346	0.2448474855729596	0.5632183908045977	12.0	0.012520786980697205	
1.136689658041409e9	4.962178121253669e8	6.404718459160421e8	0.0	50.0	0.0	0.24489795918367346	0.2448474855729596	0.48514851485148514	7.0	0.005721673129799423	
1.1158047288359885e9	4.6868527906440234e8	6.47119449771586e8	0.0	50.0	0.0	0.24489795918367346	0.2448474855729596	0.5384615384615384	10.0	0.008919088242667373	
1.0702987548764637e9	4.323231188630512e8	6.379756360134125e8	0.0	50.0	0.0	0.24489795918367346	0.2448474855729596	0.620253164556962	19.0	0.04306990113425806	
1.1147976066166413e9	4.633489367704393e8	6.514486698462019e8	0.0	50.0	0.0	0.24489795918367346	0.2448474855729596	0.5568181818181818	12.0	0.01665293180400997	
1.1308318094037023e9	4.8785844705392647e8	6.429733623497756e8	0.0	50.0	0.0	0.24489795918367346	0.2448474855729596	0.5104166666666666	8.0	0.009623857788545409	
1.0853438833846374e9	4.4224369594687504e8	6.431001874377623e8	0.0	50.0	0.0	0.24489795918367346	0.2448474855729596	0.5975609756097561	16.0	0.025995311739772407	
1.0875373286332924e9	4.453160425739012e8	6.422212860593911e8	0.0	50.0	0.0	0.24489795918367346	0.2448474855729596	0.5903614457831325	15.0	0.024453663535640175	
1.103276762043292e9	4.580041597561847e8	6.452726022871075e8	0.0	50.0	0.0	0.24489795918367346	0.2448474855729596	0.5568181818181818	12.0	0.013957062307026435	
1.101750825444449e9	4.629424844348575e8	6.388083410095913e8	0.0	50.0	0.0	0.24489795918367346	0.2448474855729596	0.5384615384615384	11.0	0.014202313104656653	
1.055451172999394e9	4.2501904007349163e8	6.304321329259024e8	0.0	50.0	0.0	0.24489795918367346	0.2448474855729596	0.6447368421052632	22.0	0.056143953992805175	
1.0825752638440578e9	4.430313924964401e8	6.395438713476176e8	0.0	50.0	0.0	0.24489795918367346	0.2448474855729596	0.5975609756097561	16.0	0.031237030300288973	
1.0974423209125054e9	4.523057642169452e8	6.451365566955602e8	0.0	50.0	0.0	0.24489795918367346	0.2448474855729596	0.5764705882352941	13.0	0.013682386849705835	
1.0747417290907545e9	4.368244182794882e8	6.379173108112665e8	0.0	50.0	0.0	0.24489795918367346	0.2448474855729596	0.6125	18.0	0.04008548725631613	
1.0949639705063e9	4.501186161713618e8	6.44845354334938e8	0.0	50.0	0.0	0.24489795918367346	0.2448474855729596	0.5764705882352941	14.0	0.01965043990844448	
1.0998022162857728e9	4.5328573816661775e8	6.46516478119155e8	0.0	50.0	0.0	0.24489795918367346	0.2448474855729596	0.5833333333333334	14.0	0.015075140548447717	
1.1623986456202714e9	4.991187273053489e8	6.632799183149226e8	0.0	50.0	0.0	0.24489795918367346	0.2448474855729596	0.5212765957446809	7.0	0.0035953373094207686	
1.1089557564012523e9	4.604255234286366e8	6.485302329726154e8	0.0	50.0	0.0	0.24489795918367346	0.2448474855729596	0.5632183908045977	12.0	0.015526351496621179	
1.1061349592338488e9	4.5842983482263863e8	6.4770512441121e8	0.0	50.0	0.0	0.24489795918367346	0.2448474855729596	0.5632183908045977	12.0	0.015351065140475056	
1.0859510682302787e9	4.4559174096745723e8	6.403593272628214e8	0.0	50.0	0.0	0.24489795918367346	0.26465753424657534	0.5975609756097561	16.0	0.035069353307189216	
1.1277503380014129e9	4.754457071458673e8	6.523046308555455e8	0.0	50.0	0.0	0.24489795918367346	0.26465753424657534	0.550561797752809	11.0	0.019517973536106785	
1.0566204323656058e9	4.252017532750915e8	6.314186790905144e8	0.0	50.0	0.0	0.24489795918367346	0.26465753424657534	0.6447368421052632	22.0	0.04309988825741827	
1.0580140917853037e9	4.261920153403465e8	6.318220764449571e8	0.0	50.0	0.0	0.24489795918367346	0.26465753424657534	0.6363636363636364	21.0	0.04666632599033785	
1.0814439392047825e9	4.407670081817939e8	6.406769310229886e8	0.0	50.0	0.0	0.24489795918367346	0.26465753424657534	0.5903614457831325	16.0	0.02396772687326952	
1.1085461361044266e9	4.604363177742908e8	6.481098183301358e8	0.0	50.0	0.0	0.24489795918367346	0.26465753424657534	0.5568181818181818	12.0	0.015349702861559178	
1.1211647344545789e9	4.6558401800176346e8	6.555807164528153e8	0.0	50.0	0.0	0.24489795918367346	0.26465753424657534	0.5697674418604651	12.0	0.017794810075648985	
1.1013155315315523e9	4.546650965377054e8	6.466504349938469e8	0.0	50.0	0.0	0.24489795918367346	0.26465753424657534	0.5764705882352941	13.0	0.014395824043143497	
1.117314717001543e9	4.703816401063514e8	6.469330768951918e8	0.0	50.0	0.0	0.24489795918367346	0.26465753424657534	0.5444444444444444	10.0	0.009134193554413094	
1.1381927637469873e9	4.811890010350249e8	6.570037627119625e8	0.0	50.0	0.0	0.24489795918367346	0.26465753424657534	0.5268817204301075	9.0	0.00771899349705472	
1.1083982461233873e9	4.6065370469592965e8	6.477445414274577e8	0.0	50.0	0.0	0.24489795918367346	0.26465753424657534	0.5764705882352941	13.0	0.019916275053631558	
1.0877822670922308e9	4.4730985142134243e8	6.404724156708884e8	0.0	50.0	0.0	0.24489795918367346	0.26465753424657534	0.5833333333333334	15.0	0.031989082927320445	
1.1396861857315516e9	4.80811119216716e8	6.588750665148357e8	0.0	50.0	0.0	0.24489795918367346	0.26465753424657534	0.5444444444444444	9.0	0.008139427546241996	
1.1009406691086233e9	4.533340395971165e8	6.476066295115069e8	0.0	50.0	0.0	0.24489795918367346	0.26465753424657534	0.5697674418604651	13.0	0.014188867696950148	
1.1529061626872115e9	4.896926319489157e8	6.63213530738296e8	0.0	50.0	0.0	0.24489795918367346	0.26465753424657534	0.5384615384615384	8.0	0.005130119628418947	
1.0811312245221496e9	4.399060462436457e8	6.41225178278504e8	0.0	50.0	0.0	0.24489795918367346	0.26465753424657534	0.6049382716049383	17.0	0.03337501342007493	
1.148554344038372e9	4.8706755886361516e8	6.61486785174757e8	0.0	50.0	0.0	0.24489795918367346	0.26465753424657534	0.532608695652174	8.0	0.004174032262806925	
1.1360496899218106e9	4.811414432531311e8	6.549082466686797e8	0.0	50.0	0.0	0.24489795918367346	0.26465753424657534	0.5384615384615384	9.0	0.006562985621177864	
1.1088040964217994e9	4.6397885804720175e8	6.448252383745975e8	0.0	50.0	0.0	0.24489795918367346	0.26465753424657534	0.550561797752809	12.0	0.017103107233757034	
1.1529457075589685e9	5.042684980030441e8	6.486772095559244e8	0.0	50.0	0.0	0.24489795918367346	0.26465753424657534	0.494949494949495	6.0	0.003283112559079043	
1.1265023106583023e9	4.7118201686719537e8	6.553202937911069e8	0.0	50.0	0.0	0.24489795918367346	0.26465753424657534	0.5444444444444444	10.0	0.008519633362609705	
1.0956766124111016e9	4.499999087337431e8	6.456767036773585e8	0.0	50.0	0.0	0.24489795918367346	0.26465753424657534	0.5764705882352941	14.0	0.0151966037968068	
1.158206064666336e9	4.9161957686039937e8	6.665864878059366e8	0.0	50.0	0.0	0.24489795918367346	0.26465753424657534	0.5384615384615384	8.0	0.003197639641973473	
1.1572227377383604e9	5.141107843639655e8	6.431119533743949e8	0.0	49.0	1.0	0.24489795918367346	0.26465753424657534	0.4666666666666667	5.0	0.0011487123029566095	
1.1566051106851277e9	4.909354278765367e8	6.656696828085911e8	0.0	50.0	0.0	0.24489795918367346	0.26465753424657534	0.5268817204301075	8.0	0.005216708863996726	
1.0895624189650145e9	4.4637413986865956e8	6.431882790963547e8	0.0	50.0	0.0	0.24489795918367346	0.26465753424657534	0.5903614457831325	16.0	0.03245392814133721	
1.0942490189900117e9	4.5069087224556124e8	6.435581467444502e8	0.0	50.0	0.0	0.24489795918367346	0.26465753424657534	0.5697674418604651	14.0	0.020370280957120953	
1.1183763961577833e9	4.673198251212546e8	6.510565710365286e8	0.0	50.0	0.0	0.24489795918367346	0.26465753424657534	0.5568181818181818	11.0	0.013565891941587178	
1.118340192796567e9	4.653000014744334e8	6.530401913221338e8	0.0	50.0	0.0	0.24489795918367346	0.26465753424657534	0.5697674418604651	12.0	0.014251708585988029	
1.131098529397438e9	4.789327753310449e8	6.52165754066393e8	0.0	50.0	0.0	0.24489795918367346	0.26465753424657534	0.5384615384615384	10.0	0.007843962801879696	
1.0898643386312284e9	4.48532802146573e8	6.413315364846555e8	0.0	50.0	0.0	0.24489795918367346	0.26465753424657534	0.5697674418604651	14.0	0.018121002369201653	
1.123984487999733e9	4.684855258658886e8	6.554989621338445e8	0.0	50.0	0.0	0.24489795918367346	0.26465753424657534	0.5632183908045977	11.0	0.011202143021224452	
1.0878506111981902e9	4.4613791409236765e8	6.417126971058227e8	0.0	50.0	0.0	0.24489795918367346	0.26465753424657534	0.5833333333333334	15.0	0.02635250601407399	
1.1061820458179798e9	4.5944988358581764e8	6.467321622321622e8	0.0	50.0	0.0	0.24489795918367346	0.26465753424657534	0.5568181818181818	12.0	0.015461366294142312	
1.0593755486894063e9	4.287811549376904e8	6.30594393751716e8	0.0	50.0	0.0	0.24489795918367346	0.26465753424657534	0.6049382716049383	19.0	0.040456693135914434	
1.1494550846393256e9	4.859244229916472e8	6.635306616476784e8	0.0	50.0	0.0	0.24489795918367346	0.26465753424657534	0.5444444444444444	9.0	0.006188844147310142	
1.1144773151531045e9	4.645464568312986e8	6.49930858321806e8	0.0	50.0	0.0	0.24489795918367346	0.26465753424657534	0.5444444444444444	11.0	0.008401177066914687	
1.1597885765787063e9	5.290148109036028e8	6.307737656751033e8	0.0	49.0	1.0	0.24489795918367346	0.26465753424657534	0.4537037037037037	4.0	0.0011322903902761929	
1.0888216731845012e9	4.463770141362419e8	6.424446590482594e8	0.0	50.0	0.0	0.24489795918367346	0.26465753424657534	0.5975609756097561	16.0	0.040206636770576794	
1.0991367370360546e9	4.53474448387848e8	6.456622886482065e8	0.0	50.0	0.0	0.24489795918367346	0.26465753424657534	0.5697674418604651	13.0	0.014026421892614351	
1.0962402389888082e9	4.513935521454568e8	6.448466868433515e8	0.0	50.0	0.0	0.24489795918367346	0.26465753424657534	0.5903614457831325	15.0	0.026763146674785555	
1.1166869926054535e9	4.6296705843953e8	6.537199341659234e8	0.0	50.0	0.0	0.24489795918367346	0.26465753424657534	0.5632183908045977	12.0	0.013323457689954287	
1.0967632983773122e9	4.504280509356985e8	6.463352474416137e8	0.0	50.0	0.0	0.24489795918367346	0.26465753424657534	0.5903614457831325	15.0	0.026196868399897908	
1.1454578244099963e9	4.8934209740060127e8	6.561157270093949e8	0.0	50.0	0.0	0.24489795918367346	0.26465753424657534	0.5384615384615384	9.0	0.011064737574091318	
1.144911178207108e9	4.857408855790947e8	6.591702926280131e8	0.0	50.0	0.0	0.24489795918367346	0.26465753424657534	0.532608695652174	9.0	0.00979123784776309	
1.1187463038935432e9	4.668022550144062e8	6.51944048879137e8	0.0	50.0	0.0	0.24489795918367346	0.26465753424657534	0.5568181818181818	11.0	0.013274346143572782	
1.1396235427366424e9	4.868947007126093e8	6.527288420240331e8	0.0	50.0	0.0	0.24489795918367346	0.26465753424657534	0.5212765957446809	8.0	0.003980888270121205	
1.0974906616568367e9	4.5121072549562556e8	6.46279936161211e8	0.0	50.0	0.0	0.24489795918367346	0.26465753424657534	0.5833333333333334	14.0	0.016135790073267972	
1.131555761957283e9	4.8405761395554376e8	6.474981480017393e8	0.0	50.0	0.0	0.24489795918367346	0.26465753424657534	0.5	8.0	0.006741895686740866	
1.0935601400775666e9	4.49359882458657e8	6.442002576189096e8	0.0	50.0	0.0	0.24489795918367346	0.26465753424657534	0.5903614457831325	15.0	0.02191829684876083	
1.1068035287526717e9	4.5851834479984e8	6.482851839528317e8	0.0	50.0	0.0	0.24489795918367346	0.2261904761904762	0.5697674418604651	13.0	0.017065612872631978	
1.1412914420535674e9	4.8296413727829266e8	6.58327304775275e8	0.0	50.0	0.0	0.24489795918367346	0.2261904761904762	0.5444444444444444	9.0	0.007128519359325582	
1.1497954713083925e9	4.955441276074249e8	6.542513437009676e8	0.0	50.0	0.0	0.24489795918367346	0.2261904761904762	0.5104166666666666	7.0	0.003668265843291478	
1.0809158823840394e9	4.393460450730785e8	6.415698373109608e8	0.0	50.0	0.0	0.24489795918367346	0.2261904761904762	0.6049382716049383	17.0	0.03411684742213246	
1.1475733028965735e9	4.8409258080334735e8	6.634807220932262e8	0.0	50.0	0.0	0.24489795918367346	0.2261904761904762	0.5444444444444444	9.0	0.008523109251570545	
1.1115504609774303e9	4.599875811385182e8	6.51562879838912e8	0.0	50.0	0.0	0.24489795918367346	0.2261904761904762	0.5632183908045977	12.0	0.013952403643161528	
1.0922847209193473e9	4.4651732391847765e8	6.457673970008695e8	0.0	50.0	0.0	0.24489795918367346	0.2261904761904762	0.5833333333333334	15.0	0.024560830463396976	
1.1177561976028688e9	4.6365677457414037e8	6.540994230287284e8	0.0	50.0	0.0	0.24489795918367346	0.2261904761904762	0.5697674418604651	12.0	0.013065249037394186	
1.1070413252368522e9	4.563641531450033e8	6.506771720918486e8	0.0	50.0	0.0	0.24489795918367346	0.2261904761904762	0.5764705882352941	13.0	0.01751147583797365	
1.1038436602574263e9	4.5513966974133384e8	6.487039905160923e8	0.0	50.0	0.0	0.24489795918367346	0.2261904761904762	0.5697674418604651	13.0	0.01897706515402348	
1.1130999919430661e9	4.5995894468737197e8	6.531410472556942e8	0.0	50.0	0.0	0.24489795918367346	0.2261904761904762	0.5764705882352941	13.0	0.018609332555789372	
1.159493737247583e9	5.035613046838908e8	6.559324325636922e8	0.0	50.0	0.0	0.24489795918367346	0.2261904761904762	0.494949494949495	6.0	0.0019692679355228586	
1.0987599207469838e9	4.5119767172971e8	6.475622490172738e8	0.0	50.0	0.0	0.24489795918367346	0.2261904761904762	0.5764705882352941	14.0	0.02094683051077809	
1.086944650668845e9	4.443109461374667e8	6.426337045313783e8	0.0	50.0	0.0	0.24489795918367346	0.2261904761904762	0.5975609756097561	16.0	0.027460653358656446	
1.1592178412411838e9	4.920130845413016e8	6.67204756699882e8	0.0	50.0	0.0	0.24489795918367346	0.2261904761904762	0.532608695652174	8.0	0.004145205701328149	
1.087743486935677e9	4.464585355380286e8	6.412849513976483e8	0.0	50.0	0.0	0.24489795918367346	0.2261904761904762	0.5833333333333334	15.0	0.025836319837078944	
1.1621332481859233e9	5.06507132618744e8	6.556261155671793e8	0.0	50.0	0.0	0.24489795918367346	0.2261904761904762	0.5	6.0	0.0037591494045585974	
1.0657424665080075e9	4.290746926890685e8	6.366677738189392e8	0.0	50.0	0.0	0.24489795918367346	0.2261904761904762	0.6282051282051282	20.0	0.04847209176249775	
1.117114711246275e9	4.6570539425861037e8	6.514093169876645e8	0.0	50.0	0.0	0.24489795918367346	0.2261904761904762	0.5568181818181818	11.0	0.013994005771600123	
1.1371000243334522e9	4.8288592359221685e8	6.542141007412354e8	0.0	50.0	0.0	0.24489795918367346	0.2261904761904762	0.5384615384615384	9.0	0.009796747731799936	
1.1140267030414305e9	4.614533768455293e8	6.525733261959016e8	0.0	50.0	0.0	0.24489795918367346	0.2261904761904762	0.5632183908045977	12.0	0.010763808221836053	
1.1115824690406568e9	4.600871912962898e8	6.514952777443671e8	0.0	50.0	0.0	0.24489795918367346	0.2261904761904762	0.5697674418604651	12.0	0.0109857969891188	
1.1346839149165068e9	4.8398754433259153e8	6.506963705839151e8	0.0	50.0	0.0	0.24489795918367346	0.2261904761904762	0.5104166666666666	8.0	0.004844711515543464	
1.094656670548287e9	4.49030258325418e8	6.45626412222869e8	0.0	50.0	0.0	0.24489795918367346	0.2261904761904762	0.5903614457831325	15.0	0.031223746727975926	
1.1046076674782605e9	4.5609728757700086e8	6.485103799012594e8	0.0	50.0	0.0	0.24489795918367346	0.2261904761904762	0.5697674418604651	13.0	0.01686563041350273	
1.0999840787054687e9	4.533455807042711e8	6.466384980011978e8	0.0	50.0	0.0	0.24489795918367346	0.2261904761904762	0.5764705882352941	13.0	0.01663326779497	
1.1137596701267438e9	4.593832292420375e8	6.543764408847064e8	0.0	50.0	0.0	0.24489795918367346	0.2261904761904762	0.5764705882352941	13.0	0.018427767233078263	
1.1036584235592003e9	4.559279978800627e8	6.477304256791377e8	0.0	50.0	0.0	0.24489795918367346	0.2261904761904762	0.5632183908045977	13.0	0.01822423917381988	
1.132912997780325e9	4.752657367490897e8	6.576472610312352e8	0.0	50.0	0.0	0.24489795918367346	0.2261904761904762	0.5444444444444444	10.0	0.00808680658160843	
1.0877900500616896e9	4.4461267206567115e8	6.431773779960184e8	0.0	50.0	0.0	0.24489795918367346	0.2261904761904762	0.5975609756097561	16.0	0.027570198406493215	
1.141653110516758e9	4.822499575412164e8	6.594031529755415e8	0.0	50.0	0.0	0.24489795918367346	0.2261904761904762	0.5384615384615384	9.0	0.009018933275576435	
1.0857066002461214e9	4.429503865102427e8	6.427562137358787e8	0.0	50.0	0.0	0.24489795918367346	0.2261904761904762	0.5975609756097561	16.0	0.023399876689852387	
1.1131566972977962e9	4.654414099359863e8	6.4771528736181e8	0.0	50.0	0.0	0.24489795918367346	0.2261904761904762	0.5444444444444444	11.0	0.014530388316911542	
1.0802724383329892e9	4.3999994636282104e8	6.402724919701682e8	0.0	50.0	0.0	0.24489795918367346	0.2261904761904762	0.6049382716049383	17.0	0.033615763371337835	
1.1216594341233497e9	4.766317010940798e8	6.450277330292699e8	0.0	50.0	0.0	0.24489795918367346	0.2261904761904762	0.5157894736842106	9.0	0.01004631371237691	
1.1272471716736774e9	4.734354531087363e8	6.53811718564941e8	0.0	50.0	0.0	0.24489795918367346	0.2261904761904762	0.532608695652174	10.0	0.010352925848380951	
1.1082383793774579e9	4.5714921355989975e8	6.510891658175582e8	0.0	50.0	0.0	0.24489795918367346	0.2261904761904762	0.5764705882352941	13.0	0.018429035305217417	
1.1339554547069876e9	4.789659442630178e8	6.5498951044397e8	0.0	50.0	0.0	0.24489795918367346	0.2261904761904762	0.5268817204301075	9.0	0.008540775361114552	
1.1464105472252734e9	4.835643531904472e8	6.62846194034826e8	0.0	50.0	0.0	0.24489795918367346	0.2261904761904762	0.5384615384615384	9.0	0.007326296254702284	
1.1039333203657494e9	4.5455960023085487e8	6.493737201348944e8	0.0	50.0	0.0	0.24489795918367346	0.2261904761904762	0.5833333333333334	14.0	0.02163929779818593	
1.1316381209480531e9	4.801048848333781e8	6.51533236114675e8	0.0	50.0	0.0	0.24489795918367346	0.2261904761904762	0.5212765957446809	9.0	0.01011108195714933	
1.083613980801506e9	4.4295873114144254e8	6.406552496600634e8	0.0	50.0	0.0	0.24489795918367346	0.2261904761904762	0.5903614457831325	16.0	0.0316197120717231	
1.102874725169724e9	4.5926827802745104e8	6.43606447142273e8	0.0	50.0	0.0	0.24489795918367346	0.2261904761904762	0.5632183908045977	13.0	0.01631908611893693	
1.1113637947885346e9	4.629042067967561e8	6.484595879917785e8	0.0	50.0	0.0	0.24489795918367346	0.2261904761904762	0.5568181818181818	12.0	0.017785500369396683	
1.09122420227374e9	4.47987855685009e8	6.432363465887312e8	0.0	50.0	0.0	0.24489795918367346	0.2261904761904762	0.5833333333333334	15.0	0.02792565554637904	
1.1286763664658961e9	4.754790821363583e8	6.531972843295376e8	0.0	50.0	0.0	0.24489795918367346	0.2261904761904762	0.5444444444444444	10.0	0.011052326806989081	
1.1217907323982565e9	4.651477272240149e8	6.566430051742418e8	0.0	50.0	0.0	0.24489795918367346	0.2261904761904762	0.5632183908045977	12.0	0.012625973058800689	
1.1230426889329386e9	4.742373911508817e8	6.488052977820569e8	0.0	50.0	0.0	0.24489795918367346	0.2261904761904762	0.5268817204301075	10.0	0.009449672547437681	
1.1041553893986077e9	4.571129907891689e8	6.470423986094387e8	0.0	50.0	0.0	0.24489795918367346	0.2261904761904762	0.5632183908045977	13.0	0.021858535733170252	
1.1355575379228446e9	4.772382124821348e8	6.5831932544071e8	0.0	50.0	0.0	0.24489795918367346	0.2261904761904762	0.5384615384615384	10.0	0.011147485180636772	
1.0999221423548632e9	4.536879173048037e8	6.462342250500591e8	0.0	50.0	0.0	0.24489795918367346	0.2520649387638849	0.5764705882352941	14.0	0.02467019059850271	
1.1111765084380388e9	4.596542719350287e8	6.515222365030103e8	0.0	50.0	0.0	0.24489795918367346	0.2520649387638849	0.5764705882352941	13.0	0.02360942938606478	
1.114572128405181e9	4.638614787940407e8	6.507106496111405e8	0.0	50.0	0.0	0.24489795918367346	0.2520649387638849	0.5697674418604651	12.0	0.012272965759360318	
1.1141959353170676e9	4.65387131647327e8	6.488088036697407e8	0.0	50.0	0.0	0.24489795918367346	0.2520649387638849	0.550561797752809	11.0	0.012572450970678679	
1.1431718004654617e9	4.82493504720842e8	6.606782957446196e8	0.0	50.0	0.0	0.24489795918367346	0.2520649387638849	0.5444444444444444	9.0	0.005821026779711978	
1.1007803793698218e9	4.5520538729628885e8	6.45574992073533e8	0.0	50.0	0.0	0.24489795918367346	0.2520649387638849	0.5568181818181818	13.0	0.015037872805841835	
1.1241388952552145e9	4.677548346953118e8	6.563840605599024e8	0.0	50.0	0.0	0.24489795918367346	0.2520649387638849	0.5697674418604651	12.0	0.019605383315808116	
1.144929443510641e9	4.8289422607624614e8	6.620352174343948e8	0.0	50.0	0.0	0.24489795918367346	0.2520649387638849	0.5384615384615384	9.0	0.0077984551252542654	
1.108583873866641e9	4.5946369002479786e8	6.491201838418434e8	0.0	50.0	0.0	0.24489795918367346	0.2520649387638849	0.5764705882352941	13.0	0.02092165726855129	
1.0724204868275442e9	4.349971799128922e8	6.374233069146521e8	0.0	50.0	0.0	0.24489795918367346	0.2520649387638849	0.6125	18.0	0.04077748835764338	
1.089553041614006e9	4.4519619163537204e8	6.443568499786341e8	0.0	50.0	0.0	0.24489795918367346	0.2520649387638849	0.5903614457831325	16.0	0.024478557902938205	
1.1407160547901878e9	4.8454149046237504e8	6.561745643278129e8	0.0	50.0	0.0	0.24489795918367346	0.2520649387638849	0.532608695652174	9.0	0.010677006160345821	
1.1403015808101406e9	4.862923538863015e8	6.540092269238391e8	0.0	50.0	0.0	0.24489795918367346	0.2520649387638849	0.5212765957446809	8.0	0.007757088751268996	
1.0886316486593459e9	4.461940481845251e8	6.424376004748209e8	0.0	50.0	0.0	0.24489795918367346	0.2520649387638849	0.5975609756097561	16.0	0.022651197530354408	
1.0956366508927965e9	4.5186589375508296e8	6.437707571377137e8	0.0	50.0	0.0	0.24489795918367346	0.2520649387638849	0.5764705882352941	14.0	0.025890997882626336	
1.104652017007265e9	4.5618785599848306e8	6.48464161008782e8	0.0	50.0	0.0	0.24489795918367346	0.2520649387638849	0.5697674418604651	13.0	0.01927077649923961	
1.0930524720039582e9	4.4832371316004e8	6.447287588439183e8	0.0	50.0	0.0	0.24489795918367346	0.2520649387638849	0.5903614457831325	15.0	0.02740942556422319	
1.088133870722611e9	4.433702162226895e8	6.447636544999216e8	0.0	50.0	0.0	0.24489795918367346	0.2520649387638849	0.5975609756097561	16.0	0.025388324938556844	
1.117739449041371e9	4.6760209672848463e8	6.501373523128865e8	0.0	50.0	0.0	0.24489795918367346	0.2520649387638849	0.5568181818181818	11.0	0.012693816434173937	
1.1057367189024975e9	4.67631468976117e8	6.381052499263806e8	0.0	50.0	0.0	0.24489795918367346	0.2520649387638849	0.5157894736842106	10.0	0.012336442629309455	
1.1539220851069531e9	4.91741575713992e8	6.62180509392961e8	0.0	50.0	0.0	0.24489795918367346	0.2520649387638849	0.5384615384615384	8.0	0.006550597692179325	
1.1042988382975278e9	4.543898667239872e8	6.499089715735403e8	0.0	50.0	0.0	0.24489795918367346	0.2520649387638849	0.5833333333333334	14.0	0.022218616702218443	
1.1369970870222526e9	4.8135074243885297e8	6.556463445833997e8	0.0	50.0	0.0	0.24489795918367346	0.2520649387638849	0.5212765957446809	9.0	0.006586938783399284	
1.104605904969576e9	4.6010954550849235e8	6.444963594610835e8	0.0	50.0	0.0	0.24489795918367346	0.2520649387638849	0.550561797752809	12.0	0.015755831444066618	
1.1208580347312284e9	4.6832763440398824e8	6.525304003272401e8	0.0	50.0	0.0	0.24489795918367346	0.2520649387638849	0.550561797752809	11.0	0.008559055356388512	
1.1032084738143935e9	4.545086429828065e8	6.486998308315871e8	0.0	50.0	0.0	0.24489795918367346	0.2520649387638849	0.5833333333333334	14.0	0.018611922960213998	
1.0898897984248714e9	4.472239369446178e8	6.426658614802536e8	0.0	50.0	0.0	0.24489795918367346	0.2520649387638849	0.5833333333333334	15.0	0.027727844712592074	
1.10305000498077e9	4.5408198284060776e8	6.489680221401623e8	0.0	50.0	0.0	0.24489795918367346	0.2520649387638849	0.5833333333333334	14.0	0.018084551738602964	
1.1240633143154416e9	4.697672836265665e8	6.54296030688875e8	0.0	50.0	0.0	0.24489795918367346	0.2520649387638849	0.5632183908045977	11.0	0.01296281287386282	
1.1147842664220414e9	4.610968072445377e8	6.536874591775037e8	0.0	50.0	0.0	0.24489795918367346	0.2520649387638849	0.5632183908045977	12.0	0.011870076313720642	
1.1359899072074056e9	4.841174358365505e8	6.518724713708551e8	0.0	50.0	0.0	0.24489795918367346	0.2520649387638849	0.5157894736842106	8.0	0.003664042562437286	
1.1453817941124446e9	4.8795404178338736e8	6.574277523290572e8	0.0	50.0	0.0	0.24489795918367346	0.2520649387638849	0.5212765957446809	8.0	0.008049171714564594	
1.161720841791884e9	5.0734031495424676e8	6.54380526837637e8	0.0	50.0	0.0	0.24489795918367346	0.2520649387638849	0.494949494949495	6.0	0.004637406087236019	
1.1318699576532311e9	4.78025922240108e8	6.538440354131231e8	0.0	50.0	0.0	0.24489795918367346	0.2520649387638849	0.5384615384615384	10.0	0.013149255537033017	
1.0765478579620638e9	4.3815585066104937e8	6.383920073010145e8	0.0	50.0	0.0	0.24489795918367346	0.2520649387638849	0.6049382716049383	17.0	0.029056841055946504	
1.1158721701772356e9	4.650909699711044e8	6.50781200206131e8	0.0	50.0	0.0	0.24489795918367346	0.2520649387638849	0.550561797752809	11.0	0.011416339263624502	
1.0719536287218939e9	4.3476957263754565e8	6.371840560843482e8	0.0	50.0	0.0	0.24489795918367346	0.2520649387638849	0.6049382716049383	18.0	0.039937213279661286	
1.1339061543658104e9	4.814102687947037e8	6.524958855711069e8	0.0	50.0	0.0	0.24489795918367346	0.2520649387638849	0.5268817204301075	9.0	0.008675972789190281	
1.0921812710313168e9	4.4846966087639797e8	6.437116101549189e8	0.0	50.0	0.0	0.24489795918367346	0.2520649387638849	0.5903614457831325	15.0	0.026922674965419963	
1.089310506728945e9	4.440605080039162e8	6.452499987250288e8	0.0	50.0	0.0	0.24489795918367346	0.2520649387638849	0.5975609756097561	16.0	0.02709046584250846	
1.1235904520581396e9	4.6860197893510264e8	6.54988473123037e8	0.0	50.0	0.0	0.24489795918367346	0.2520649387638849	0.5568181818181818	11.0	0.016623689969195825	
1.1359157675100367e9	4.7715111692725563e8	6.587646505827811e8	0.0	50.0	0.0	0.24489795918367346	0.2520649387638849	0.5568181818181818	10.0	0.01410336669528472	
1.0823551982995565e9	4.411576291156497e8	6.411975691839068e8	0.0	50.0	0.0	0.24489795918367346	0.2520649387638849	0.5975609756097561	16.0	0.023548168973726552	
1.1173311208815005e9	4.662708178130107e8	6.510603030684898e8	0.0	50.0	0.0	0.24489795918367346	0.2520649387638849	0.5444444444444444	11.0	0.009544748921459971	
1.1238560995546808e9	4.673966486695706e8	6.564594508851101e8	0.0	50.0	0.0	0.24489795918367346	0.2520649387638849	0.5697674418604651	12.0	0.015336946478465584	
1.1313990536286259e9	4.805439189707429e8	6.508551346578832e8	0.0	50.0	0.0	0.24489795918367346	0.2520649387638849	0.5268817204301075	9.0	0.00837035268124777	
1.1315068122191982e9	4.724913723621994e8	6.590154398569987e8	0.0	50.0	0.0	0.24489795918367346	0.2520649387638849	0.550561797752809	11.0	0.013448521382966485	
1.141360662717241e9	4.8860494440713e8	6.52755718310111e8	0.0	50.0	0.0	0.24489795918367346	0.2520649387638849	0.5212765957446809	8.0	0.005615815891050985	
1.1241983970170753e9	4.705363327045386e8	6.536620643125366e8	0.0	50.0	0.0	0.24489795918367346	0.2520649387638849	0.5568181818181818	10.0	0.0077147427314022965	
1.1094433994901943e9	4.6136261504463327e8	6.480807844455612e8	0.0	50.0	0.0	0.24489795918367346	0.2520649387638849	0.5568181818181818	12.0	0.013954031368450444	
1.1072501870470858e9	4.570240454574248e8	6.502261415896609e8	0.0	50.0	0.0	0.24489795918367346	0.26364399664147775	0.5697674418604651	13.0	0.014046152333303733	
1.1468998317345634e9	4.851024307653268e8	6.617974009692366e8	0.0	50.0	0.0	0.24489795918367346	0.26364399664147775	0.550561797752809	9.0	0.011182276999955361	
1.122291480179513e9	4.7584159449775326e8	6.464498856817597e8	0.0	50.0	0.0	0.24489795918367346	0.26364399664147775	0.5384615384615384	10.0	0.014084515934754889	
1.1279835836353786e9	4.851347846123066e8	6.428487990230718e8	0.0	50.0	0.0	0.24489795918367346	0.26364399664147775	0.5157894736842106	8.0	0.01067014196981695	
1.0814277585534644e9	4.4306285022183573e8	6.383649083316288e8	0.0	50.0	0.0	0.24489795918367346	0.26364399664147775	0.5833333333333334	15.0	0.023213877541586388	
1.129050464156641e9	4.8273307148935527e8	6.463173926672859e8	0.0	50.0	0.0	0.24489795918367346	0.26364399664147775	0.5268817204301075	9.0	0.008692216323824773	
1.088062779019062e9	4.454906740670169e8	6.425721049520452e8	0.0	50.0	0.0	0.24489795918367346	0.26364399664147775	0.5764705882352941	15.0	0.019988117314059944	
1.112656573913629e9	4.640574630477085e8	6.485991108659208e8	0.0	50.0	0.0	0.24489795918367346	0.26364399664147775	0.5568181818181818	11.0	0.009258832958233197	
1.130280190523004e9	4.8192869401026106e8	6.483514965127429e8	0.0	50.0	0.0	0.24489795918367346	0.26364399664147775	0.5268817204301075	9.0	0.012262698769598884	
1.1245268320192657e9	4.713950291303499e8	6.531318028889159e8	0.0	50.0	0.0	0.24489795918367346	0.26364399664147775	0.5568181818181818	11.0	0.016635967378255952	
1.0788304871928146e9	4.380007704305004e8	6.408297167623142e8	0.0	50.0	0.0	0.24489795918367346	0.26364399664147775	0.6125	18.0	0.04224197757758896	
1.0723794826933148e9	4.344876312863866e8	6.378918514069282e8	0.0	50.0	0.0	0.24489795918367346	0.26364399664147775	0.6125	18.0	0.03392139746796219	
1.0689843198485422e9	4.344457008544953e8	6.345386189940469e8	0.0	50.0	0.0	0.24489795918367346	0.26364399664147775	0.6125	18.0	0.03345276558854413	
1.1230315565749488e9	4.7725475059834504e8	6.457768059766039e8	0.0	50.0	0.0	0.24489795918367346	0.26364399664147775	0.5212765957446809	9.0	0.007544666147473196	
1.1031483950009365e9	4.5471609627119577e8	6.484322987297409e8	0.0	50.0	0.0	0.24489795918367346	0.26364399664147775	0.5697674418604651	13.0	0.019631570731786094	
1.097907979488606e9	4.5099075990964633e8	6.469172195789597e8	0.0	50.0	0.0	0.24489795918367346	0.26364399664147775	0.5833333333333334	14.0	0.018907780542968922	
1.1446161327743745e9	4.876289170926584e8	6.569872156817162e8	0.0	50.0	0.0	0.24489795918367346	0.26364399664147775	0.532608695652174	8.0	0.0029435018313348675	
1.1470322067560863e9	4.955631234087002e8	6.514690833473862e8	0.0	50.0	0.0	0.24489795918367346	0.26364399664147775	0.5051546391752577	7.0	0.003920336931765187	
1.1366784533212152e9	4.7802685764231724e8	6.586515956788979e8	0.0	50.0	0.0	0.24489795918367346	0.26364399664147775	0.550561797752809	10.0	0.0127732465784106	
1.1150390903786917e9	4.6311759474133503e8	6.519214956373566e8	0.0	50.0	0.0	0.24489795918367346	0.26364399664147775	0.5632183908045977	12.0	0.018389353823856574	
1.1118071140460591e9	4.611775865007311e8	6.506295275453283e8	0.0	50.0	0.0	0.24489795918367346	0.26364399664147775	0.5632183908045977	12.0	0.012136765358759693	
1.1054554125604672e9	4.605038857981582e8	6.449515267623091e8	0.0	50.0	0.0	0.24489795918367346	0.26364399664147775	0.5632183908045977	12.0	0.01751414235597133	
1.104850706470693e9	4.580814365929041e8	6.467692698777888e8	0.0	50.0	0.0	0.24489795918367346	0.26364399664147775	0.5697674418604651	13.0	0.01859147880524108	
1.1269044384991555e9	4.7288476580523455e8	6.540196726939209e8	0.0	50.0	0.0	0.24489795918367346	0.26364399664147775	0.5384615384615384	10.0	0.007835020265526953	
1.1457510512892323e9	4.88493497025975e8	6.572575542632575e8	0.0	50.0	0.0	0.24489795918367346	0.26364399664147775	0.5157894736842106	8.0	0.005049838795625677	
1.0823820590719302e9	4.4100345040944636e8	6.413786086624837e8	0.0	50.0	0.0	0.24489795918367346	0.26364399664147775	0.5975609756097561	16.0	0.02581810131488265	
1.1367668853292937e9	4.803681598345475e8	6.563987254947462e8	0.0	50.0	0.0	0.24489795918367346	0.26364399664147775	0.5268817204301075	9.0	0.007512056755069177	
1.0729622997945181e9	4.3673148692689216e8	6.36230812867626e8	0.0	50.0	0.0	0.24489795918367346	0.26364399664147775	0.5975609756097561	17.0	0.02965233598549084	
1.120411837517451e9	4.6478100504606754e8	6.556308324713836e8	0.0	50.0	0.0	0.24489795918367346	0.26364399664147775	0.5697674418604651	12.0	0.015490930898310955	
1.1021922052929673e9	4.57259678860144e8	6.449325264328234e8	0.0	50.0	0.0	0.24489795918367346	0.26364399664147775	0.5632183908045977	13.0	0.020181842023481576	
1.1310469942113051e9	4.740562393533001e8	6.569907548580052e8	0.0	50.0	0.0	0.24489795918367346	0.26364399664147775	0.5444444444444444	10.0	0.010560833975007998	
1.1312661974929945e9	4.793262607401588e8	6.519399367528359e8	0.0	50.0	0.0	0.24489795918367346	0.26364399664147775	0.5212765957446809	9.0	0.0050737967840993265	
1.0902509280685554e9	4.4632478827333087e8	6.439261397952245e8	0.0	50.0	0.0	0.24489795918367346	0.26364399664147775	0.5903614457831325	15.0	0.029410594849336138	
1.094897485351113e9	4.48357333071174e8	6.465401522799392e8	0.0	50.0	0.0	0.24489795918367346	0.26364399664147775	0.5903614457831325	15.0	0.01750500000361106	
1.1537630401045718e9	4.9734726736584634e8	6.564157727387254e8	0.0	50.0	0.0	0.24489795918367346	0.26364399664147775	0.5104166666666666	7.0	0.004422150157509518	
1.1015396309030495e9	4.584117430204015e8	6.431278878826481e8	0.0	50.0	0.0	0.24489795918367346	0.26364399664147775	0.550561797752809	12.0	0.01622271605563492	
1.0912082673678827e9	4.4877261116088885e8	6.424356562069939e8	0.0	50.0	0.0	0.24489795918367346	0.26364399664147775	0.5903614457831325	15.0	0.027180695427530283	
1.1197361562002473e9	4.6922838170661235e8	6.505077744936352e8	0.0	50.0	0.0	0.24489795918367346	0.26364399664147775	0.5568181818181818	11.0	0.011267024348646744	
1.0970553932889419e9	4.51192904257257e8	6.458624890316846e8	0.0	50.0	0.0	0.24489795918367346	0.26364399664147775	0.5833333333333334	14.0	0.021313018640605856	
1.1228979461984441e9	4.7097392771316934e8	6.519240184852749e8	0.0	50.0	0.0	0.24489795918367346	0.26364399664147775	0.5568181818181818	11.0	0.020551908725944673	
1.1427356485355241e9	5.0028721445358694e8	6.424484340819371e8	0.0	50.0	0.0	0.24489795918367346	0.26364399664147775	0.48514851485148514	6.0	0.0029931417011248938	
1.095884350027223e9	4.5243038380717456e8	6.434539662200484e8	0.0	50.0	0.0	0.24489795918367346	0.26364399664147775	0.5833333333333334	14.0	0.026230111810616408	
1.0995559971081266e9	4.557600614129685e8	6.437959356951582e8	0.0	50.0	0.0	0.24489795918367346	0.26364399664147775	0.5568181818181818	13.0	0.02126427081025759	
1.1087218755166523e9	4.624052207723296e8	6.463166547443229e8	0.0	50.0	0.0	0.24489795918367346	0.26364399664147775	0.5697674418604651	12.0	0.015032290107578391	
1.1372572210678558e9	4.994521725884777e8	6.378050484793782e8	0.0	50.0	0.0	0.24489795918367346	0.26364399664147775	0.4803921568627451	6.0	0.0033654961939926595	
1.1026088322285776e9	4.552679060247412e8	6.473409262038364e8	0.0	50.0	0.0	0.24489795918367346	0.26364399664147775	0.5632183908045977	13.0	0.016985732905888725	
1.082333410217773e9	4.4160360638080466e8	6.407298038369682e8	0.0	50.0	0.0	0.24489795918367346	0.26364399664147775	0.5975609756097561	16.0	0.021062901425048474	
1.1249216663949943e9	4.7572434126537955e8	6.491973251296147e8	0.0	50.0	0.0	0.24489795918367346	0.26364399664147775	0.5157894736842106	9.0	0.00737160422461267	
1.0965464373127432e9	4.528289270918739e8	6.437175102208693e8	0.0	50.0	0.0	0.24489795918367346	0.26364399664147775	0.5697674418604651	13.0	0.018413483866798065	
1.0653436054864137e9	4.303906520236114e8	6.349529534628024e8	0.0	50.0	0.0	0.24489795918367346	0.26364399664147775	0.6282051282051282	20.0	0.041011633607884956	
1.1410035157629917e9	4.82205086133942e8	6.587984296290497e8	0.0	50.0	0.0	0.24489795918367346	0.23417541867726369	0.5384615384615384	9.0	0.009140457767012174	
1.1066586899085805e9	4.596263030328295e8	6.47032386875751e8	0.0	50.0	0.0	0.24489795918367346	0.23417541867726369	0.5697674418604651	13.0	0.02391938347371787	
1.089102921790801e9	4.4639413164811075e8	6.4270879014269e8	0.0	50.0	0.0	0.24489795918367346	0.23417541867726369	0.5833333333333334	15.0	0.022183507269584353	
1.0901210709250097e9	4.4744659286434096e8	6.426744780606687e8	0.0	50.0	0.0	0.24489795918367346	0.23417541867726369	0.5764705882352941	15.0	0.02805051870167905	
1.101876204758648e9	4.561700804899566e8	6.457061242686913e8	0.0	50.0	0.0	0.24489795918367346	0.23417541867726369	0.5833333333333334	14.0	0.02725298207262534	
1.1369623782150223e9	4.802001090755376e8	6.567622691394849e8	0.0	50.0	0.0	0.24489795918367346	0.23417541867726369	0.532608695652174	9.0	0.008538342759827407	
1.0819668646847677e9	4.430783221626537e8	6.388885425221139e8	0.0	50.0	0.0	0.24489795918367346	0.23417541867726369	0.5697674418604651	15.0	0.02100709648337863	
1.1155285997876983e9	4.6284418054973125e8	6.526844192379669e8	0.0	50.0	0.0	0.24489795918367346	0.23417541867726369	0.5632183908045977	12.0	0.020499043435144228	
1.1117782960555186e9	4.606353160978138e8	6.511429799577053e8	0.0	50.0	0.0	0.24489795918367346	0.23417541867726369	0.5568181818181818	12.0	0.01524788800231872	
1.0957704906984282e9	4.521030814643615e8	6.436674092340666e8	0.0	50.0	0.0	0.24489795918367346	0.23417541867726369	0.5697674418604651	14.0	0.023099113377291015	
1.0682168580147736e9	4.333779736381079e8	6.348388843766657e8	0.0	50.0	0.0	0.24489795918367346	0.23417541867726369	0.5975609756097561	17.0	0.02669546585091614	
1.134500422249334e9	4.948566274767815e8	6.396437947725525e8	0.0	50.0	0.0	0.24489795918367346	0.23417541867726369	0.4803921568627451	7.0	0.008480202135675786	
1.0808432116324432e9	4.409159904641404e8	6.399272211683027e8	0.0	50.0	0.0	0.24489795918367346	0.23417541867726369	0.5975609756097561	16.0	0.02476541020191678	
1.1289861579076908e9	4.7232762770847625e8	6.566585301992145e8	0.0	50.0	0.0	0.24489795918367346	0.23417541867726369	0.5444444444444444	10.0	0.008459306162584345	
1.1387082455733795e9	4.804091501558234e8	6.582990954175563e8	0.0	50.0	0.0	0.24489795918367346	0.23417541867726369	0.5384615384615384	9.0	0.00608718028080499	
1.1111676489569168e9	4.6100169548811644e8	6.501659534688003e8	0.0	50.0	0.0	0.24489795918367346	0.23417541867726369	0.5697674418604651	12.0	0.01762713237852614	
1.10543496794792e9	4.61548828702914e8	6.438861392450061e8	0.0	50.0	0.0	0.24489795918367346	0.23417541867726369	0.5212765957446809	11.0	0.014862314922614348	
1.131106676479257e9	4.760692799234805e8	6.550373965557766e8	0.0	50.0	0.0	0.24489795918367346	0.23417541867726369	0.550561797752809	11.0	0.02208228281192155	
1.1077423485451694e9	4.562931018746145e8	6.514492466705548e8	0.0	50.0	0.0	0.24489795918367346	0.23417541867726369	0.5764705882352941	13.0	0.014882899859114758	
1.0920933503787758e9	4.488971823483863e8	6.431961680303894e8	0.0	50.0	0.0	0.24489795918367346	0.23417541867726369	0.5833333333333334	14.0	0.02116051933301695	
1.1368030696812668e9	4.831132382759484e8	6.536898314053184e8	0.0	50.0	0.0	0.24489795918367346	0.23417541867726369	0.5444444444444444	9.0	0.010967762608248378	
1.0941624092648637e9	4.486090299898823e8	6.455533792749815e8	0.0	50.0	0.0	0.24489795918367346	0.23417541867726369	0.5903614457831325	15.0	0.030155062290014384	
1.107566887756228e9	4.572857053232268e8	6.50281182433001e8	0.0	50.0	0.0	0.24489795918367346	0.23417541867726369	0.5764705882352941	13.0	0.020114683808180787	
1.1569466815415063e9	5.319176527453685e8	6.250290287961378e8	0.0	49.0	1.0	0.24489795918367346	0.23417541867726369	0.4336283185840708	4.0	0.0021082372841955393	
1.1065990185600386e9	4.61715842522736e8	6.448831760373026e8	0.0	50.0	0.0	0.24489795918367346	0.23417541867726369	0.5568181818181818	12.0	0.018101749572999492	
1.1439951370544662e9	4.87068806264957e8	6.569263307895094e8	0.0	50.0	0.0	0.24489795918367346	0.23417541867726369	0.5212765957446809	8.0	0.0063181125101139275	
1.113518135872181e9	4.62259195814607e8	6.512589400575738e8	0.0	50.0	0.0	0.24489795918367346	0.23417541867726369	0.5632183908045977	12.0	0.015015677610009699	
1.1470519380540063e9	5.011352436169375e8	6.459166944370692e8	0.0	50.0	0.0	0.24489795918367346	0.23417541867726369	0.47115384615384615	6.0	0.0030926060900550697	
1.0685048317652711e9	4.3283883532198715e8	6.356659964432839e8	0.0	50.0	0.0	0.24489795918367346	0.23417541867726369	0.6049382716049383	18.0	0.03598528745913399	
1.1431521629141073e9	4.870747625992302e8	6.560774003148772e8	0.0	50.0	0.0	0.24489795918367346	0.23417541867726369	0.5157894736842106	8.0	0.004957868525269169	
1.1047068347775955e9	4.5629688981753993e8	6.484099449600557e8	0.0	50.0	0.0	0.24489795918367346	0.23417541867726369	0.5697674418604651	13.0	0.016920764045350877	
1.138366904346438e9	4.817840379534107e8	6.565828663930272e8	0.0	50.0	0.0	0.24489795918367346	0.23417541867726369	0.5444444444444444	9.0	0.00919377714229093	
1.0959934611154895e9	4.501119666488341e8	6.458814944666553e8	0.0	50.0	0.0	0.24489795918367346	0.23417541867726369	0.5764705882352941	14.0	0.0222684686324506	
1.0960286677235928e9	4.499654116832482e8	6.460632560403442e8	0.0	50.0	0.0	0.24489795918367346	0.23417541867726369	0.5764705882352941	14.0	0.018513965300916636	
1.1547261871643057e9	4.9609151449279195e8	6.586346726715137e8	0.0	50.0	0.0	0.24489795918367346	0.23417541867726369	0.5157894736842106	7.0	0.0035790075866212936	
1.1194412098611903e9	4.699089079830136e8	6.495323018781768e8	0.0	50.0	0.0	0.24489795918367346	0.23417541867726369	0.5384615384615384	10.0	0.009411240830749424	
1.0726066807808769e9	4.38289366375926e8	6.34317314404951e8	0.0	50.0	0.0	0.24489795918367346	0.23417541867726369	0.5903614457831325	16.0	0.02749058970823512	
1.1007086728045104e9	4.5855907725860405e8	6.421495955459063e8	0.0	50.0	0.0	0.24489795918367346	0.23417541867726369	0.5444444444444444	12.0	0.01364083323624291	
1.1076962955401812e9	4.5971333149437445e8	6.479829640458064e8	0.0	50.0	0.0	0.24489795918367346	0.23417541867726369	0.5632183908045977	12.0	0.010997456112547125	
1.097275863345869e9	4.5090310154197526e8	6.463727618038943e8	0.0	50.0	0.0	0.24489795918367346	0.23417541867726369	0.5833333333333334	14.0	0.02536292326069333	
1.0838251697173166e9	4.4520171762722385e8	6.386234520900927e8	0.0	50.0	0.0	0.24489795918367346	0.23417541867726369	0.5697674418604651	14.0	0.02220059452404774	
1.1515196928792834e9	4.943394464896834e8	6.571802463896e8	0.0	50.0	0.0	0.24489795918367346	0.23417541867726369	0.5	7.0	0.00317546877274029	
1.1108772574171975e9	4.625104609668709e8	6.483667964503267e8	0.0	50.0	0.0	0.24489795918367346	0.23417541867726369	0.5632183908045977	12.0	0.010231975247805433	
1.079304702327292e9	4.418886139302579e8	6.37416088397034e8	0.0	50.0	0.0	0.24489795918367346	0.23417541867726369	0.5903614457831325	15.0	0.030542585558648593	
1.098459594670645e9	4.536250186733476e8	6.448345759972975e8	0.0	50.0	0.0	0.24489795918367346	0.23417541867726369	0.5697674418604651	13.0	0.01693639159300204	
1.0931858648435225e9	4.485024702133456e8	6.446833946301769e8	0.0	50.0	0.0	0.24489795918367346	0.23417541867726369	0.5903614457831325	15.0	0.02736180246947949	
1.0906798344231172e9	4.4734604911460805e8	6.433337853085091e8	0.0	50.0	0.0	0.24489795918367346	0.23417541867726369	0.5764705882352941	14.0	0.01988381546300008	
1.1047808647398102e9	4.5960358849202394e8	6.451772762477863e8	0.0	50.0	0.0	0.24489795918367346	0.23417541867726369	0.5632183908045977	12.0	0.012767773712874655	
1.1086422647506654e9	4.599308269676428e8	6.487114377830226e8	0.0	50.0	0.0	0.24489795918367346	0.23417541867726369	0.5568181818181818	12.0	0.014358420233813153	
1.108148558642274e9	4.593965573008364e8	6.487520013414376e8	0.0	50.0	0.0	0.24489795918367346	0.23417541867726369	0.5632183908045977	12.0	0.011889085544204704	
1.1349784732644382e9	4.860996024798418e8	6.488788707845961e8	0.0	50.0	0.0	0.24489795918367346	0.24422535211267607	0.5157894736842106	8.0	0.005924068015287567	
1.0883391368016515e9	4.4859955591275215e8	6.397395808888993e8	0.0	50.0	0.0	0.24489795918367346	0.24422535211267607	0.5833333333333334	15.0	0.027672301248512415	
1.0996872494877148e9	4.532303046301738e8	6.464569448575407e8	0.0	50.0	0.0	0.24489795918367346	0.24422535211267607	0.5764705882352941	14.0	0.017227220027470562	
1.126186297601827e9	4.7845983141501325e8	6.477264661868136e8	0.0	50.0	0.0	0.24489795918367346	0.24422535211267607	0.532608695652174	9.0	0.008463364497685833	
1.1166546664228263e9	4.6342609733873487e8	6.532285690840913e8	0.0	50.0	0.0	0.24489795918367346	0.24422535211267607	0.5632183908045977	12.0	0.01989587993099075	
1.0849950242221866e9	4.424829900065478e8	6.425120342156386e8	0.0	50.0	0.0	0.24489795918367346	0.24422535211267607	0.5903614457831325	16.0	0.026485733219377767	
1.1115115855045402e9	4.618087749666326e8	6.497028105379076e8	0.0	50.0	0.0	0.24489795918367346	0.24422535211267607	0.5568181818181818	12.0	0.01762509346501183	
1.0983750702751946e9	4.521648389596379e8	6.46210231315557e8	0.0	50.0	0.0	0.24489795918367346	0.24422535211267607	0.5833333333333334	14.0	0.025114178702902234	
1.1025233993989816e9	4.568335534866118e8	6.456898459123697e8	0.0	50.0	0.0	0.24489795918367346	0.24422535211267607	0.5764705882352941	13.0	0.020454610361078384	
1.1385294079304535e9	4.824673337691751e8	6.560620741612785e8	0.0	50.0	0.0	0.24489795918367346	0.24422535211267607	0.5384615384615384	9.0	0.0074842028753765244	
1.1401074362719855e9	4.85639577533933e8	6.544678587380524e8	0.0	50.0	0.0	0.24489795918367346	0.24422535211267607	0.5157894736842106	8.0	0.007246629328059728	
1.1358536824763596e9	4.860014881371796e8	6.498521943391802e8	0.0	50.0	0.0	0.24489795918367346	0.24422535211267607	0.5051546391752577	8.0	0.0035298420715087378	
1.1051129150330162e9	4.580160494960202e8	6.470968655369958e8	0.0	50.0	0.0	0.24489795918367346	0.24422535211267607	0.5697674418604651	13.0	0.01869245834275868	
1.1300395003576884e9	4.7375800062963796e8	6.562814997280502e8	0.0	50.0	0.0	0.24489795918367346	0.24422535211267607	0.550561797752809	10.0	0.010845202033084795	
1.1394561389175086e9	4.9197178622775424e8	6.474843526897541e8	0.0	50.0	0.0	0.24489795918367346	0.24422535211267607	0.5	7.0	0.0037232490676368224	
1.0960017124469662e9	4.496284553527253e8	6.463732570942408e8	0.0	50.0	0.0	0.24489795918367346	0.24422535211267607	0.5833333333333334	14.0	0.024401358015736622	
1.1186352615705192e9	4.6454382761781937e8	6.540914339526999e8	0.0	50.0	0.0	0.24489795918367346	0.24422535211267607	0.5632183908045977	12.0	0.019518427773731646	
1.1486796964878945e9	4.944776556005432e8	6.542020408873516e8	0.0	50.0	0.0	0.24489795918367346	0.24422535211267607	0.494949494949495	7.0	0.003547301857250837	
1.0946882766274834e9	4.4748961204143196e8	6.471986645860515e8	0.0	50.0	0.0	0.24489795918367346	0.24422535211267607	0.5903614457831325	15.0	0.01594310904241398	
1.0859569576684365e9	4.4424310998344344e8	6.417138476849931e8	0.0	50.0	0.0	0.24489795918367346	0.24422535211267607	0.5975609756097561	16.0	0.027617002656801184	
1.1431211220570126e9	4.941502544197086e8	6.489708676373038e8	0.0	50.0	0.0	0.24489795918367346	0.24422535211267607	0.49	7.0	0.00371174340765438	
1.1178421378066378e9	4.63027052781554e8	6.548150850250838e8	0.0	50.0	0.0	0.24489795918367346	0.24422535211267607	0.5697674418604651	12.0	0.016554225516130925	
1.1564873028343072e9	4.97193086917466e8	6.59294215916841e8	0.0	50.0	0.0	0.24489795918367346	0.24422535211267607	0.5104166666666666	7.0	0.0035035534360264246	
1.116299825129859e9	4.6651902919064057e8	6.497807959392182e8	0.0	50.0	0.0	0.24489795918367346	0.24422535211267607	0.5444444444444444	11.0	0.013658295198356875	
1.0709690911242914e9	4.330789696954056e8	6.378901214288857e8	0.0	50.0	0.0	0.24489795918367346	0.24422535211267607	0.620253164556962	19.0	0.04578981698129356	
1.1284817336018617e9	4.7241395480494815e8	6.560677787969136e8	0.0	50.0	0.0	0.24489795918367346	0.24422535211267607	0.5444444444444444	10.0	0.008961104652683703	
1.1157466556118217e9	4.622658581292932e8	6.534807974825282e8	0.0	50.0	0.0	0.24489795918367346	0.24422535211267607	0.5697674418604651	12.0	0.014263073787077987	
1.128327378633759e9	4.710496089058267e8	6.572777697279321e8	0.0	50.0	0.0	0.24489795918367346	0.24422535211267607	0.5632183908045977	11.0	0.011402970233757982	
1.1464702917519524e9	4.9449149445679224e8	6.5197879729516e8	0.0	50.0	0.0	0.24489795918367346	0.24422535211267607	0.5157894736842106	7.0	0.002958983571228469	
1.1165783939032125e9	4.62681961481163e8	6.538964324220495e8	0.0	50.0	0.0	0.24489795918367346	0.24422535211267607	0.5568181818181818	12.0	0.01088931363791308	
1.1311908508078454e9	4.7267901101534516e8	6.585118397925e8	0.0	50.0	0.0	0.24489795918367346	0.24422535211267607	0.5632183908045977	11.0	0.011550546167796993	
1.0922059387412817e9	4.481615161014848e8	6.44044422639797e8	0.0	50.0	0.0	0.24489795918367346	0.24422535211267607	0.5833333333333334	15.0	0.02707117903159626	
1.0635916991314857e9	4.293648011690262e8	6.342268979624596e8	0.0	50.0	0.0	0.24489795918367346	0.24422535211267607	0.6282051282051282	20.0	0.03915881096429841	
1.0995861695594757e9	4.53810513785329e8	6.457756557741467e8	0.0	50.0	0.0	0.24489795918367346	0.24422535211267607	0.5632183908045977	13.0	0.01821657084758065	
1.1206680680988402e9	4.663007755486394e8	6.54367292550201e8	0.0	50.0	0.0	0.24489795918367346	0.24422535211267607	0.5632183908045977	11.0	0.013565187004732178	
1.128139876575103e9	4.7869535424746203e8	6.494445223276411e8	0.0	50.0	0.0	0.24489795918367346	0.24422535211267607	0.5212765957446809	9.0	0.007651022289627731	
1.0906585243946965e9	4.4705796636819285e8	6.436005580265038e8	0.0	50.0	0.0	0.24489795918367346	0.24422535211267607	0.5833333333333334	15.0	0.021347086259495822	
1.100475676969924e9	4.536968835553752e8	6.467787934145489e8	0.0	50.0	0.0	0.24489795918367346	0.24422535211267607	0.5833333333333334	14.0	0.022384269608730047	
1.114668966529641e9	4.6719345947586125e8	6.474755070537796e8	0.0	50.0	0.0	0.24489795918367346	0.24422535211267607	0.5568181818181818	11.0	0.012374519306499496	
1.0910365873122263e9	4.4735722780236053e8	6.436793595098656e8	0.0	50.0	0.0	0.24489795918367346	0.24422535211267607	0.5833333333333334	15.0	0.02289203891060026	
1.1123504828921795e9	4.613788962840464e8	6.509715866081333e8	0.0	50.0	0.0	0.24489795918367346	0.24422535211267607	0.5697674418604651	12.0	0.017030973958690694	
1.1251306538085294e9	4.703127293833431e8	6.548179244251864e8	0.0	50.0	0.0	0.24489795918367346	0.24422535211267607	0.5568181818181818	11.0	0.01269274740152309	
1.1433090412119045e9	4.7923306147995055e8	6.640759797319539e8	0.0	50.0	0.0	0.24489795918367346	0.24422535211267607	0.5568181818181818	10.0	0.01384620108521801	
1.1152020296612973e9	4.6605653411961734e8	6.491454955416799e8	0.0	50.0	0.0	0.24489795918367346	0.24422535211267607	0.5444444444444444	11.0	0.01238375570008223	
1.0984618486723924e9	4.518026223933808e8	6.466592262790115e8	0.0	50.0	0.0	0.24489795918367346	0.24422535211267607	0.5764705882352941	14.0	0.02059976506383874	
1.0726107797271286e9	4.3449447425410336e8	6.381163054730251e8	0.0	50.0	0.0	0.24489795918367346	0.24422535211267607	0.620253164556962	19.0	0.043352013763014945	
1.1222642177813213e9	4.699780189279064e8	6.52286198853415e8	0.0	50.0	0.0	0.24489795918367346	0.24422535211267607	0.550561797752809	11.0	0.015722876644685586	
1.1256755117922995e9	4.6808481794578075e8	6.575906938465188e8	0.0	50.0	0.0	0.24489795918367346	0.24422535211267607	0.5632183908045977	11.0	0.011634301111097266	
1.080996557022013e9	4.433226658919728e8	6.376738911300399e8	0.0	50.0	0.0	0.24489795918367346	0.24422535211267607	0.5833333333333334	16.0	0.029730681529930157	
1.119407209169538e9	4.676335069443534e8	6.517737022251847e8	0.0	50.0	0.0	0.24489795918367346	0.24422535211267607	0.5444444444444444	11.0	0.010221752641059071	
nothing