1.1317677526733356e9	5.419504181004632e8	5.898173345728725e8	19.0	30.0	1.0	0.12244897959183673	0.13669950738916256	0.4224137931034483	5.0	0.013944561078019726	
1.056338770753154e9	4.955125865968466e8	5.608261841563075e8	14.0	36.0	0.0	0.12244897959183673	0.13669950738916256	0.44144144144144143	7.0	0.026277464504505327	
1.089019892862748e9	5.0581081657582676e8	5.832090762869213e8	10.0	40.0	0.0	0.12244897959183673	0.13669950738916256	0.44954128440366975	7.0	0.04457053015972636	
1.10140405317094e9	5.2631847525746703e8	5.750855779134731e8	17.0	32.0	1.0	0.12244897959183673	0.13669950738916256	0.4298245614035088	6.0	0.023336480414666953	
1.1559238272344007e9	5.729985750509703e8	5.829252521834304e8	27.0	22.0	1.0	0.12244897959183673	0.13669950738916256	0.3798449612403101	4.0	0.004106003753112596	
1.1403738650328057e9	5.529785344289849e8	5.87395330603821e8	22.0	27.0	1.0	0.12244897959183673	0.13669950738916256	0.3951612903225806	4.0	0.010368652188603854	
1.0590507602817947e9	4.8298755165041363e8	5.76063208631381e8	8.0	42.0	0.0	0.12244897959183673	0.13669950738916256	0.48514851485148514	9.0	0.06315560609644032	
1.077334448586158e9	4.908407235462281e8	5.864937250399299e8	10.0	40.0	0.0	0.12244897959183673	0.13669950738916256	0.47115384615384615	7.0	0.037911304277666626	
1.0724550461501113e9	4.951153931558045e8	5.773396529943068e8	9.0	41.0	0.0	0.12244897959183673	0.13669950738916256	0.4375	7.0	0.028409076817150575	
1.0775148572726264e9	5.0013005497040224e8	5.773848023022242e8	12.0	38.0	0.0	0.12244897959183673	0.13669950738916256	0.4336283185840708	6.0	0.029971827230599164	
1.0854604651106298e9	5.0904575202502966e8	5.764147130856e8	16.0	34.0	0.0	0.12244897959183673	0.13669950738916256	0.4375	6.0	0.021386934745778283	
1.0957152163545158e9	5.1566196272274053e8	5.800532536317751e8	14.0	35.0	1.0	0.12244897959183673	0.13669950738916256	0.4375	6.0	0.024476168432487806	
1.0741422683512068e9	5.053186247321545e8	5.68823643619052e8	16.0	34.0	0.0	0.12244897959183673	0.13669950738916256	0.4224137931034483	6.0	0.022308285336615084	
1.161699162220582e9	5.760514122602352e8	5.856477499603467e8	27.0	22.0	1.0	0.12244897959183673	0.13669950738916256	0.3888888888888889	4.0	0.009541842198260026	
1.0945508613471036e9	5.2634107833798313e8	5.682097830091206e8	22.0	27.0	1.0	0.12244897959183673	0.13669950738916256	0.4117647058823529	6.0	0.02363603894216139	
1.1068260755772347e9	5.2473516738186884e8	5.820909081953659e8	12.0	37.0	1.0	0.12244897959183673	0.13669950738916256	0.4375	6.0	0.03075139767540412	
1.0570264006241024e9	4.8738031414631414e8	5.696460864777881e8	11.0	39.0	0.0	0.12244897959183673	0.13669950738916256	0.44144144144144143	8.0	0.05186381551177469	
1.0903297351939747e9	5.0834696947618055e8	5.819827657177941e8	13.0	37.0	0.0	0.12244897959183673	0.13669950738916256	0.44954128440366975	7.0	0.04628558421925768	
1.158957722146293e9	5.750834573345323e8	5.838742648117607e8	26.0	23.0	1.0	0.12244897959183673	0.13669950738916256	0.392	4.0	0.0091470094531319	
1.1026599908917527e9	5.2662403917820585e8	5.760359517135466e8	20.0	29.0	1.0	0.12244897959183673	0.13669950738916256	0.4152542372881356	6.0	0.020757624590868416	
1.1537727813855197e9	5.5150590353474e8	6.0226687785078e8	19.0	30.0	1.0	0.12244897959183673	0.13669950738916256	0.4188034188034188	4.0	0.014524728662752295	
1.1069789967814205e9	5.341052712142739e8	5.728737255671465e8	23.0	26.0	1.0	0.12244897959183673	0.13669950738916256	0.4224137931034483	6.0	0.029449492853091133	
1.0756153369471924e9	5.079123647866926e8	5.677029721604998e8	18.0	32.0	0.0	0.12244897959183673	0.13669950738916256	0.44954128440366975	8.0	0.037071744070267164	
1.0945824216284842e9	5.079678779729086e8	5.866145436555755e8	11.0	39.0	0.0	0.12244897959183673	0.13669950738916256	0.44144144144144143	6.0	0.021743867738989474	
1.0536765175231003e9	4.774833275366585e8	5.761931899864417e8	10.0	40.0	0.0	0.12244897959183673	0.13669950738916256	0.47572815533980584	9.0	0.061396227618703454	
1.0703189058455994e9	4.949030026576037e8	5.754159031879957e8	13.0	37.0	0.0	0.12244897959183673	0.13669950738916256	0.44144144144144143	7.0	0.03345123948037483	
1.167220473055213e9	5.711835761292028e8	5.960368969260103e8	25.0	24.0	1.0	0.12244897959183673	0.13669950738916256	0.392	4.0	0.004197329660765034	
1.181591111360393e9	5.947798941795532e8	5.868112171808398e8	28.0	21.0	1.0	0.12244897959183673	0.13669950738916256	0.3798449612403101	4.0	0.008865803384466114	
1.0869999777515135e9	5.0788825566179526e8	5.791117220897181e8	12.0	38.0	0.0	0.12244897959183673	0.13669950738916256	0.44545454545454544	7.0	0.03881174318249149	
1.1055668666949744e9	5.281333650327835e8	5.774335016621907e8	19.0	30.0	1.0	0.12244897959183673	0.13669950738916256	0.4298245614035088	6.0	0.03321862365565372	
1.0914508808044763e9	5.04396581783902e8	5.870542990205745e8	11.0	39.0	0.0	0.12244897959183673	0.13669950738916256	0.44545454545454544	6.0	0.03234887514224249	
1.1234526201293745e9	5.344023918051434e8	5.890502283242314e8	18.0	31.0	1.0	0.12244897959183673	0.13669950738916256	0.4188034188034188	5.0	0.018761135406543568	
1.201464655593772e9	5.858166266170212e8	6.156480289767509e8	21.0	28.0	1.0	0.12244897959183673	0.13669950738916256	0.4049586776859504	3.0	0.006963473034901606	
1.217031726093164e9	6.147986013495767e8	6.02233124743587e8	29.0	20.0	1.0	0.12244897959183673	0.13669950738916256	0.3798449612403101	3.0	0.0036243848743848744	
1.1080387600380363e9	5.337821889082561e8	5.7425657112978e8	22.0	27.0	1.0	0.12244897959183673	0.13669950738916256	0.4152542372881356	5.0	0.015853956399516724	
1.0680722510647012e9	4.7871010071014106e8	5.893621503545603e8	5.0	45.0	0.0	0.12244897959183673	0.13669950738916256	0.49	9.0	0.07440009850746514	
1.090913981588419e9	5.1208968550618726e8	5.788242960822318e8	19.0	30.0	1.0	0.12244897959183673	0.13669950738916256	0.4298245614035088	6.0	0.03406579248415983	
1.0566291672393967e9	4.7302401190796095e8	5.836051553314358e8	6.0	44.0	0.0	0.12244897959183673	0.13669950738916256	0.4803921568627451	8.0	0.05452075520751676	
1.048448348867073e9	4.8198782256530106e8	5.664605263017721e8	12.0	38.0	0.0	0.12244897959183673	0.13669950738916256	0.46226415094339623	8.0	0.05440780787518168	
1.1485576367212317e9	5.600105691114987e8	5.885470676097329e8	24.0	25.0	1.0	0.12244897959183673	0.13669950738916256	0.4049586776859504	4.0	0.012526305024291057	
1.1162278636973815e9	5.2311154619493777e8	5.931163175024438e8	12.0	37.0	1.0	0.12244897959183673	0.13669950738916256	0.4375	5.0	0.01742283840498126	
1.0729409418901356e9	4.977069623100688e8	5.752339795800669e8	13.0	37.0	0.0	0.12244897959183673	0.13669950738916256	0.46226415094339623	8.0	0.05728037389736279	
1.1421183804845276e9	5.760704283017383e8	5.660479521827893e8	30.0	19.0	1.0	0.12244897959183673	0.13669950738916256	0.3798449612403101	5.0	0.013048001695960878	
1.089662525853777e9	5.118134601064129e8	5.77849065747364e8	15.0	35.0	0.0	0.12244897959183673	0.13669950738916256	0.4336283185840708	6.0	0.03379141462295777	
1.1127227097113442e9	5.3426263658657855e8	5.784600731247659e8	20.0	29.0	1.0	0.12244897959183673	0.13669950738916256	0.4117647058823529	5.0	0.01860852794750038	
1.0699731003028889e9	4.9467358953893346e8	5.752995107639554e8	13.0	37.0	0.0	0.12244897959183673	0.13669950738916256	0.45794392523364486	7.0	0.0299829977593583	
1.0469275308160167e9	4.956838659515954e8	5.512436648644212e8	19.0	31.0	0.0	0.12244897959183673	0.13669950738916256	0.4260869565217391	9.0	0.03488143800643801	
1.097693173322009e9	5.21422228562925e8	5.76270944759084e8	18.0	31.0	1.0	0.12244897959183673	0.13669950738916256	0.4260869565217391	6.0	0.028647465253713013	
1.0877232217123463e9	5.159117016241941e8	5.718115200881524e8	18.0	31.0	1.0	0.12244897959183673	0.13669950738916256	0.4188034188034188	6.0	0.01862271279363116	
1.1537740660143695e9	5.608925078524997e8	5.928815581618698e8	21.0	28.0	1.0	0.12244897959183673	0.13669950738916256	0.4117647058823529	4.0	0.009012120721304393	
1.0693820200500691e9	4.897694688084835e8	5.796125512415854e8	7.0	43.0	0.0	0.12244897959183673	0.14074074074074075	0.47572815533980584	8.0	0.0489376531637186	
1.1234530202568846e9	5.38792200737852e8	5.846608195190325e8	18.0	31.0	1.0	0.12244897959183673	0.14074074074074075	0.4188034188034188	5.0	0.013341866328060807	
1.2080240606789737e9	6.033661174335438e8	6.0465794324543e8	26.0	23.0	1.0	0.12244897959183673	0.14074074074074075	0.3858267716535433	3.0	0.006747044055717524	
1.0937668762277782e9	5.02126621348922e8	5.916402548788562e8	10.0	40.0	0.0	0.12244897959183673	0.14074074074074075	0.44144144144144143	6.0	0.028434777590689946	
1.0599684982257617e9	4.850166670044775e8	5.749518312212843e8	10.0	40.0	0.0	0.12244897959183673	0.14074074074074075	0.46226415094339623	8.0	0.05180264566143918	
1.107598580275994e9	5.130636909349923e8	5.945348893410017e8	11.0	38.0	1.0	0.12244897959183673	0.14074074074074075	0.4336283185840708	5.0	0.012977830923134046	
1.0431106438994851e9	4.7221768147680795e8	5.70892962422677e8	7.0	43.0	0.0	0.12244897959183673	0.14074074074074075	0.4666666666666667	9.0	0.045526300346978604	
1.0760847150078077e9	4.961237657424712e8	5.799609492653366e8	13.0	37.0	0.0	0.12244897959183673	0.14074074074074075	0.4537037037037037	7.0	0.0284191869388448	
1.1225133758025706e9	5.323565491581782e8	5.901568266443923e8	18.0	31.0	1.0	0.12244897959183673	0.14074074074074075	0.4260869565217391	5.0	0.010682397959183671	
1.0807849443545525e9	5.0516193206797665e8	5.75623012286576e8	12.0	38.0	0.0	0.12244897959183673	0.14074074074074075	0.44545454545454544	7.0	0.03386544282215051	
1.0782603348487897e9	4.9524994086461306e8	5.830103939841764e8	11.0	39.0	0.0	0.12244897959183673	0.14074074074074075	0.46226415094339623	8.0	0.05342484306132265	
1.138144822847259e9	5.536627903668286e8	5.844820324804304e8	22.0	27.0	1.0	0.12244897959183673	0.14074074074074075	0.4083333333333333	5.0	0.01977712892516314	
1.0746359051809301e9	4.955322637146737e8	5.791036414662563e8	10.0	40.0	0.0	0.12244897959183673	0.14074074074074075	0.4537037037037037	7.0	0.035431558084994444	
1.076406803071103e9	4.811042493316332e8	5.953025537394699e8	4.0	46.0	0.0	0.12244897959183673	0.14074074074074075	0.4803921568627451	8.0	0.0534491781922004	
1.1203955734778419e9	5.213097211033919e8	5.9908585237445e8	12.0	37.0	1.0	0.12244897959183673	0.14074074074074075	0.44144144144144143	5.0	0.017353166013880296	
1.0707644319635677e9	4.7728706847265553e8	5.934773634909122e8	7.0	43.0	0.0	0.12244897959183673	0.14074074074074075	0.4803921568627451	8.0	0.055956561015459566	
1.0942054495398455e9	5.096314243109756e8	5.845740252288697e8	11.0	39.0	0.0	0.12244897959183673	0.14074074074074075	0.44545454545454544	6.0	0.016072719672284505	
1.0409431501652162e9	4.6802020380947155e8	5.729229463557446e8	7.0	43.0	0.0	0.12244897959183673	0.14074074074074075	0.47572815533980584	10.0	0.06523044553319163	
1.1573204126059852e9	5.648577461750622e8	5.92462666430923e8	20.0	29.0	1.0	0.12244897959183673	0.14074074074074075	0.3983739837398374	4.0	0.010643506139829667	
1.1634038322109313e9	5.76593792155112e8	5.86810040055819e8	24.0	25.0	1.0	0.12244897959183673	0.14074074074074075	0.3769230769230769	4.0	0.004471371882086168	
1.1035653794242234e9	5.169380392356092e8	5.866273401886142e8	13.0	37.0	0.0	0.12244897959183673	0.14074074074074075	0.44545454545454544	6.0	0.03473000672130323	
1.0885432373738832e9	5.2376002262173676e8	5.647832147521465e8	18.0	32.0	0.0	0.12244897959183673	0.14074074074074075	0.44144144144144143	8.0	0.038813864290304874	
1.0612975092681724e9	4.869190583252734e8	5.74378450942899e8	9.0	41.0	0.0	0.12244897959183673	0.14074074074074075	0.4666666666666667	8.0	0.059000164820618	
1.131623137446566e9	5.473859078789821e8	5.842372295675842e8	19.0	30.0	1.0	0.12244897959183673	0.14074074074074075	0.4083333333333333	5.0	0.015264689930806374	
1.1711001730581312e9	5.934202994152858e8	5.776798736428456e8	28.0	21.0	1.0	0.12244897959183673	0.14074074074074075	0.3769230769230769	4.0	0.0063629826028535515	
1.1074687570869877e9	5.3190776104574627e8	5.755609960412415e8	21.0	28.0	1.0	0.12244897959183673	0.14074074074074075	0.4117647058823529	5.0	0.0206240667262576	
1.225381684818733e9	6.262148321972604e8	5.991668526214726e8	31.0	18.0	1.0	0.12244897959183673	0.14074074074074075	0.3656716417910448	3.0	0.0046937425763956386	
1.0766219904127507e9	4.99638528513031e8	5.769834618997197e8	11.0	39.0	0.0	0.12244897959183673	0.14074074074074075	0.4537037037037037	8.0	0.051976841421994484	
1.1102845699976058e9	5.265596297426617e8	5.837249402549438e8	17.0	32.0	1.0	0.12244897959183673	0.14074074074074075	0.4298245614035088	6.0	0.029219710972412046	
1.1193011906952348e9	5.478360846942847e8	5.7146510600095e8	21.0	28.0	1.0	0.12244897959183673	0.14074074074074075	0.4117647058823529	6.0	0.03682193656683453	
1.0651892166049588e9	4.9543112636675185e8	5.697580902382069e8	14.0	36.0	0.0	0.12244897959183673	0.14074074074074075	0.44144144144144143	7.0	0.02871734462183141	
1.0911714857545667e9	5.130095418067056e8	5.78161943947861e8	18.0	31.0	1.0	0.12244897959183673	0.14074074074074075	0.4298245614035088	6.0	0.029426354777120085	
1.1338052796066825e9	5.436315500982268e8	5.901737295084558e8	19.0	30.0	1.0	0.12244897959183673	0.14074074074074075	0.4188034188034188	5.0	0.024271198378341234	
1.175457778206309e9	5.865875826976917e8	5.888701955086173e8	25.0	24.0	1.0	0.12244897959183673	0.14074074074074075	0.3858267716535433	4.0	0.01657933194922991	
1.1258661491813345e9	5.2433676522369444e8	6.015293839576399e8	11.0	38.0	1.0	0.12244897959183673	0.14074074074074075	0.4375	5.0	0.018094353542282716	
1.1692724849836235e9	5.91046441454772e8	5.782260435288516e8	27.0	22.0	1.0	0.12244897959183673	0.14074074074074075	0.3888888888888889	5.0	0.010695895421660728	
1.0775906908416348e9	4.9992970306992507e8	5.776609877717096e8	12.0	38.0	0.0	0.12244897959183673	0.14074074074074075	0.46226415094339623	8.0	0.061600775772069294	
1.0851949610366688e9	5.208361897712182e8	5.643587712654505e8	17.0	32.0	1.0	0.12244897959183673	0.14074074074074075	0.4224137931034483	6.0	0.024362812404904236	
1.1652317494339345e9	5.879692782909157e8	5.772624711430188e8	28.0	21.0	1.0	0.12244897959183673	0.14074074074074075	0.3888888888888889	5.0	0.011270411844391433	
1.1384208367836168e9	5.6451765816523e8	5.739031786183867e8	27.0	22.0	1.0	0.12244897959183673	0.14074074074074075	0.392	5.0	0.017204709264658245	
1.1063267918217437e9	5.243508269171978e8	5.819759649045458e8	18.0	31.0	1.0	0.12244897959183673	0.14074074074074075	0.4375	6.0	0.029120836646346855	
1.1573680897404728e9	5.683182256673996e8	5.890498640730731e8	27.0	22.0	1.0	0.12244897959183673	0.14074074074074075	0.392	4.0	0.017217363135730485	
1.0729097146014926e9	4.954296116128014e8	5.774801029886913e8	12.0	38.0	0.0	0.12244897959183673	0.14074074074074075	0.44144144144144143	7.0	0.035693027210884354	
1.0978857919521074e9	5.1998191563576037e8	5.77903876316347e8	17.0	32.0	1.0	0.12244897959183673	0.14074074074074075	0.4224137931034483	6.0	0.027388974168310907	
1.1223258505437093e9	5.379864594851055e8	5.84339391058604e8	19.0	30.0	1.0	0.12244897959183673	0.14074074074074075	0.4117647058823529	5.0	0.018880470658681946	
1.1367736914212642e9	5.637543681235437e8	5.730193232977204e8	20.0	29.0	1.0	0.12244897959183673	0.14074074074074075	0.3858267716535433	5.0	0.017251099574028744	
1.1326948870683823e9	5.575077259315959e8	5.751871611367865e8	23.0	26.0	1.0	0.12244897959183673	0.14074074074074075	0.392	5.0	0.015215382689872485	
1.093902308978211e9	5.3055182211972827e8	5.633504868584827e8	18.0	31.0	1.0	0.12244897959183673	0.14074074074074075	0.4188034188034188	6.0	0.026682826810377827	
1.102109236780333e9	5.287133773332026e8	5.733958594471304e8	18.0	31.0	1.0	0.12244897959183673	0.14074074074074075	0.4224137931034483	6.0	0.03347208111238723	
1.0882078837498512e9	5.1738404551730216e8	5.708238382325492e8	18.0	32.0	0.0	0.12244897959183673	0.14074074074074075	0.4375	7.0	0.034114044246847365	
1.0828809101104388e9	5.052769792836337e8	5.776039308268054e8	13.0	37.0	0.0	0.12244897959183673	0.14510278113663846	0.4188034188034188	6.0	0.021193217042750814	
1.1478979854252439e9	5.480142582741334e8	5.998837271511103e8	17.0	32.0	1.0	0.12244897959183673	0.14510278113663846	0.4117647058823529	4.0	0.00872746592618162	
1.046391085740834e9	4.7161657809803176e8	5.747745076428024e8	9.0	41.0	0.0	0.12244897959183673	0.14510278113663846	0.47115384615384615	9.0	0.05963412329681684	
1.1663420409304972e9	5.734513278164995e8	5.928907131139976e8	23.0	26.0	1.0	0.12244897959183673	0.14510278113663846	0.3983739837398374	4.0	0.014631626876524834	
1.16563227567356e9	5.735709694567006e8	5.920613062168593e8	23.0	26.0	1.0	0.12244897959183673	0.14510278113663846	0.3951612903225806	4.0	0.010930582550480508	
1.104024450340916e9	5.238826041082435e8	5.801418462326723e8	16.0	33.0	1.0	0.12244897959183673	0.14510278113663846	0.4117647058823529	6.0	0.023822589447589443	
1.1301722373992329e9	5.541269253192742e8	5.760453120799587e8	22.0	27.0	1.0	0.12244897959183673	0.14510278113663846	0.4016393442622951	6.0	0.030893204962082504	
1.1473704468788042e9	5.645981539985819e8	5.827722928802223e8	24.0	25.0	1.0	0.12244897959183673	0.14510278113663846	0.3951612903225806	5.0	0.018404745292500396	
1.0913891624217608e9	5.0709722765544915e8	5.842919347663115e8	9.0	41.0	0.0	0.12244897959183673	0.14510278113663846	0.4537037037037037	7.0	0.035545029455127976	
1.0964406211203418e9	5.1646469078945655e8	5.799759303308853e8	13.0	36.0	1.0	0.12244897959183673	0.14510278113663846	0.44144144144144143	6.0	0.029817128732945057	
1.1601846504147873e9	5.654029238820105e8	5.947817265327771e8	18.0	31.0	1.0	0.12244897959183673	0.14510278113663846	0.3983739837398374	4.0	0.007832205131642147	
1.0505411416352015e9	4.635084320235925e8	5.87032709611609e8	5.0	45.0	0.0	0.12244897959183673	0.14510278113663846	0.5104166666666666	11.0	0.101708275963422	
1.0846186636890035e9	5.020800084935459e8	5.825386551954576e8	12.0	38.0	0.0	0.12244897959183673	0.14510278113663846	0.4537037037037037	7.0	0.0428696416961723	
1.0525275409641266e9	4.86828455121212e8	5.656990858429146e8	12.0	38.0	0.0	0.12244897959183673	0.14510278113663846	0.4537037037037037	8.0	0.042260522451848984	
1.085300944536102e9	5.0543099657437706e8	5.798699479617251e8	16.0	34.0	0.0	0.12244897959183673	0.14510278113663846	0.4336283185840708	6.0	0.019513623187092568	
1.0739919769520001e9	4.965481775919529e8	5.774437993600473e8	14.0	36.0	0.0	0.12244897959183673	0.14510278113663846	0.44545454545454544	7.0	0.027625591292683136	
1.1451290451193333e9	5.653283320862676e8	5.798007130330658e8	23.0	26.0	1.0	0.12244897959183673	0.14510278113663846	0.4049586776859504	5.0	0.02679451359298298	
1.0817888312193239e9	4.9660357000609297e8	5.851852612132308e8	11.0	39.0	0.0	0.12244897959183673	0.14510278113663846	0.44954128440366975	7.0	0.043227947411620886	
1.2878919748135169e9	6.808081614757152e8	6.070838133378022e8	35.0	14.0	1.0	0.12244897959183673	0.14510278113663846	0.3402777777777778	3.0	0.0013689801317352337	
1.147678288724153e9	5.618225834774878e8	5.858557052466654e8	20.0	29.0	1.0	0.12244897959183673	0.14510278113663846	0.4224137931034483	6.0	0.03641011010908971	
1.2420466215146582e9	6.35744894888177e8	6.063017266264812e8	31.0	18.0	1.0	0.12244897959183673	0.14510278113663846	0.3684210526315789	3.0	0.005825670927711744	
1.1055643609228487e9	5.311817445386006e8	5.74382616384248e8	22.0	27.0	1.0	0.12244897959183673	0.14510278113663846	0.4224137931034483	6.0	0.03005744120671988	
1.0552373921080759e9	4.8534064256467026e8	5.698967495434055e8	12.0	38.0	0.0	0.12244897959183673	0.14510278113663846	0.4666666666666667	8.0	0.059463876103566446	
1.0771852308606937e9	5.0494844442501265e8	5.722367864356809e8	14.0	36.0	0.0	0.12244897959183673	0.14510278113663846	0.4537037037037037	8.0	0.05716998990661904	
1.1346453122051358e9	5.524679735815179e8	5.821773386236179e8	22.0	27.0	1.0	0.12244897959183673	0.14510278113663846	0.3951612903225806	5.0	0.02348743188028903	
1.114140631384059e9	5.420661618107986e8	5.720744695732603e8	24.0	25.0	1.0	0.12244897959183673	0.14510278113663846	0.4049586776859504	5.0	0.014493875410043605	
1.1506812991543622e9	5.631099279661663e8	5.875713711881958e8	25.0	24.0	1.0	0.12244897959183673	0.14510278113663846	0.392	4.0	0.01464615048138975	
1.0943029337448208e9	5.20047384055855e8	5.742555496889658e8	18.0	31.0	1.0	0.12244897959183673	0.14510278113663846	0.4224137931034483	6.0	0.028494985886347603	
1.2018797704583411e9	5.848541346308899e8	6.17025635827451e8	20.0	29.0	1.0	0.12244897959183673	0.14510278113663846	0.4049586776859504	3.0	0.006542726217471114	
1.1506243825455418e9	5.518403712041831e8	5.987840113413585e8	14.0	35.0	1.0	0.12244897959183673	0.14510278113663846	0.4049586776859504	4.0	0.011747127117025075	
1.0751671482773879e9	5.030168771721469e8	5.721502711052411e8	18.0	32.0	0.0	0.12244897959183673	0.14510278113663846	0.44144144144144143	7.0	0.0388535076523289	
1.0916970199890747e9	5.159674153091462e8	5.757296046799284e8	16.0	33.0	1.0	0.12244897959183673	0.14510278113663846	0.4260869565217391	6.0	0.024217996024162462	
1.0767661421335297e9	4.8570136163608885e8	5.910647804974408e8	9.0	41.0	0.0	0.12244897959183673	0.14510278113663846	0.4803921568627451	8.0	0.05291051807127634	
1.1673206519744987e9	5.686963474478545e8	5.986243045266442e8	22.0	27.0	1.0	0.12244897959183673	0.14510278113663846	0.3983739837398374	4.0	0.010013730600465296	
1.1667640865551248e9	5.705642702621207e8	5.961998162930043e8	24.0	25.0	1.0	0.12244897959183673	0.14510278113663846	0.4049586776859504	4.0	0.006914040246640529	
1.0986898720541234e9	5.2704834325440764e8	5.716415287997156e8	20.0	29.0	1.0	0.12244897959183673	0.14510278113663846	0.4188034188034188	6.0	0.02456768005237393	
1.0806694521943047e9	4.975419765847537e8	5.83127475609551e8	11.0	39.0	0.0	0.12244897959183673	0.14510278113663846	0.45794392523364486	8.0	0.04156458974698771	
1.098264952171019e9	5.180251004928864e8	5.802398516781327e8	16.0	33.0	1.0	0.12244897959183673	0.14510278113663846	0.4298245614035088	6.0	0.032163819805445415	
1.082918752055339e9	4.997760054484935e8	5.831427466068457e8	12.0	38.0	0.0	0.12244897959183673	0.14510278113663846	0.44144144144144143	7.0	0.04190697064553504	
1.0689736763935723e9	4.91232087838766e8	5.777415885548064e8	12.0	38.0	0.0	0.12244897959183673	0.14510278113663846	0.4537037037037037	8.0	0.04872558186333697	
1.1600791134698026e9	5.743153981992166e8	5.857637152705863e8	25.0	24.0	1.0	0.12244897959183673	0.14510278113663846	0.3858267716535433	4.0	0.00655384038674855	
1.1039400186893578e9	5.299812986675335e8	5.739587200218242e8	17.0	32.0	1.0	0.12244897959183673	0.14510278113663846	0.4224137931034483	6.0	0.026892280527484606	
1.1307320135506067e9	5.427759437903732e8	5.879560697602334e8	18.0	31.0	1.0	0.12244897959183673	0.14510278113663846	0.4152542372881356	4.0	0.011531873266567143	
1.0925124965580187e9	5.374480328866156e8	5.550644636714032e8	24.0	26.0	0.0	0.12244897959183673	0.14510278113663846	0.4016393442622951	7.0	0.019311512624980254	
1.1089928312703254e9	5.427553279385041e8	5.662375033318214e8	24.0	25.0	1.0	0.12244897959183673	0.14510278113663846	0.4049586776859504	6.0	0.006631891367552873	
1.0586596691723906e9	4.851168133091e8	5.735428558632905e8	10.0	40.0	0.0	0.12244897959183673	0.14510278113663846	0.47572815533980584	8.0	0.03527734600218766	
1.112766763771391e9	5.333617233131345e8	5.794050404582562e8	18.0	31.0	1.0	0.12244897959183673	0.14510278113663846	0.4188034188034188	5.0	0.023909780508346655	
1.0502502000118104e9	4.9460992177079284e8	5.556402782410173e8	17.0	33.0	0.0	0.12244897959183673	0.14510278113663846	0.44144144144144143	8.0	0.04038183456396862	
1.0350506365294607e9	4.7286561769586694e8	5.621850188335938e8	11.0	39.0	0.0	0.12244897959183673	0.14510278113663846	0.4666666666666667	9.0	0.05408876365509018	
1.0950160929977374e9	5.142510021918022e8	5.807650908059351e8	17.0	32.0	1.0	0.12244897959183673	0.14510278113663846	0.4298245614035088	6.0	0.019360410046986395	
1.1001148798181808e9	5.059059143969687e8	5.942089654212121e8	10.0	40.0	0.0	0.12244897959183673	0.14810126582278482	0.4537037037037037	6.0	0.02173963602535031	
1.0630627541347364e9	4.879596558393394e8	5.75103098295397e8	10.0	40.0	0.0	0.12244897959183673	0.14810126582278482	0.45794392523364486	8.0	0.04493902261759405	
1.0678609227088364e9	4.879173376889991e8	5.799435850198371e8	11.0	39.0	0.0	0.12244897959183673	0.14810126582278482	0.45794392523364486	7.0	0.033535618293271355	
1.0981478400939343e9	5.1538461614565e8	5.827632239482841e8	12.0	37.0	1.0	0.12244897959183673	0.14810126582278482	0.4260869565217391	6.0	0.024481053243808348	
1.103005498198884e9	5.186262114485122e8	5.843792867503717e8	12.0	37.0	1.0	0.12244897959183673	0.14810126582278482	0.4298245614035088	6.0	0.037527341800301	
1.0794371374598932e9	5.0319756295939267e8	5.762395745005004e8	16.0	34.0	0.0	0.12244897959183673	0.14810126582278482	0.4298245614035088	6.0	0.03185026660791967	
1.1212696755898108e9	5.372073576066537e8	5.840623179831573e8	19.0	30.0	1.0	0.12244897959183673	0.14810126582278482	0.4224137931034483	6.0	0.01547417529560387	
1.1282279257146106e9	5.538460026426848e8	5.743819230719258e8	21.0	28.0	1.0	0.12244897959183673	0.14810126582278482	0.4117647058823529	6.0	0.027249543257196317	
1.1638623154897738e9	5.838868039774455e8	5.79975511512328e8	29.0	20.0	1.0	0.12244897959183673	0.14810126582278482	0.392	4.0	0.008097189092087051	
1.1019108044518838e9	5.3553864357723564e8	5.66372160874648e8	17.0	33.0	0.0	0.12244897959183673	0.14810126582278482	0.4188034188034188	7.0	0.04013150020803081	
1.186601205296332e9	6.038740766087427e8	5.827271286875892e8	27.0	22.0	1.0	0.12244897959183673	0.14810126582278482	0.3769230769230769	4.0	0.007056841495617007	
1.0738850793495812e9	5.0623438638807046e8	5.676506929615109e8	16.0	34.0	0.0	0.12244897959183673	0.14810126582278482	0.44545454545454544	8.0	0.05172948036468446	
1.168464455636741e9	5.729400870239515e8	5.955243686127893e8	22.0	27.0	1.0	0.12244897959183673	0.14810126582278482	0.3983739837398374	4.0	0.009729983263146526	
1.1180266464604578e9	5.471741593143668e8	5.70852487146091e8	19.0	30.0	1.0	0.12244897959183673	0.14810126582278482	0.4083333333333333	6.0	0.019984524640136885	
1.1179808856550674e9	5.348696084065044e8	5.831112772485633e8	18.0	31.0	1.0	0.12244897959183673	0.14810126582278482	0.4188034188034188	5.0	0.01765629495221332	
1.0703345906839466e9	4.976695930679208e8	5.726649976160257e8	14.0	36.0	0.0	0.12244897959183673	0.14810126582278482	0.4375	7.0	0.03031272393517291	
1.1042583076880565e9	5.155331395419405e8	5.88725168146116e8	12.0	37.0	1.0	0.12244897959183673	0.14810126582278482	0.44144144144144143	6.0	0.03502690384067935	
1.074027821128154e9	4.95051543683187e8	5.789762774449673e8	11.0	39.0	0.0	0.12244897959183673	0.14810126582278482	0.44954128440366975	7.0	0.03374360427931856	
1.0933344233341153e9	5.1011203940490127e8	5.83222383929214e8	16.0	34.0	0.0	0.12244897959183673	0.14810126582278482	0.44144144144144143	7.0	0.01919342231842232	
1.079272783823516e9	4.995000020421625e8	5.797727817813535e8	14.0	36.0	0.0	0.12244897959183673	0.14810126582278482	0.44545454545454544	7.0	0.02950158779240412	
1.0620298843338338e9	4.902399932749009e8	5.71789891058933e8	12.0	38.0	0.0	0.12244897959183673	0.14810126582278482	0.44144144144144143	7.0	0.03554884741109231	
1.0691038347237773e9	4.9747353408478934e8	5.716303006389878e8	14.0	36.0	0.0	0.12244897959183673	0.14810126582278482	0.4375	7.0	0.03973900249410453	
1.1086766738731532e9	5.179668328244647e8	5.907098410486885e8	15.0	34.0	1.0	0.12244897959183673	0.14810126582278482	0.4260869565217391	5.0	0.017370179423750853	
1.1014521411567698e9	5.177312988708115e8	5.83720842285958e8	15.0	34.0	1.0	0.12244897959183673	0.14810126582278482	0.4260869565217391	5.0	0.02004479364173242	
1.0874302708367686e9	5.020987349375437e8	5.85331535899225e8	12.0	38.0	0.0	0.12244897959183673	0.14810126582278482	0.44954128440366975	6.0	0.04051906379712501	
1.220752740532119e9	6.36672661212595e8	5.840800793195243e8	30.0	19.0	1.0	0.12244897959183673	0.14810126582278482	0.362962962962963	4.0	0.005745480426602874	
1.0747702896991315e9	5.060229030190036e8	5.687473866801279e8	18.0	32.0	0.0	0.12244897959183673	0.14810126582278482	0.4375	7.0	0.03783593343542323	
1.1381459608259017e9	5.702814751510867e8	5.678644856748154e8	23.0	26.0	1.0	0.12244897959183673	0.14810126582278482	0.4016393442622951	6.0	0.022218050279274773	
1.1448241977673364e9	5.80964748077419e8	5.638594496899173e8	27.0	22.0	1.0	0.12244897959183673	0.14810126582278482	0.3888888888888889	6.0	0.013431478291172166	
1.1234288355030234e9	5.489905040685365e8	5.744383314344866e8	20.0	29.0	1.0	0.12244897959183673	0.14810126582278482	0.4224137931034483	6.0	0.041657768252156	
1.0917229801632855e9	5.348270305573579e8	5.568959496059276e8	25.0	25.0	0.0	0.12244897959183673	0.14810126582278482	0.4188034188034188	7.0	0.03069723643703235	
1.109833786565875e9	5.321932400801616e8	5.776405464857132e8	19.0	30.0	1.0	0.12244897959183673	0.14810126582278482	0.4260869565217391	6.0	0.026314162028447743	
1.0880990159188707e9	5.173635753904972e8	5.707354405283735e8	16.0	33.0	1.0	0.12244897959183673	0.14810126582278482	0.4260869565217391	6.0	0.0293209058515181	
1.0840420656794472e9	5.0188106023333573e8	5.821610054461116e8	14.0	36.0	0.0	0.12244897959183673	0.14810126582278482	0.44545454545454544	6.0	0.03325571112560908	
1.0830824386260936e9	4.9770253424027187e8	5.853799043858217e8	11.0	39.0	0.0	0.12244897959183673	0.14810126582278482	0.45794392523364486	7.0	0.03874366846305621	
1.132520397547476e9	5.431080583046951e8	5.894123392427809e8	16.0	33.0	1.0	0.12244897959183673	0.14810126582278482	0.4188034188034188	5.0	0.02134994634994635	
1.095569785693769e9	5.1041889916263235e8	5.851508865311368e8	14.0	36.0	0.0	0.12244897959183673	0.14810126582278482	0.4298245614035088	6.0	0.025838487381854732	
1.153850672978177e9	5.526273058533249e8	6.012233671248524e8	22.0	27.0	1.0	0.12244897959183673	0.14810126582278482	0.4188034188034188	4.0	0.013666220872853524	
1.2151389108737135e9	6.123217256119199e8	6.028171852617935e8	29.0	20.0	1.0	0.12244897959183673	0.14810126582278482	0.37404580152671757	3.0	0.007259978305896672	
1.1416822797148077e9	5.621659038521813e8	5.795163758626263e8	25.0	24.0	1.0	0.12244897959183673	0.14810126582278482	0.4016393442622951	5.0	0.025525459517806454	
1.0588527018590794e9	4.9896160855262053e8	5.598910933064587e8	16.0	34.0	0.0	0.12244897959183673	0.14810126582278482	0.44545454545454544	8.0	0.06623613536878842	
1.083890906528654e9	5.030390325836977e8	5.808518739449565e8	13.0	37.0	0.0	0.12244897959183673	0.14810126582278482	0.4375	7.0	0.04024823674058367	
1.1534823102334156e9	5.704028143972863e8	5.830794958361294e8	25.0	24.0	1.0	0.12244897959183673	0.14810126582278482	0.3983739837398374	4.0	0.014204708273585826	
1.1565794577719388e9	5.646140430977454e8	5.919654146741934e8	22.0	27.0	1.0	0.12244897959183673	0.14810126582278482	0.4016393442622951	4.0	0.018771390646390645	
1.0857042846441529e9	4.9834707225633305e8	5.873572123878198e8	5.0	45.0	0.0	0.12244897959183673	0.14810126582278482	0.44954128440366975	6.0	0.043373408998409003	
1.0995582913486652e9	5.369522338284593e8	5.62606057520206e8	22.0	27.0	1.0	0.12244897959183673	0.14810126582278482	0.4117647058823529	6.0	0.03071764780948454	
1.114965440369464e9	5.414965758291675e8	5.734688645402966e8	22.0	27.0	1.0	0.12244897959183673	0.14810126582278482	0.4083333333333333	5.0	0.015547420266808021	
1.098473952023056e9	5.2605434459857863e8	5.724196074244773e8	21.0	28.0	1.0	0.12244897959183673	0.14810126582278482	0.4260869565217391	6.0	0.015444367612734962	
1.0537160519817985e9	4.8476935666858137e8	5.689466953132172e8	11.0	39.0	0.0	0.12244897959183673	0.14810126582278482	0.45794392523364486	8.0	0.05293386460478297	
1.0600843212732887e9	4.828299235740446e8	5.772543976992443e8	12.0	38.0	0.0	0.12244897959183673	0.14810126582278482	0.47115384615384615	9.0	0.05074503869146725	
1.0702907396168994e9	4.786083299677163e8	5.91682409649183e8	4.0	46.0	0.0	0.12244897959183673	0.15808823529411764	0.5	8.0	0.0630328672983235	
1.1105184154135628e9	5.356402343700335e8	5.748781810435293e8	20.0	29.0	1.0	0.12244897959183673	0.15808823529411764	0.4117647058823529	5.0	0.013684666618340086	
1.065800240937645e9	4.9558612840065765e8	5.702141125369873e8	16.0	34.0	0.0	0.12244897959183673	0.15808823529411764	0.46226415094339623	8.0	0.051877987361555786	
1.1508761131341267e9	5.703008993523629e8	5.80575213781764e8	24.0	25.0	1.0	0.12244897959183673	0.15808823529411764	0.4016393442622951	5.0	0.007903561857643487	
1.0592790261438942e9	4.95473424188244e8	5.638056019556501e8	13.0	37.0	0.0	0.12244897959183673	0.15808823529411764	0.4537037037037037	8.0	0.04543766182796795	
1.1621284863337467e9	5.826604812931677e8	5.794680050405788e8	23.0	26.0	1.0	0.12244897959183673	0.15808823529411764	0.3888888888888889	5.0	0.010285403844077312	
1.145540792339952e9	5.7340011022385e8	5.72140682116102e8	24.0	25.0	1.0	0.12244897959183673	0.15808823529411764	0.392	5.0	0.008355972259033485	
1.1008184688914294e9	5.055958091228534e8	5.952226597685761e8	6.0	44.0	0.0	0.12244897959183673	0.15808823529411764	0.4537037037037037	6.0	0.03427373835537101	
1.165037713245664e9	5.825260747096419e8	5.825116385360218e8	27.0	22.0	1.0	0.12244897959183673	0.15808823529411764	0.4016393442622951	4.0	0.00903494334241633	
1.1085047061570776e9	5.231762037613899e8	5.853285023956878e8	17.0	32.0	1.0	0.12244897959183673	0.15808823529411764	0.4336283185840708	6.0	0.0230896772350854	
1.2054727492992642e9	6.21648332421611e8	5.838244168776534e8	30.0	19.0	1.0	0.12244897959183673	0.15808823529411764	0.3656716417910448	4.0	0.0023377911770768914	
1.1028366170503497e9	5.259305550982727e8	5.76906061952077e8	15.0	34.0	1.0	0.12244897959183673	0.15808823529411764	0.4260869565217391	6.0	0.028898389261909678	
1.1135972575131388e9	5.460294078695927e8	5.675678496435462e8	23.0	26.0	1.0	0.12244897959183673	0.15808823529411764	0.4049586776859504	6.0	0.015127459228224532	
1.0905742480286365e9	5.3086185233620584e8	5.597123956924305e8	21.0	29.0	0.0	0.12244897959183673	0.15808823529411764	0.4298245614035088	7.0	0.027664414430996064	
1.039233190568438e9	4.892365839159367e8	5.499966066525013e8	16.0	34.0	0.0	0.12244897959183673	0.15808823529411764	0.48514851485148514	11.0	0.07084352402854802	
1.0874432715928721e9	5.1418910669075614e8	5.732541649021161e8	15.0	34.0	1.0	0.12244897959183673	0.15808823529411764	0.4260869565217391	6.0	0.020797736482760492	
1.1194296066718884e9	5.479212204551275e8	5.715083862167609e8	24.0	25.0	1.0	0.12244897959183673	0.15808823529411764	0.3983739837398374	5.0	0.00853540592061	
1.1092566672990465e9	5.237393553252394e8	5.855173119738073e8	17.0	32.0	1.0	0.12244897959183673	0.15808823529411764	0.4375	6.0	0.018020977260923235	
1.059315991008667e9	4.815807567535432e8	5.777352342551237e8	8.0	42.0	0.0	0.12244897959183673	0.15808823529411764	0.47115384615384615	9.0	0.06712506361741054	
1.0691068499788682e9	4.8768521849231195e8	5.814216314865563e8	9.0	41.0	0.0	0.12244897959183673	0.15808823529411764	0.4537037037037037	7.0	0.04037800927619355	
1.1369338768084645e9	5.624541320424622e8	5.744797447660024e8	25.0	24.0	1.0	0.12244897959183673	0.15808823529411764	0.3888888888888889	5.0	0.016865647774261222	
1.0928498428125644e9	5.2211491385738766e8	5.707349289551767e8	21.0	28.0	1.0	0.12244897959183673	0.15808823529411764	0.4260869565217391	6.0	0.028436201181549322	
1.0875296833140745e9	5.1724187333196247e8	5.702878099821122e8	19.0	31.0	0.0	0.12244897959183673	0.15808823529411764	0.4375	7.0	0.03777863716526682	
1.1133501051304793e9	5.311108804626516e8	5.822392246678278e8	20.0	29.0	1.0	0.12244897959183673	0.15808823529411764	0.4083333333333333	5.0	0.016133133448184473	
1.0701249504872168e9	4.909441006294461e8	5.791808498577708e8	10.0	40.0	0.0	0.12244897959183673	0.15808823529411764	0.4666666666666667	7.0	0.040044156954045895	
1.093997816771154e9	5.0531044185858655e8	5.886873749125676e8	11.0	39.0	0.0	0.12244897959183673	0.15808823529411764	0.45794392523364486	7.0	0.0503094883196924	
1.0617813236170782e9	4.982249161861808e8	5.635564074308975e8	17.0	33.0	0.0	0.12244897959183673	0.15808823529411764	0.44954128440366975	8.0	0.04858631341036804	
1.0829185044162307e9	4.9956251476696426e8	5.833559896492664e8	13.0	37.0	0.0	0.12244897959183673	0.15808823529411764	0.46226415094339623	7.0	0.041339908910061965	
1.141871348451597e9	5.503607124770842e8	5.915106359745128e8	21.0	28.0	1.0	0.12244897959183673	0.15808823529411764	0.4152542372881356	5.0	0.022155618616077805	
1.1994670005967164e9	5.87817401931644e8	6.116495986650727e8	23.0	26.0	1.0	0.12244897959183673	0.15808823529411764	0.4049586776859504	3.0	0.007143342060433896	
1.176577251706747e9	5.852848900831965e8	5.912923616235505e8	25.0	24.0	1.0	0.12244897959183673	0.15808823529411764	0.3888888888888889	4.0	0.0180707510276838	
1.1015071976546235e9	5.079848156270632e8	5.935223820275602e8	11.0	39.0	0.0	0.12244897959183673	0.15808823529411764	0.44545454545454544	6.0	0.030289664983542533	
1.174690340940984e9	5.770095078340628e8	5.976808331069211e8	23.0	26.0	1.0	0.12244897959183673	0.15808823529411764	0.4049586776859504	4.0	0.019092651490610672	
1.0569807294313556e9	4.981017964133667e8	5.588789330179889e8	15.0	35.0	0.0	0.12244897959183673	0.15808823529411764	0.45794392523364486	9.0	0.07582120059423482	
1.1215779477864056e9	5.414931788964984e8	5.800847688899074e8	18.0	31.0	1.0	0.12244897959183673	0.15808823529411764	0.4117647058823529	5.0	0.025042609034955976	
1.2170622430017343e9	6.303177204027102e8	5.867445225990238e8	33.0	16.0	1.0	0.12244897959183673	0.15808823529411764	0.362962962962963	4.0	0.010710215238276465	
1.2033639039467652e9	6.153425200056119e8	5.880213839411533e8	30.0	19.0	1.0	0.12244897959183673	0.15808823529411764	0.3798449612403101	4.0	0.008939420826050476	
1.0662379253294537e9	4.853370070620201e8	5.809009182674334e8	9.0	41.0	0.0	0.12244897959183673	0.15808823529411764	0.4666666666666667	8.0	0.060832314388736965	
1.1298854517759151e9	5.439908266744595e8	5.858946251014556e8	17.0	32.0	1.0	0.12244897959183673	0.15808823529411764	0.4375	6.0	0.03576162059617942	
1.1107497449151888e9	5.414398899227269e8	5.693098549924622e8	21.0	28.0	1.0	0.12244897959183673	0.15808823529411764	0.4117647058823529	6.0	0.021102469667520683	
1.1446887196516862e9	5.674203065987327e8	5.772684130529535e8	24.0	25.0	1.0	0.12244897959183673	0.15808823529411764	0.3858267716535433	5.0	0.01121144657496698	
1.1264656232883573e9	5.374947277473041e8	5.889708955410533e8	19.0	30.0	1.0	0.12244897959183673	0.15808823529411764	0.4224137931034483	5.0	0.021543591629125843	
1.1192712920866995e9	5.496868644264107e8	5.695844276602887e8	22.0	27.0	1.0	0.12244897959183673	0.15808823529411764	0.392	5.0	0.011384634120603507	
1.0643998666660098e9	4.833402271903192e8	5.810596394756906e8	12.0	38.0	0.0	0.12244897959183673	0.15808823529411764	0.47115384615384615	8.0	0.04889053926043721	
1.0626043910116705e9	4.919461797887851e8	5.706582112228853e8	13.0	37.0	0.0	0.12244897959183673	0.15808823529411764	0.4375	7.0	0.03445573936645366	
1.161166723831221e9	5.680973277485597e8	5.930693960826614e8	21.0	28.0	1.0	0.12244897959183673	0.15808823529411764	0.4016393442622951	4.0	0.008889169220801872	
1.0556795209185956e9	4.883156786564987e8	5.673638422620969e8	12.0	38.0	0.0	0.12244897959183673	0.15808823529411764	0.45794392523364486	8.0	0.040641215832542356	
1.0993535745298562e9	5.231175907798373e8	5.762359837500186e8	15.0	34.0	1.0	0.12244897959183673	0.15808823529411764	0.4260869565217391	6.0	0.03048409604156903	
1.153024020221397e9	5.693181411438715e8	5.837058790775251e8	23.0	26.0	1.0	0.12244897959183673	0.15808823529411764	0.3798449612403101	4.0	0.007028834260977118	
1.1190597430768428e9	5.227116264150537e8	5.963481166617891e8	12.0	37.0	1.0	0.12244897959183673	0.15808823529411764	0.44144144144144143	5.0	0.021827124123042486	
1.137764265261407e9	5.454703363320949e8	5.922939289293119e8	20.0	29.0	1.0	0.12244897959183673	0.1769041769041769	0.4298245614035088	5.0	0.02442615248778475	
1.1046102950900373e9	5.341205121184848e8	5.704897829715528e8	20.0	29.0	1.0	0.12244897959183673	0.1769041769041769	0.4260869565217391	6.0	0.026081901014374003	
1.118565144518985e9	5.589333228611801e8	5.59631821657805e8	24.0	26.0	0.0	0.12244897959183673	0.1769041769041769	0.4152542372881356	7.0	0.034133211365354216	
1.2127033947851658e9	6.330157751102796e8	5.796876196748862e8	32.0	17.0	1.0	0.12244897959183673	0.1769041769041769	0.3656716417910448	4.0	0.007661865251150962	
1.200826324728132e9	6.257684277671897e8	5.750578969609423e8	31.0	18.0	1.0	0.12244897959183673	0.1769041769041769	0.37404580152671757	5.0	0.005910600170804252	
1.1846135168804302e9	6.103201001550522e8	5.742934167253779e8	30.0	19.0	1.0	0.12244897959183673	0.1769041769041769	0.3828125	5.0	0.010839137242198465	
1.1333387028613725e9	5.579091282775555e8	5.754295745838168e8	22.0	28.0	0.0	0.12244897959183673	0.1769041769041769	0.4375	7.0	0.04592210821064204	
1.1631381411772559e9	5.712556636767925e8	5.918824775004635e8	21.0	28.0	1.0	0.12244897959183673	0.1769041769041769	0.4049586776859504	4.0	0.017787226174113536	
1.1057514214053235e9	5.365421881305334e8	5.6920923327479e8	20.0	30.0	0.0	0.12244897959183673	0.1769041769041769	0.4336283185840708	7.0	0.04353710820547556	
1.0934072012462652e9	5.220160178331573e8	5.713911834131079e8	16.0	33.0	1.0	0.12244897959183673	0.1769041769041769	0.4152542372881356	6.0	0.02337397716358511	
1.0440077676101059e9	4.7369496291157484e8	5.703128046985309e8	9.0	41.0	0.0	0.12244897959183673	0.1769041769041769	0.48514851485148514	10.0	0.08379427688801327	
1.0580400817119194e9	4.6711753821816206e8	5.909225434937575e8	6.0	44.0	0.0	0.12244897959183673	0.1769041769041769	0.49	9.0	0.06592649253393756	
1.0622303553794286e9	5.009924786986013e8	5.612378766808271e8	18.0	32.0	0.0	0.12244897959183673	0.1769041769041769	0.4298245614035088	7.0	0.025976946867585737	
1.1769203326155992e9	5.909006672294666e8	5.860196653861325e8	23.0	26.0	1.0	0.12244897959183673	0.1769041769041769	0.3828125	4.0	0.00288974536423516	
1.0595893355668752e9	4.925535308904238e8	5.670358046764514e8	16.0	34.0	0.0	0.12244897959183673	0.1769041769041769	0.44954128440366975	8.0	0.03708175008820268	
1.136667751654357e9	5.59381668692135e8	5.772860829622219e8	21.0	28.0	1.0	0.12244897959183673	0.1769041769041769	0.3888888888888889	5.0	0.011657589623150845	
1.0935311489385085e9	5.244213275460109e8	5.691098213924975e8	20.0	30.0	0.0	0.12244897959183673	0.1769041769041769	0.4260869565217391	7.0	0.027618161614667826	
1.0458246122825624e9	4.737986529004159e8	5.720259593821465e8	12.0	38.0	0.0	0.12244897959183673	0.1769041769041769	0.4803921568627451	9.0	0.06322683853814011	
1.1297104674739683e9	5.544829585023204e8	5.75227508971648e8	19.0	30.0	1.0	0.12244897959183673	0.1769041769041769	0.3983739837398374	5.0	0.016586312189888288	
1.1825735953452883e9	5.918961559997636e8	5.906774393455248e8	26.0	23.0	1.0	0.12244897959183673	0.1769041769041769	0.3828125	4.0	0.002756887386989428	
1.0674819903039967e9	4.9424971554100513e8	5.732322747629914e8	15.0	35.0	0.0	0.12244897959183673	0.1769041769041769	0.46226415094339623	8.0	0.05939187255484084	
1.0527458249945003e9	4.880108423991718e8	5.647349825953283e8	15.0	35.0	0.0	0.12244897959183673	0.1769041769041769	0.44954128440366975	9.0	0.04975412717680678	
1.076422069123609e9	5.036818970268479e8	5.727401720967611e8	14.0	36.0	0.0	0.12244897959183673	0.1769041769041769	0.4375	7.0	0.04329833663828991	
1.1238116773930311e9	5.2553957811994433e8	5.982720992730868e8	15.0	34.0	1.0	0.12244897959183673	0.1769041769041769	0.4375	5.0	0.024108373311994974	
1.0759344513914766e9	5.013707187595346e8	5.74563732631942e8	16.0	34.0	0.0	0.12244897959183673	0.1769041769041769	0.44144144144144143	7.0	0.031543671049341734	
1.1224823597925682e9	5.370427191224577e8	5.854396406701102e8	18.0	31.0	1.0	0.12244897959183673	0.1769041769041769	0.4188034188034188	5.0	0.011723082992215644	
1.1155520460087364e9	5.2731657521836174e8	5.882354707903746e8	18.0	31.0	1.0	0.12244897959183673	0.1769041769041769	0.4298245614035088	5.0	0.01903101067266734	
1.2156201823602862e9	6.11553105260128e8	6.040670771001581e8	28.0	21.0	1.0	0.12244897959183673	0.1769041769041769	0.37404580152671757	3.0	0.0020081156560748394	
1.2227482263831043e9	6.193141438299146e8	6.034340825531895e8	26.0	23.0	1.0	0.12244897959183673	0.1769041769041769	0.3769230769230769	3.0	0.004714387558775314	
1.0968748430222378e9	5.178038960078193e8	5.790709470144188e8	14.0	36.0	0.0	0.12244897959183673	0.1769041769041769	0.44144144144144143	7.0	0.048499095509965076	
1.1389629019164386e9	5.49815416866206e8	5.891474850502324e8	18.0	31.0	1.0	0.12244897959183673	0.1769041769041769	0.4083333333333333	5.0	0.026900412040718163	
1.1602421907685976e9	5.827219196701628e8	5.775202710984349e8	29.0	20.0	1.0	0.12244897959183673	0.1769041769041769	0.3983739837398374	5.0	0.02115704502988221	
1.1370203624329429e9	5.5430938496362e8	5.827109774693232e8	24.0	25.0	1.0	0.12244897959183673	0.1769041769041769	0.4117647058823529	5.0	0.02277455585879499	
1.1270268011849172e9	5.470099150044338e8	5.800168861804833e8	22.0	27.0	1.0	0.12244897959183673	0.1769041769041769	0.4224137931034483	5.0	0.031158213253931987	
1.1179064510652518e9	5.558503779170947e8	5.620560731481572e8	26.0	23.0	1.0	0.12244897959183673	0.1769041769041769	0.3983739837398374	6.0	0.03236501310480903	
1.1502076890613427e9	5.846179778311683e8	5.655897112301745e8	27.0	22.0	1.0	0.12244897959183673	0.1769041769041769	0.3888888888888889	5.0	0.010374766234451355	
1.098893760000672e9	5.396615901095281e8	5.592321698911442e8	22.0	28.0	0.0	0.12244897959183673	0.1769041769041769	0.4152542372881356	7.0	0.03352986250817009	
1.1397803118523014e9	5.758446726150225e8	5.639356392372787e8	26.0	23.0	1.0	0.12244897959183673	0.1769041769041769	0.3888888888888889	5.0	0.008167225223422699	
1.0863311305136204e9	5.094596889912605e8	5.768714415223598e8	14.0	36.0	0.0	0.12244897959183673	0.1769041769041769	0.44954128440366975	7.0	0.05842879327740949	
1.2387466359471312e9	6.425937779096932e8	5.961528580374379e8	31.0	18.0	1.0	0.12244897959183673	0.1769041769041769	0.3684210526315789	3.0	0.0067423879646594815	
1.0743614816370063e9	5.204352399778934e8	5.53926241659113e8	20.0	30.0	0.0	0.12244897959183673	0.1769041769041769	0.4224137931034483	7.0	0.036895884452129483	
1.0990675036632388e9	5.0055910107242906e8	5.985084025908097e8	9.0	41.0	0.0	0.12244897959183673	0.1769041769041769	0.45794392523364486	7.0	0.052060183023120266	
1.1072864218960686e9	5.42334371617954e8	5.649520502781149e8	23.0	26.0	1.0	0.12244897959183673	0.1769041769041769	0.4117647058823529	6.0	0.03435478266547422	
1.0904359642101293e9	5.282242386476757e8	5.622117255624537e8	23.0	26.0	1.0	0.12244897959183673	0.1769041769041769	0.4188034188034188	6.0	0.021439063207875995	
1.0639323058638359e9	4.756691883586059e8	5.882631175052301e8	3.0	47.0	0.0	0.12244897959183673	0.1769041769041769	0.47572815533980584	8.0	0.05430901570015109	
1.1658728895293822e9	5.887496981542566e8	5.771231913751259e8	28.0	21.0	1.0	0.12244897959183673	0.1769041769041769	0.392	5.0	0.017474805409498737	
1.0849527731355903e9	5.083891094232377e8	5.765636637123528e8	14.0	36.0	0.0	0.12244897959183673	0.1769041769041769	0.44545454545454544	7.0	0.035283932256634384	
1.1543673825305924e9	5.67984440829712e8	5.863829417008805e8	24.0	25.0	1.0	0.12244897959183673	0.1769041769041769	0.4049586776859504	5.0	0.01442176095774377	
1.1077657134900305e9	5.416969722063239e8	5.660687412837068e8	22.0	28.0	0.0	0.12244897959183673	0.1769041769041769	0.4260869565217391	7.0	0.03249730066606703	
1.1185870161409068e9	5.425216101144536e8	5.760654060264535e8	20.0	29.0	1.0	0.12244897959183673	0.1769041769041769	0.4188034188034188	6.0	0.030785588044741706	
1.1075297630894651e9	5.2634754448179823e8	5.81182218607667e8	17.0	32.0	1.0	0.12244897959183673	0.16064757160647572	0.4336283185840708	6.0	0.016491537091026885	
1.269061636820496e9	6.634420205601125e8	6.056196162603836e8	34.0	15.0	1.0	0.12244897959183673	0.16064757160647572	0.35	3.0	0.0008503401360544217	
1.1144539248692822e9	5.419620382963338e8	5.724918865729485e8	24.0	25.0	1.0	0.12244897959183673	0.16064757160647572	0.4224137931034483	6.0	0.028663886189396394	
1.0899417127173905e9	5.1576132997338986e8	5.741803827440006e8	16.0	34.0	0.0	0.12244897959183673	0.16064757160647572	0.45794392523364486	8.0	0.05697479249775169	
1.1442366941269336e9	5.629112301022553e8	5.813254640246782e8	23.0	26.0	1.0	0.12244897959183673	0.16064757160647572	0.4117647058823529	5.0	0.018517454295515517	
1.0716828316658949e9	4.7733204677335197e8	5.943507848925428e8	6.0	44.0	0.0	0.12244897959183673	0.16064757160647572	0.48514851485148514	8.0	0.05987387667033209	
1.0901985205623498e9	5.173858903864478e8	5.728126301759021e8	16.0	33.0	1.0	0.12244897959183673	0.16064757160647572	0.4298245614035088	6.0	0.03143960382816452	
1.0952732367015457e9	5.134362888989953e8	5.818369478025503e8	12.0	37.0	1.0	0.12244897959183673	0.16064757160647572	0.4375	6.0	0.02510234772587082	
1.2402702515089726e9	6.552419402362168e8	5.850283112727559e8	32.0	17.0	1.0	0.12244897959183673	0.16064757160647572	0.35	4.0	0.009725596587841483	
1.1559943057116928e9	5.717913961874511e8	5.842029095242414e8	24.0	25.0	1.0	0.12244897959183673	0.16064757160647572	0.4224137931034483	6.0	0.024072283064630013	
1.1866185340810196e9	6.029470856978037e8	5.836714483832159e8	26.0	23.0	1.0	0.12244897959183673	0.16064757160647572	0.3798449612403101	5.0	0.015288575747759416	
1.0915957263959699e9	5.182788057569082e8	5.733169206390619e8	16.0	34.0	0.0	0.12244897959183673	0.16064757160647572	0.44545454545454544	7.0	0.05160853885343681	
1.100948469628658e9	5.327948174178779e8	5.681536522107801e8	21.0	28.0	1.0	0.12244897959183673	0.16064757160647572	0.4152542372881356	6.0	0.02961788070206438	
1.0961714238444753e9	5.059499288498412e8	5.902214949946342e8	8.0	42.0	0.0	0.12244897959183673	0.16064757160647572	0.44954128440366975	6.0	0.02862606237002048	
1.2314422903948054e9	6.332408792859855e8	5.9820141110882e8	31.0	18.0	1.0	0.12244897959183673	0.16064757160647572	0.3602941176470588	3.0	0.0021170769895259693	
1.0907268459054255e9	4.9695541781758237e8	5.937714280878432e8	10.0	40.0	0.0	0.12244897959183673	0.16064757160647572	0.45794392523364486	7.0	0.03914487407707064	
1.073807286838584e9	5.0605164298302513e8	5.677556438555588e8	16.0	34.0	0.0	0.12244897959183673	0.16064757160647572	0.4537037037037037	8.0	0.046501528516834645	
1.0768717089565382e9	5.0233862046222985e8	5.745330884943082e8	11.0	39.0	0.0	0.12244897959183673	0.16064757160647572	0.4537037037037037	8.0	0.03990466496844047	
1.1067409878219113e9	5.04519550539778e8	6.022214372821336e8	10.0	40.0	0.0	0.12244897959183673	0.16064757160647572	0.4537037037037037	6.0	0.027799244555420707	
1.0950366212964778e9	5.075908589705218e8	5.874457623259559e8	12.0	38.0	0.0	0.12244897959183673	0.16064757160647572	0.44144144144144143	6.0	0.025683983911024735	
1.0738463997440333e9	5.0054606264439654e8	5.73300337099637e8	10.0	40.0	0.0	0.12244897959183673	0.16064757160647572	0.44144144144144143	7.0	0.042444088214764905	
1.0717056386523292e9	4.991481862379912e8	5.725574524143381e8	14.0	36.0	0.0	0.12244897959183673	0.16064757160647572	0.44144144144144143	7.0	0.03225927275672173	
1.1392427133644872e9	5.515405029635272e8	5.877022104009597e8	23.0	26.0	1.0	0.12244897959183673	0.16064757160647572	0.4016393442622951	5.0	0.02035898955541813	
1.0921512500917428e9	5.1333765751625204e8	5.788135925754907e8	14.0	36.0	0.0	0.12244897959183673	0.16064757160647572	0.4336283185840708	6.0	0.02790053153573562	
1.1262983620712066e9	5.30644907465613e8	5.956534546055937e8	17.0	32.0	1.0	0.12244897959183673	0.16064757160647572	0.4298245614035088	5.0	0.028381347960429598	
1.1505817650690994e9	5.583475764080377e8	5.922341886610615e8	21.0	28.0	1.0	0.12244897959183673	0.16064757160647572	0.4083333333333333	4.0	0.010354407571781361	
1.0938512020938113e9	5.208071428529842e8	5.730440592408271e8	15.0	35.0	0.0	0.12244897959183673	0.16064757160647572	0.4375	7.0	0.03038116841486873	
1.1150848640817769e9	5.438031911375729e8	5.71281672944204e8	17.0	32.0	1.0	0.12244897959183673	0.16064757160647572	0.4083333333333333	6.0	0.017788856352900395	
1.102570263251755e9	5.3045704478974646e8	5.721132184620085e8	20.0	29.0	1.0	0.12244897959183673	0.16064757160647572	0.4083333333333333	6.0	0.02017186328410818	
1.0840595293286128e9	5.166885306630672e8	5.673709986655455e8	18.0	32.0	0.0	0.12244897959183673	0.16064757160647572	0.4224137931034483	7.0	0.022766544282387467	
1.1385825184844642e9	5.521875940277861e8	5.863949244566778e8	18.0	31.0	1.0	0.12244897959183673	0.16064757160647572	0.4152542372881356	5.0	0.020553259372405455	
1.1214699698145552e9	5.378985289521539e8	5.835714408624011e8	20.0	29.0	1.0	0.12244897959183673	0.16064757160647572	0.4117647058823529	5.0	0.021287986067121397	
1.1297990889049673e9	5.2742031156861234e8	6.02378777336355e8	12.0	37.0	1.0	0.12244897959183673	0.16064757160647572	0.4336283185840708	5.0	0.023662094708013073	
1.0513855235021527e9	4.7824208876687163e8	5.73143434735281e8	9.0	41.0	0.0	0.12244897959183673	0.16064757160647572	0.4666666666666667	9.0	0.06235924623075536	
1.1460279049570775e9	5.664706153677045e8	5.795572895893729e8	25.0	24.0	1.0	0.12244897959183673	0.16064757160647572	0.3888888888888889	5.0	0.00860904968047825	
1.1360756093408527e9	5.595489449416703e8	5.765266643991826e8	22.0	27.0	1.0	0.12244897959183673	0.16064757160647572	0.3951612903225806	5.0	0.011075680272108843	
1.081294069552836e9	5.108684720147815e8	5.704255975380546e8	18.0	32.0	0.0	0.12244897959183673	0.16064757160647572	0.4260869565217391	7.0	0.02492405553630044	
1.113361991222059e9	5.389498056989422e8	5.74412185523117e8	20.0	29.0	1.0	0.12244897959183673	0.16064757160647572	0.4188034188034188	6.0	0.02145495283250385	
1.0730278542422149e9	4.968064740721619e8	5.762213801700529e8	12.0	38.0	0.0	0.12244897959183673	0.16064757160647572	0.44144144144144143	7.0	0.040478274833135194	
1.1035221388469925e9	5.260333523160238e8	5.774887865309687e8	15.0	34.0	1.0	0.12244897959183673	0.16064757160647572	0.4188034188034188	6.0	0.022541814761202518	
1.2768997209760094e9	6.771373776867276e8	5.997623432892818e8	33.0	16.0	1.0	0.12244897959183673	0.16064757160647572	0.35251798561151076	3.0	0.005518437533743655	
1.0934216085124507e9	5.124977761082622e8	5.809238324041886e8	15.0	34.0	1.0	0.12244897959183673	0.16064757160647572	0.44144144144144143	6.0	0.037568223537611294	
1.1543270735844293e9	5.733109171403291e8	5.810161564441004e8	27.0	22.0	1.0	0.12244897959183673	0.16064757160647572	0.3983739837398374	5.0	0.019069214987582333	
1.100213163042345e9	5.174223440008911e8	5.827908190414541e8	12.0	38.0	0.0	0.12244897959183673	0.16064757160647572	0.45794392523364486	7.0	0.0492192008572245	
1.0732906743061572e9	4.8849703727637887e8	5.847936370297785e8	7.0	43.0	0.0	0.12244897959183673	0.16064757160647572	0.47572815533980584	8.0	0.04861779687571847	
1.122103576883241e9	5.3280375852543384e8	5.892998183578072e8	17.0	32.0	1.0	0.12244897959183673	0.16064757160647572	0.4152542372881356	5.0	0.014611626091217925	
1.0615389963266739e9	4.618257582742278e8	5.99713238052446e8	1.0	49.0	0.0	0.12244897959183673	0.16064757160647572	0.5268817204301075	10.0	0.09941440797039612	
1.0864805060658247e9	5.0439936677215165e8	5.820811392936732e8	13.0	37.0	0.0	0.12244897959183673	0.16064757160647572	0.45794392523364486	7.0	0.02775795781971937	
1.1734987605578802e9	5.801571874227831e8	5.933415731350969e8	25.0	24.0	1.0	0.12244897959183673	0.16064757160647572	0.3888888888888889	4.0	0.008464502513240428	
1.1229084884348857e9	5.305921767463344e8	5.923163116885514e8	17.0	32.0	1.0	0.12244897959183673	0.16064757160647572	0.4260869565217391	5.0	0.021218685887053237	
1.095167563898333e9	5.275560078243455e8	5.676115560739875e8	22.0	27.0	1.0	0.12244897959183673	0.1446229913473424	0.4117647058823529	5.0	0.013900329441414292	
1.1416623407658968e9	5.446197616955338e8	5.970425790703628e8	20.0	29.0	1.0	0.12244897959183673	0.1446229913473424	0.4117647058823529	4.0	0.016731194693498038	
1.0585739001170554e9	4.860962491676341e8	5.724776509494212e8	12.0	38.0	0.0	0.12244897959183673	0.1446229913473424	0.47115384615384615	8.0	0.07456313447746205	
1.1309156946319737e9	5.514679776126035e8	5.794477170193703e8	23.0	26.0	1.0	0.12244897959183673	0.1446229913473424	0.4117647058823529	5.0	0.02442638838197061	
1.0815512734902635e9	5.093699603596823e8	5.721813131305811e8	17.0	33.0	0.0	0.12244897959183673	0.1446229913473424	0.44144144144144143	7.0	0.04073086716166976	
1.1086784034545555e9	5.2571785801758015e8	5.829605454369755e8	17.0	32.0	1.0	0.12244897959183673	0.1446229913473424	0.4298245614035088	6.0	0.02961404570985904	
1.1196098839520059e9	5.3567215751414245e8	5.839377264378636e8	21.0	28.0	1.0	0.12244897959183673	0.1446229913473424	0.4152542372881356	5.0	0.020366489849908218	
1.1779463083620102e9	5.787571633824735e8	5.991891449795367e8	23.0	26.0	1.0	0.12244897959183673	0.1446229913473424	0.3983739837398374	4.0	0.009462506142428108	
1.1195084565883303e9	5.353711431181598e8	5.841373134701705e8	20.0	29.0	1.0	0.12244897959183673	0.1446229913473424	0.4117647058823529	5.0	0.011707103476311157	
1.0393706964889417e9	4.807921463765223e8	5.585785501124192e8	11.0	39.0	0.0	0.12244897959183673	0.1446229913473424	0.4666666666666667	9.0	0.07242663299085866	
1.1767071275472054e9	5.99651039996774e8	5.770560875504315e8	28.0	21.0	1.0	0.12244897959183673	0.1446229913473424	0.3983739837398374	5.0	0.00918445841540079	
1.2082214082319295e9	6.273508117698488e8	5.808705964620807e8	33.0	16.0	1.0	0.12244897959183673	0.1446229913473424	0.3769230769230769	4.0	0.007505870313493363	
1.139198262233613e9	5.676648236699941e8	5.71533438563619e8	24.0	25.0	1.0	0.12244897959183673	0.1446229913473424	0.4083333333333333	6.0	0.02504153537316803	
1.120166807383667e9	5.59174902706404e8	5.609919046772629e8	25.0	25.0	0.0	0.12244897959183673	0.1446229913473424	0.4117647058823529	7.0	0.02555516254120695	
1.2436016402381372e9	6.446340944211634e8	5.989675458169737e8	35.0	14.0	1.0	0.12244897959183673	0.1446229913473424	0.362962962962963	3.0	0.007025236330576889	
1.144115969472321e9	5.554272548485094e8	5.886887146238115e8	19.0	30.0	1.0	0.12244897959183673	0.1446229913473424	0.4188034188034188	5.0	0.029531441956905564	
1.0904845282569704e9	4.961939022484976e8	5.942906260084728e8	7.0	43.0	0.0	0.12244897959183673	0.1446229913473424	0.4537037037037037	6.0	0.0410513088808091	
1.1255526438256302e9	5.512397566319304e8	5.743128871937001e8	22.0	27.0	1.0	0.12244897959183673	0.1446229913473424	0.3983739837398374	5.0	0.022039905705872092	
1.1700120176596212e9	5.76061591099213e8	5.939504265604084e8	23.0	26.0	1.0	0.12244897959183673	0.1446229913473424	0.392	4.0	0.011542851267491126	
1.0441604413808717e9	4.894559954771675e8	5.547044459037042e8	16.0	34.0	0.0	0.12244897959183673	0.1446229913473424	0.44144144144144143	8.0	0.03847720914945831	
1.0989175505731053e9	5.277498361795434e8	5.711677143935621e8	20.0	29.0	1.0	0.12244897959183673	0.1446229913473424	0.4152542372881356	6.0	0.019375020303615428	
1.0570545675960382e9	4.826335078614243e8	5.744210597346139e8	9.0	41.0	0.0	0.12244897959183673	0.1446229913473424	0.46226415094339623	8.0	0.043241968884462724	
1.107157743899261e9	5.149623181097675e8	5.921954257894936e8	14.0	35.0	1.0	0.12244897959183673	0.1446229913473424	0.4336283185840708	5.0	0.020783146269064322	
1.0963392432043605e9	5.2118407913110787e8	5.751551640732526e8	17.0	32.0	1.0	0.12244897959183673	0.1446229913473424	0.4375	6.0	0.022799139511679795	
1.1481203074983554e9	5.503244251914448e8	5.977958823069106e8	17.0	32.0	1.0	0.12244897959183673	0.1446229913473424	0.4224137931034483	4.0	0.007329583357988139	
1.0381754015135242e9	4.70791958123851e8	5.673834433896732e8	10.0	40.0	0.0	0.12244897959183673	0.1446229913473424	0.47572815533980584	10.0	0.07782679504638026	
1.0738203509212866e9	5.025922507311867e8	5.712281001900997e8	14.0	36.0	0.0	0.12244897959183673	0.1446229913473424	0.44545454545454544	7.0	0.026941431334438545	
1.1312477650218341e9	5.368386112963155e8	5.944091537255187e8	14.0	35.0	1.0	0.12244897959183673	0.1446229913473424	0.4224137931034483	5.0	0.013503690807605795	
1.0875549576479974e9	5.1138240944805175e8	5.761725481999457e8	13.0	37.0	0.0	0.12244897959183673	0.1446229913473424	0.44545454545454544	7.0	0.026875722451321117	
1.0897000040571063e9	5.131517349047223e8	5.765482691523838e8	15.0	35.0	0.0	0.12244897959183673	0.1446229913473424	0.4375	7.0	0.04623174125349994	
1.0665309685946776e9	4.9341953735091305e8	5.731114312437648e8	15.0	35.0	0.0	0.12244897959183673	0.1446229913473424	0.44144144144144143	7.0	0.03125354398613702	
1.142361495833054e9	5.49222870532647e8	5.93138625300407e8	18.0	31.0	1.0	0.12244897959183673	0.1446229913473424	0.4224137931034483	5.0	0.015411740092862542	
1.172547795228892e9	5.789780460707766e8	5.935697491581154e8	24.0	25.0	1.0	0.12244897959183673	0.1446229913473424	0.3888888888888889	4.0	0.010951166180758016	
1.1620307761910136e9	5.692159293022902e8	5.928148468887234e8	22.0	27.0	1.0	0.12244897959183673	0.1446229913473424	0.4016393442622951	4.0	0.01035767662043172	
1.097090255114844e9	5.1088890280874896e8	5.862013523060951e8	13.0	37.0	0.0	0.12244897959183673	0.1446229913473424	0.46226415094339623	7.0	0.038310514881505116	
1.060356884817679e9	4.901893583642412e8	5.701675264534379e8	14.0	36.0	0.0	0.12244897959183673	0.1446229913473424	0.44954128440366975	8.0	0.05354842371747818	
1.0849060423255277e9	5.095074973844064e8	5.753985449411212e8	15.0	35.0	0.0	0.12244897959183673	0.1446229913473424	0.4298245614035088	7.0	0.038588436901742476	
1.0865632138382368e9	5.1362472204752123e8	5.729384917907155e8	17.0	32.0	1.0	0.12244897959183673	0.1446229913473424	0.4224137931034483	6.0	0.016266160143711166	
1.0584388887383766e9	4.9273649673331773e8	5.657023920050588e8	16.0	34.0	0.0	0.12244897959183673	0.1446229913473424	0.4375	7.0	0.023770083846614463	
1.0569557780627902e9	4.826464353217751e8	5.743093427410151e8	13.0	37.0	0.0	0.12244897959183673	0.1446229913473424	0.4666666666666667	9.0	0.05298900672796941	
1.1643337227216337e9	5.753226120998609e8	5.890111106217728e8	26.0	23.0	1.0	0.12244897959183673	0.1446229913473424	0.392	4.0	0.004299902195310358	
1.0866547963895104e9	5.0169308576722014e8	5.849617106222904e8	12.0	38.0	0.0	0.12244897959183673	0.1446229913473424	0.4537037037037037	7.0	0.04440014015403381	
1.110033832246413e9	5.282983434179205e8	5.817354888284924e8	16.0	33.0	1.0	0.12244897959183673	0.1446229913473424	0.4224137931034483	6.0	0.016402147078167485	
1.1023663327111254e9	5.213316505801625e8	5.810346821309631e8	16.0	34.0	0.0	0.12244897959183673	0.1446229913473424	0.44144144144144143	7.0	0.03773026929164384	
1.13444800728934e9	5.391163559337351e8	5.953316513556049e8	18.0	31.0	1.0	0.12244897959183673	0.1446229913473424	0.4224137931034483	5.0	0.02029512201706079	
1.0587460112258433e9	4.8163534238400257e8	5.771106688418407e8	8.0	42.0	0.0	0.12244897959183673	0.1446229913473424	0.45794392523364486	7.0	0.035964393542029856	
1.1180634274086382e9	5.424693744007721e8	5.755940530078661e8	26.0	23.0	1.0	0.12244897959183673	0.1446229913473424	0.4049586776859504	5.0	0.01993108931884442	
1.0709783861684808e9	4.8964150980624926e8	5.813368763622315e8	8.0	42.0	0.0	0.12244897959183673	0.1446229913473424	0.4537037037037037	7.0	0.04169518005614943	
1.0722316135344607e9	5.1467040548708946e8	5.575612080473711e8	20.0	30.0	0.0	0.12244897959183673	0.1446229913473424	0.4298245614035088	7.0	0.033797866188322374	
1.1058402934740462e9	5.203180689505563e8	5.8552222452349e8	16.0	33.0	1.0	0.12244897959183673	0.1446229913473424	0.4336283185840708	5.0	0.023007130341314016	
1.1499744477042832e9	5.609873427864208e8	5.889871049178624e8	21.0	28.0	1.0	0.12244897959183673	0.17142857142857143	0.4016393442622951	4.0	0.008846942456636335	
1.1368200002149577e9	5.573557942994748e8	5.794642059154828e8	22.0	27.0	1.0	0.12244897959183673	0.17142857142857143	0.4016393442622951	5.0	0.013839714457211456	
1.0927194813242314e9	5.094104595716109e8	5.833090217526206e8	16.0	34.0	0.0	0.12244897959183673	0.17142857142857143	0.4375	6.0	0.02711085787128704	
1.0983695999438126e9	5.281177062928574e8	5.702518936509551e8	22.0	27.0	1.0	0.12244897959183673	0.17142857142857143	0.4152542372881356	6.0	0.02475093663006328	
1.1355477195874715e9	5.456092382106988e8	5.899384813767728e8	18.0	31.0	1.0	0.12244897959183673	0.17142857142857143	0.4152542372881356	5.0	0.0282025445459569	
1.0944894334572973e9	5.2229268914909744e8	5.721967443081999e8	18.0	31.0	1.0	0.12244897959183673	0.17142857142857143	0.4260869565217391	6.0	0.021635377094560766	
1.2088573150088704e9	6.118695285393362e8	5.969877864695342e8	25.0	24.0	1.0	0.12244897959183673	0.17142857142857143	0.3888888888888889	4.0	0.014286726595400066	
1.123041542403851e9	5.416329432795835e8	5.814085991242677e8	21.0	28.0	1.0	0.12244897959183673	0.17142857142857143	0.4083333333333333	5.0	0.017634535957240037	
1.0602940156256837e9	4.913176793755069e8	5.689763362501767e8	12.0	38.0	0.0	0.12244897959183673	0.17142857142857143	0.46226415094339623	9.0	0.0713089920311559	
1.11051243386645e9	5.179355966262983e8	5.925768372401519e8	13.0	37.0	0.0	0.12244897959183673	0.17142857142857143	0.44954128440366975	6.0	0.031697808993727365	
1.0911357523635068e9	5.126839500193279e8	5.784518023441789e8	19.0	30.0	1.0	0.12244897959183673	0.17142857142857143	0.4336283185840708	6.0	0.02167963614017036	
1.0745295776475613e9	5.053619823857894e8	5.69167595261772e8	15.0	35.0	0.0	0.12244897959183673	0.17142857142857143	0.44545454545454544	7.0	0.02660837603439644	
1.081485156429436e9	5.095529602336572e8	5.719321961957787e8	17.0	32.0	1.0	0.12244897959183673	0.17142857142857143	0.4260869565217391	6.0	0.026107361414984466	
1.0758571221220865e9	5.105047102394922e8	5.653524118825943e8	18.0	32.0	0.0	0.12244897959183673	0.17142857142857143	0.4260869565217391	7.0	0.034480055550358664	
1.0786172624361176e9	4.9458802042775035e8	5.840292420083674e8	10.0	40.0	0.0	0.12244897959183673	0.17142857142857143	0.44954128440366975	6.0	0.03652357822638434	
1.1174870951398501e9	5.45998589684625e8	5.714885054552252e8	24.0	25.0	1.0	0.12244897959183673	0.17142857142857143	0.4016393442622951	5.0	0.017995553199634834	
1.116258062947745e9	5.269682040202266e8	5.892898589275186e8	15.0	34.0	1.0	0.12244897959183673	0.17142857142857143	0.44144144144144143	5.0	0.022837895980903185	
1.0847528056573637e9	5.291913052844273e8	5.555615003729365e8	21.0	29.0	0.0	0.12244897959183673	0.17142857142857143	0.4152542372881356	7.0	0.025361546133604966	
1.110342202720782e9	5.479698376243215e8	5.623723650964608e8	24.0	25.0	1.0	0.12244897959183673	0.17142857142857143	0.4083333333333333	6.0	0.010114771016631762	
1.1425395699887443e9	5.662212084812914e8	5.76318361507453e8	25.0	24.0	1.0	0.12244897959183673	0.17142857142857143	0.4049586776859504	5.0	0.0046843250287127835	
1.0611439660645245e9	4.9046000539815855e8	5.706839606663659e8	12.0	38.0	0.0	0.12244897959183673	0.17142857142857143	0.47572815533980584	9.0	0.056409582231160854	
1.0366574303928487e9	4.815223586020905e8	5.551350717907584e8	16.0	34.0	0.0	0.12244897959183673	0.17142857142857143	0.4537037037037037	8.0	0.05100900262702484	
1.0936555953375363e9	5.1234132831592053e8	5.81314267021616e8	16.0	34.0	0.0	0.12244897959183673	0.17142857142857143	0.4375	6.0	0.03765690764040104	
1.1204756413690307e9	5.482235504844403e8	5.722520908845904e8	21.0	28.0	1.0	0.12244897959183673	0.17142857142857143	0.4049586776859504	6.0	0.015598047660622689	
1.12530683001597e9	5.500773440511489e8	5.752294859648211e8	22.0	27.0	1.0	0.12244897959183673	0.17142857142857143	0.392	5.0	0.0120904314106595	
1.0910969537869713e9	5.229650503246254e8	5.681319034623458e8	17.0	33.0	0.0	0.12244897959183673	0.17142857142857143	0.4224137931034483	7.0	0.03237727630734833	
1.0686922194593728e9	5.1380679597053134e8	5.548854234888413e8	18.0	32.0	0.0	0.12244897959183673	0.17142857142857143	0.4298245614035088	8.0	0.040718995751258646	
1.1059479009841654e9	5.418944900912945e8	5.640534108928709e8	24.0	25.0	1.0	0.12244897959183673	0.17142857142857143	0.3983739837398374	6.0	0.016490584328969687	
1.0698644462419702e9	4.9802300042066073e8	5.718414458213096e8	15.0	35.0	0.0	0.12244897959183673	0.17142857142857143	0.4375	7.0	0.037509158425274865	
1.162943518416709e9	5.826926853347888e8	5.802508330819199e8	27.0	22.0	1.0	0.12244897959183673	0.17142857142857143	0.3769230769230769	4.0	0.008224003887269193	
1.0779556233597023e9	5.106220796651601e8	5.673335436945423e8	16.0	34.0	0.0	0.12244897959183673	0.17142857142857143	0.44144144144144143	7.0	0.032305727485799504	
1.1197644074788897e9	5.385670157923563e8	5.811973916865333e8	21.0	28.0	1.0	0.12244897959183673	0.17142857142857143	0.4152542372881356	5.0	0.022424095179197225	
1.1564597964103994e9	5.566659936820368e8	5.997938027283627e8	21.0	28.0	1.0	0.12244897959183673	0.17142857142857143	0.4083333333333333	4.0	0.017545387202500047	
1.1925496492667067e9	6.027011168279032e8	5.898485324388034e8	26.0	23.0	1.0	0.12244897959183673	0.17142857142857143	0.3828125	4.0	0.010719764096114633	
1.109450869254796e9	5.3458081239190054e8	5.748700568628953e8	20.0	29.0	1.0	0.12244897959183673	0.17142857142857143	0.4260869565217391	6.0	0.03257015197854033	
1.0953109652904994e9	5.249689849149079e8	5.703419803755915e8	20.0	30.0	0.0	0.12244897959183673	0.17142857142857143	0.4336283185840708	7.0	0.048676945886579746	
1.11265914564333e9	5.329323718123877e8	5.797267738309424e8	18.0	31.0	1.0	0.12244897959183673	0.17142857142857143	0.4152542372881356	5.0	0.011948606823681852	
1.117079285573111e9	5.355772103341069e8	5.815020752390039e8	18.0	31.0	1.0	0.12244897959183673	0.17142857142857143	0.4152542372881356	5.0	0.01811426951733074	
1.090226796761797e9	5.148622327850747e8	5.753645639767221e8	17.0	33.0	0.0	0.12244897959183673	0.17142857142857143	0.44144144144144143	7.0	0.030355633234534787	
1.2286961265542517e9	6.217995057346616e8	6.068966208195902e8	30.0	19.0	1.0	0.12244897959183673	0.17142857142857143	0.3828125	3.0	0.006038439185197889	
1.1023955172791545e9	5.108667103284292e8	5.915288069507254e8	14.0	36.0	0.0	0.12244897959183673	0.17142857142857143	0.44954128440366975	6.0	0.03890909827134316	
1.13734492010516e9	5.521570167942967e8	5.851879033108633e8	23.0	26.0	1.0	0.12244897959183673	0.17142857142857143	0.4117647058823529	5.0	0.021611845134879345	
1.0995532157027168e9	5.1502069211549336e8	5.845325235872236e8	13.0	37.0	0.0	0.12244897959183673	0.17142857142857143	0.44954128440366975	7.0	0.05042294352806057	
1.0707498405373771e9	4.8704839456924057e8	5.837014459681368e8	10.0	40.0	0.0	0.12244897959183673	0.17142857142857143	0.4537037037037037	7.0	0.03723401265268013	
1.0704828751815917e9	4.8723321367859256e8	5.832496615029993e8	8.0	42.0	0.0	0.12244897959183673	0.17142857142857143	0.47115384615384615	8.0	0.050394665802829065	
1.0889491047147272e9	5.108071749144418e8	5.781419298002853e8	13.0	37.0	0.0	0.12244897959183673	0.17142857142857143	0.4336283185840708	6.0	0.030578080258077255	
1.070791522447545e9	4.8964326412850267e8	5.811482583190424e8	11.0	39.0	0.0	0.12244897959183673	0.17142857142857143	0.4666666666666667	8.0	0.06065806842217405	
1.260898803493411e9	6.526382563714103e8	6.082605471220008e8	30.0	19.0	1.0	0.12244897959183673	0.17142857142857143	0.3684210526315789	3.0	0.004372582366279846	
1.1265482703096814e9	5.455289691748724e8	5.810193011348088e8	17.0	32.0	1.0	0.12244897959183673	0.17142857142857143	0.4188034188034188	5.0	0.01728119999803673	
1.0400225082882768e9	4.665690669818226e8	5.734534413064541e8	8.0	42.0	0.0	0.12244897959183673	0.17142857142857143	0.48514851485148514	10.0	0.0815639641498735	
1.0824652980876348e9	5.1588669156431496e8	5.665786065233197e8	19.0	31.0	0.0	0.12244897959183673	0.15	0.4298245614035088	7.0	0.021969019736876875	
1.1106232476955373e9	5.409519506471837e8	5.696712970483537e8	20.0	29.0	1.0	0.12244897959183673	0.15	0.4117647058823529	6.0	0.015816897577101658	
1.090800681464067e9	5.1502014891333795e8	5.757805325507288e8	17.0	32.0	1.0	0.12244897959183673	0.15	0.4336283185840708	6.0	0.02284611799542772	
1.2131811245318112e9	6.149638616942383e8	5.982172628375728e8	29.0	20.0	1.0	0.12244897959183673	0.15	0.37404580152671757	3.0	0.0059242973746275055	
1.0914610778079321e9	5.0572533044631696e8	5.857357473616153e8	12.0	38.0	0.0	0.12244897959183673	0.15	0.4375	6.0	0.028784977055535295	
1.1111147121980097e9	5.19153944423493e8	5.919607677745169e8	14.0	35.0	1.0	0.12244897959183673	0.15	0.4336283185840708	5.0	0.01621235199041321	
1.0656675315290043e9	4.977682114734014e8	5.67899320055603e8	17.0	33.0	0.0	0.12244897959183673	0.15	0.4375	7.0	0.04042607025050001	
1.060773456530372e9	4.680623613802766e8	5.927110951500955e8	5.0	45.0	0.0	0.12244897959183673	0.15	0.49	9.0	0.06817982548774865	
1.1541634310494404e9	5.627848413178078e8	5.913785897316324e8	25.0	24.0	1.0	0.12244897959183673	0.15	0.4083333333333333	4.0	0.015017991601124853	
1.2456396135960972e9	6.582657439818563e8	5.873738696142409e8	36.0	13.0	1.0	0.12244897959183673	0.15	0.34265734265734266	3.0	0.0015150901630493466	
1.150272364341838e9	5.505174467627237e8	5.997549175791142e8	19.0	30.0	1.0	0.12244897959183673	0.15	0.4188034188034188	4.0	0.014327244939489838	
1.1489802868497128e9	5.774493266717553e8	5.715309601779574e8	26.0	23.0	1.0	0.12244897959183673	0.15	0.3983739837398374	6.0	0.02579223095054428	
1.1237229261439028e9	5.503808830991486e8	5.73342043044754e8	21.0	28.0	1.0	0.12244897959183673	0.15	0.4260869565217391	6.0	0.029217445525218634	
1.0540564531904322e9	4.8697557412907565e8	5.670808790613565e8	12.0	38.0	0.0	0.12244897959183673	0.15	0.45794392523364486	9.0	0.06955248369188946	
1.0763489638707783e9	5.066011782144459e8	5.697477856563325e8	14.0	36.0	0.0	0.12244897959183673	0.15	0.44954128440366975	7.0	0.04339431896079555	
1.1222609651503859e9	5.381300156373948e8	5.841309495129911e8	19.0	30.0	1.0	0.12244897959183673	0.15	0.4049586776859504	5.0	0.0274125156778218	
1.0734571748007452e9	5.1451889623809856e8	5.589382785626466e8	18.0	32.0	0.0	0.12244897959183673	0.15	0.44954128440366975	8.0	0.04737614978836467	
1.1372846116747928e9	5.515320378492875e8	5.857525738255055e8	25.0	24.0	1.0	0.12244897959183673	0.15	0.4083333333333333	4.0	0.014048444469362834	
1.0812341473920012e9	4.964445792256651e8	5.84789568166336e8	12.0	38.0	0.0	0.12244897959183673	0.15	0.45794392523364486	8.0	0.0484237376269189	
1.1758433092175972e9	5.781755104894675e8	5.9766779872813e8	25.0	24.0	1.0	0.12244897959183673	0.15	0.4016393442622951	4.0	0.01559647515905019	
1.1293242122902002e9	5.46051181632971e8	5.832730306572291e8	21.0	28.0	1.0	0.12244897959183673	0.15	0.4083333333333333	5.0	0.014271986267034282	
1.083504454503983e9	5.021573517747656e8	5.813471027292176e8	12.0	38.0	0.0	0.12244897959183673	0.15	0.44545454545454544	6.0	0.02720499524596163	
1.0865655937863207e9	5.155491399160702e8	5.710164538702502e8	17.0	33.0	0.0	0.12244897959183673	0.15	0.4336283185840708	7.0	0.033776964693081134	
1.1226318412017708e9	5.355615690557997e8	5.870702721459711e8	20.0	29.0	1.0	0.12244897959183673	0.15	0.4083333333333333	5.0	0.01624705743103102	
1.120190098183658e9	5.327166065177345e8	5.874734916659232e8	18.0	31.0	1.0	0.12244897959183673	0.15	0.4188034188034188	5.0	0.017180245113918583	
1.245133427538387e9	6.3998935996071e8	6.051440675776769e8	32.0	17.0	1.0	0.12244897959183673	0.15	0.37404580152671757	3.0	0.0022576842092148215	
1.0651844280463704e9	4.958829716095638e8	5.693014564368067e8	15.0	35.0	0.0	0.12244897959183673	0.15	0.46226415094339623	9.0	0.05840536764156211	
1.1104766268472376e9	5.259754645202838e8	5.845011623269536e8	15.0	34.0	1.0	0.12244897959183673	0.15	0.4336283185840708	6.0	0.033467401001914795	
1.0685496611840079e9	4.913968927073297e8	5.771527684766781e8	11.0	39.0	0.0	0.12244897959183673	0.15	0.4537037037037037	7.0	0.03562577822781904	
1.0903040440594103e9	5.1409687637362134e8	5.76207167685789e8	16.0	33.0	1.0	0.12244897959183673	0.15	0.4298245614035088	6.0	0.030761015000960984	
1.0485101033449621e9	4.862505392187883e8	5.622595641261737e8	16.0	34.0	0.0	0.12244897959183673	0.15	0.46226415094339623	9.0	0.06278386895883892	
1.1437813001092765e9	5.631683720354623e8	5.806129280738143e8	23.0	26.0	1.0	0.12244897959183673	0.15	0.392	4.0	0.009968524955769853	
1.0794924805594351e9	5.153957640427672e8	5.640967165166677e8	19.0	30.0	1.0	0.12244897959183673	0.15	0.4152542372881356	6.0	0.015181439153527987	
1.0850273166713364e9	5.194594646671338e8	5.655678520042026e8	18.0	32.0	0.0	0.12244897959183673	0.15	0.4260869565217391	7.0	0.02198517074717555	
1.078699777556541e9	5.148157641546215e8	5.638840134019194e8	19.0	31.0	0.0	0.12244897959183673	0.15	0.4260869565217391	7.0	0.02881201195651976	
1.0786196282021239e9	4.966023671294297e8	5.820172610726942e8	13.0	37.0	0.0	0.12244897959183673	0.15	0.44144144144144143	7.0	0.031743119048041016	
1.2009231197874637e9	5.955747162022318e8	6.053484035852319e8	24.0	25.0	1.0	0.12244897959183673	0.15	0.3983739837398374	3.0	0.008300343947102648	
1.0794196185943274e9	5.0053173536225e8	5.788878832320774e8	12.0	38.0	0.0	0.12244897959183673	0.15	0.44144144144144143	7.0	0.038027027050136296	
1.2163356599397826e9	6.201397360809169e8	5.961959238588655e8	29.0	20.0	1.0	0.12244897959183673	0.15	0.3656716417910448	3.0	0.005682459186360746	
1.0851501358307514e9	5.099478848637256e8	5.75202250967026e8	15.0	35.0	0.0	0.12244897959183673	0.15	0.4336283185840708	7.0	0.033124495358138814	
1.0743384329187036e9	5.0569903084833837e8	5.686394020703652e8	15.0	35.0	0.0	0.12244897959183673	0.15	0.4336283185840708	7.0	0.040866267141777345	
1.1369222738543956e9	5.659800957054222e8	5.709421781489735e8	26.0	23.0	1.0	0.12244897959183673	0.15	0.4016393442622951	6.0	0.030999782391589122	
1.0705249270301962e9	4.893106975337553e8	5.812142294964409e8	12.0	38.0	0.0	0.12244897959183673	0.15	0.44954128440366975	7.0	0.044216510280435856	
1.1573707650176806e9	5.596505345599589e8	5.977202304577218e8	20.0	29.0	1.0	0.12244897959183673	0.15	0.4117647058823529	4.0	0.015040300308157449	
1.0911138166642246e9	5.198389585049741e8	5.712748581592503e8	20.0	29.0	1.0	0.12244897959183673	0.15	0.4152542372881356	6.0	0.030596083338430276	
1.0642296216962814e9	4.821358445211123e8	5.820937771751689e8	11.0	39.0	0.0	0.12244897959183673	0.15	0.47115384615384615	8.0	0.05151465195357751	
1.091613449693668e9	5.0206894494124985e8	5.89544504752418e8	10.0	40.0	0.0	0.12244897959183673	0.15	0.44545454545454544	6.0	0.027780695611577966	
1.1199568036279607e9	5.456431812183216e8	5.743136224096391e8	23.0	26.0	1.0	0.12244897959183673	0.15	0.4016393442622951	5.0	0.015474271210315624	
1.0637404667786947e9	4.9372916899708164e8	5.700112977816131e8	13.0	37.0	0.0	0.12244897959183673	0.15	0.4537037037037037	8.0	0.0436360517955656	
1.0675389339935427e9	5.1021719265593743e8	5.573217413376052e8	20.0	30.0	0.0	0.12244897959183673	0.15	0.4117647058823529	7.0	0.025003452235595094	