8.322493991643155e8	4.1647463469530684e8	4.157747644690087e8	21.0	27.0	2.0	0.12244897959183673	0.1553030303030303	0.4298245614035088	6.0	0.03228194782303268	
7.055667866648959e8	3.319491149951346e8	3.736176716697612e8	10.0	39.0	1.0	0.12244897959183673	0.1553030303030303	0.49	9.0	0.06641067384052077	
1.0007315002760636e9	5.344156197297095e8	4.663158805463542e8	27.0	20.0	3.0	0.12244897959183673	0.1553030303030303	0.3951612903225806	4.0	0.009680424488090972	
8.434792371645749e8	4.251940150404899e8	4.182852221240849e8	19.0	30.0	1.0	0.12244897959183673	0.1553030303030303	0.4260869565217391	6.0	0.02501985684383643	
7.952953083814764e8	3.9091437534985894e8	4.043809330316174e8	19.0	30.0	1.0	0.12244897959183673	0.1553030303030303	0.44144144144144143	7.0	0.03629622102198632	
8.630904710489502e8	4.399950836070931e8	4.230953874418571e8	23.0	26.0	1.0	0.12244897959183673	0.1553030303030303	0.4260869565217391	6.0	0.020342809118319323	
8.762474403006072e8	4.5231040183547974e8	4.2393703846512747e8	24.0	25.0	1.0	0.12244897959183673	0.1553030303030303	0.4152542372881356	7.0	0.030373184072163672	
1.0303767573535682e9	5.501575185629376e8	4.8021923879063064e8	31.0	14.0	5.0	0.12244897959183673	0.1553030303030303	0.3888888888888889	4.0	0.008277635063349347	
9.059066167433512e8	4.694495296232368e8	4.3645708712011445e8	23.0	24.0	3.0	0.12244897959183673	0.1553030303030303	0.4224137931034483	6.0	0.019234740599536518	
9.068741808921868e8	4.6918126443717307e8	4.3769291645501375e8	24.0	23.0	3.0	0.12244897959183673	0.1553030303030303	0.4152542372881356	6.0	0.027465165220267262	
9.796412397966335e8	5.1707041183526444e8	4.625708279613691e8	26.0	20.0	4.0	0.12244897959183673	0.1553030303030303	0.3983739837398374	4.0	0.015894780531260127	
7.623398757679195e8	3.7072098951753443e8	3.916188862503849e8	15.0	34.0	1.0	0.12244897959183673	0.1553030303030303	0.4537037037037037	8.0	0.06007030219402667	
8.497605025955672e8	4.29348072043749e8	4.2041243055181813e8	20.0	28.0	2.0	0.12244897959183673	0.1553030303030303	0.44144144144144143	6.0	0.02781828314353824	
9.818082713382246e8	5.2170260027470505e8	4.6010567106351966e8	28.0	19.0	3.0	0.12244897959183673	0.1553030303030303	0.4016393442622951	5.0	0.014896422549483772	
7.891797115147767e8	3.8788495581983507e8	4.012947556949415e8	19.0	30.0	1.0	0.12244897959183673	0.1553030303030303	0.44545454545454544	7.0	0.034117272797119735	
8.260437234798796e8	4.11676451294715e8	4.143672721851646e8	21.0	28.0	1.0	0.12244897959183673	0.1553030303030303	0.44144144144144143	6.0	0.037995393013518675	
8.878758020506487e8	4.5132643785613436e8	4.3654936419451433e8	20.0	28.0	2.0	0.12244897959183673	0.1553030303030303	0.4260869565217391	5.0	0.021713901923354123	
1.0949468051657615e9	5.954884170645461e8	4.994583881012155e8	30.0	16.0	4.0	0.12244897959183673	0.1553030303030303	0.3769230769230769	3.0	0.007669284011926332	
8.120593859618636e8	4.0577567996697956e8	4.06283705994884e8	16.0	33.0	1.0	0.12244897959183673	0.1553030303030303	0.44144144144144143	7.0	0.03886080366007864	
8.795923832482085e8	4.472366766545124e8	4.323557065936961e8	22.0	27.0	1.0	0.12244897959183673	0.1553030303030303	0.4152542372881356	5.0	0.015847251840135836	
8.81667606800947e8	4.523139138597692e8	4.293536929411777e8	21.0	27.0	2.0	0.12244897959183673	0.1553030303030303	0.4188034188034188	6.0	0.0314689963286902	
9.09447247274833e8	4.683126788916612e8	4.411345683831717e8	26.0	23.0	1.0	0.12244897959183673	0.1553030303030303	0.4083333333333333	5.0	0.007610832411114365	
9.151858919021466e8	4.734907442719664e8	4.416951476301801e8	23.0	25.0	2.0	0.12244897959183673	0.1553030303030303	0.4152542372881356	5.0	0.023215799335227372	
7.53924741287626e8	3.647692249757387e8	3.8915551631188726e8	14.0	35.0	1.0	0.12244897959183673	0.1553030303030303	0.47572815533980584	8.0	0.04597602758014948	
7.625381002651615e8	3.684974467863431e8	3.940406534788185e8	16.0	33.0	1.0	0.12244897959183673	0.1553030303030303	0.4537037037037037	7.0	0.041779082036533695	
8.725448877109821e8	4.472455053302071e8	4.252993823807749e8	26.0	21.0	3.0	0.12244897959183673	0.1553030303030303	0.4375	7.0	0.04255130765771207	
7.707800955945518e8	3.737895903387762e8	3.969905052557756e8	15.0	34.0	1.0	0.12244897959183673	0.1553030303030303	0.46226415094339623	7.0	0.03779219267773242	
9.787829710331469e8	5.206401687626715e8	4.5814280227047527e8	26.0	20.0	4.0	0.12244897959183673	0.1553030303030303	0.4016393442622951	5.0	0.010122759421228807	
8.819704765367365e8	4.545100479806139e8	4.2746042855612254e8	23.0	25.0	2.0	0.12244897959183673	0.1553030303030303	0.4375	7.0	0.025653089898524915	
9.081628422313709e8	4.769382184579525e8	4.312246237734184e8	25.0	23.0	2.0	0.12244897959183673	0.1553030303030303	0.4260869565217391	9.0	0.03920488171125927	
8.482691099545238e8	4.315463479207016e8	4.167227620338223e8	24.0	24.0	2.0	0.12244897959183673	0.1553030303030303	0.4298245614035088	7.0	0.0409181331408775	
1.0871809681089432e9	5.977323164094551e8	4.8944865169948804e8	31.0	14.0	5.0	0.12244897959183673	0.1553030303030303	0.37404580152671757	4.0	0.006667811355311355	
9.475291423172959e8	5.0138353574214756e8	4.4614560657514834e8	25.0	22.0	3.0	0.12244897959183673	0.1553030303030303	0.4224137931034483	7.0	0.028131461158783927	
8.793145966796892e8	4.513938160525208e8	4.2792078062716824e8	21.0	28.0	1.0	0.12244897959183673	0.1553030303030303	0.4260869565217391	6.0	0.02676525013058311	
9.306282768261383e8	4.8615767595693004e8	4.444706008692082e8	24.0	23.0	3.0	0.12244897959183673	0.1553030303030303	0.4117647058823529	6.0	0.036777392580964	
8.093910774897044e8	4.0233740617786115e8	4.0705367131184316e8	20.0	28.0	2.0	0.12244897959183673	0.1553030303030303	0.44954128440366975	7.0	0.04404313121586215	
9.613788820862751e8	5.0062878042886615e8	4.6075010165740895e8	26.0	21.0	3.0	0.12244897959183673	0.1553030303030303	0.4083333333333333	4.0	0.016922975692108343	
8.636440436017356e8	4.3524548259127975e8	4.2839856101045585e8	23.0	25.0	2.0	0.12244897959183673	0.1553030303030303	0.4188034188034188	5.0	0.02644251534557657	
8.945499674996219e8	4.592551582372891e8	4.352948092623329e8	23.0	25.0	2.0	0.12244897959183673	0.1553030303030303	0.4117647058823529	5.0	0.017416126249034408	
9.080173143768756e8	4.6783013414323807e8	4.401871802336377e8	22.0	26.0	2.0	0.12244897959183673	0.1553030303030303	0.4152542372881356	5.0	0.02050203552116818	
8.226998183919091e8	4.083829203690703e8	4.143168980228388e8	18.0	30.0	2.0	0.12244897959183673	0.1553030303030303	0.44545454545454544	6.0	0.03816954629588895	
9.778953000180105e8	5.1415962872174597e8	4.637356712962646e8	27.0	20.0	3.0	0.12244897959183673	0.1553030303030303	0.4016393442622951	4.0	0.013471977757692042	
8.388533642927761e8	4.22537103363532e8	4.163162609292441e8	18.0	29.0	3.0	0.12244897959183673	0.1553030303030303	0.4375	7.0	0.04488140976459989	
9.132533107860727e8	4.7483730192128325e8	4.384160088647896e8	24.0	23.0	3.0	0.12244897959183673	0.1553030303030303	0.4083333333333333	6.0	0.019734934849730768	
8.244423044976441e8	4.118980576834195e8	4.125442468142245e8	17.0	32.0	1.0	0.12244897959183673	0.1553030303030303	0.4336283185840708	6.0	0.029636673322897805	
9.180736073758603e8	4.778554723519206e8	4.4021813502393985e8	22.0	26.0	2.0	0.12244897959183673	0.1553030303030303	0.4083333333333333	5.0	0.01770539066793094	
8.117378956771684e8	4.046242109796514e8	4.0711368469751704e8	17.0	32.0	1.0	0.12244897959183673	0.1553030303030303	0.44144144144144143	7.0	0.03453301972870984	
8.927521189498384e8	4.6051260742672026e8	4.32239511523118e8	23.0	25.0	2.0	0.12244897959183673	0.1553030303030303	0.4152542372881356	6.0	0.028705394736544036	
7.969359417526507e8	3.931130112691926e8	4.0382293048345816e8	17.0	32.0	1.0	0.12244897959183673	0.1553030303030303	0.44144144144144143	7.0	0.03220659371807331	
8.202075775024599e8	4.110759964622535e8	4.091315810402063e8	23.0	26.0	1.0	0.12244897959183673	0.1553030303030303	0.4375	7.0	0.03484255021244818	
9.183440045653651e8	4.8444937120566833e8	4.3389463335969687e8	25.0	24.0	1.0	0.12244897959183673	0.1553030303030303	0.4117647058823529	6.0	0.022138123828174847	
1.153904787545656e9	6.397518093484597e8	5.14152978197196e8	34.0	12.0	4.0	0.12244897959183673	0.1553030303030303	0.3712121212121212	4.0	0.008263852077627587	
1.1729948752265525e9	6.530833307423685e8	5.199115444841839e8	34.0	11.0	5.0	0.12244897959183673	0.1553030303030303	0.3712121212121212	4.0	0.0037368518836105873	
9.271415368325534e8	4.849324080069746e8	4.422091288255789e8	25.0	21.0	4.0	0.12244897959183673	0.1553030303030303	0.4298245614035088	7.0	0.04006795449059853	
9.813160061826787e8	5.2002606331648874e8	4.612899428661899e8	26.0	20.0	4.0	0.12244897959183673	0.1553030303030303	0.4152542372881356	6.0	0.03330102423364729	
8.878425487021471e8	4.554171751143328e8	4.324253735878142e8	23.0	24.0	3.0	0.12244897959183673	0.1553030303030303	0.4260869565217391	6.0	0.04285661864368347	
7.619768989688652e8	3.660677461746311e8	3.9590915279423404e8	12.0	37.0	1.0	0.12244897959183673	0.1553030303030303	0.4537037037037037	6.0	0.03998107522229671	
8.597230410696366e8	4.3392657344600797e8	4.257964676236285e8	21.0	28.0	1.0	0.12244897959183673	0.1553030303030303	0.4188034188034188	5.0	0.017408146700238533	
8.930540547770884e8	4.616479927171408e8	4.314060620599476e8	21.0	27.0	2.0	0.12244897959183673	0.1553030303030303	0.4298245614035088	6.0	0.02880291889483066	
8.181137044390812e8	4.0647857577525985e8	4.1163512866382134e8	18.0	31.0	1.0	0.12244897959183673	0.1553030303030303	0.4336283185840708	6.0	0.025783925402772943	
8.29759306108368e8	4.156460214724234e8	4.141132846359446e8	17.0	31.0	2.0	0.12244897959183673	0.1553030303030303	0.44144144144144143	7.0	0.04014600573274042	
7.6609345144712e8	3.7132539530214006e8	3.9476805614497995e8	13.0	36.0	1.0	0.12244897959183673	0.1553030303030303	0.44545454545454544	7.0	0.044133091728754986	
9.657822229003501e8	5.0808160921227014e8	4.5770061368807983e8	25.0	22.0	3.0	0.12244897959183673	0.1553030303030303	0.392	4.0	0.01295607005428434	
8.622427285705085e8	4.3631871700902814e8	4.259240115614802e8	22.0	27.0	1.0	0.12244897959183673	0.1553030303030303	0.4224137931034483	5.0	0.01624582462855272	
8.229531554967792e8	4.1151328730732703e8	4.114398681894522e8	19.0	29.0	2.0	0.12244897959183673	0.1553030303030303	0.44545454545454544	7.0	0.05349891580008626	
1.106768481679929e9	6.098712698372228e8	4.9689721184270626e8	30.0	17.0	3.0	0.12244897959183673	0.1553030303030303	0.3684210526315789	3.0	0.004042759961127307	
7.302148451542038e8	3.4919039837961423e8	3.8102444677458966e8	13.0	36.0	1.0	0.12244897959183673	0.1553030303030303	0.47115384615384615	9.0	0.07093225944779066	
8.058545450691662e8	3.982478093125372e8	4.07606735756629e8	18.0	31.0	1.0	0.12244897959183673	0.1553030303030303	0.4336283185840708	6.0	0.030440331796499263	
9.972902779724553e8	5.368173751362751e8	4.6047290283618003e8	26.0	21.0	3.0	0.12244897959183673	0.1553030303030303	0.3828125	5.0	0.015458030253948622	
8.838372286835871e8	4.553880111701636e8	4.284492175134235e8	23.0	24.0	3.0	0.12244897959183673	0.1553030303030303	0.4298245614035088	6.0	0.03001008321799139	
1.0406336297313172e9	5.662100609797685e8	4.7442356875154865e8	28.0	16.0	6.0	0.12244897959183673	0.1553030303030303	0.3828125	5.0	0.008688209230301067	
9.403589959449809e8	5.0131455864342767e8	4.390444373015532e8	22.0	26.0	2.0	0.12244897959183673	0.1553030303030303	0.4117647058823529	7.0	0.026777309047717208	
1.0118091039944475e9	5.43880510996781e8	4.6792859299766654e8	26.0	20.0	4.0	0.12244897959183673	0.1553030303030303	0.3983739837398374	5.0	0.01654265873015873	
9.843078638941352e8	5.241242546537812e8	4.6018360924035406e8	27.0	20.0	3.0	0.12244897959183673	0.1553030303030303	0.4016393442622951	5.0	0.023675589574824272	
8.864992955865047e8	4.6172446468349123e8	4.2477483090301347e8	22.0	26.0	2.0	0.12244897959183673	0.1553030303030303	0.4298245614035088	8.0	0.046236456995385554	
8.424224730076113e8	4.2141737762771904e8	4.210050953798923e8	19.0	30.0	1.0	0.12244897959183673	0.1553030303030303	0.4298245614035088	5.0	0.017055702928301966	
8.019514697865732e8	3.984743232633065e8	4.0347714652326655e8	16.0	33.0	1.0	0.12244897959183673	0.1553030303030303	0.44545454545454544	7.0	0.04219914156138647	
8.292557857145004e8	4.135628998905769e8	4.156928858239236e8	22.0	27.0	1.0	0.12244897959183673	0.1553030303030303	0.4298245614035088	6.0	0.02978222174650746	
8.164940284117684e8	4.062854419573755e8	4.1020858645439285e8	19.0	29.0	2.0	0.12244897959183673	0.1553030303030303	0.44144144144144143	7.0	0.032409297052154194	
8.316070780351231e8	4.1614926423719394e8	4.154578137979293e8	21.0	28.0	1.0	0.12244897959183673	0.1553030303030303	0.4260869565217391	6.0	0.02519863284419107	
7.586108463486233e8	3.665121142810608e8	3.9209873206756264e8	13.0	36.0	1.0	0.12244897959183673	0.1553030303030303	0.4537037037037037	7.0	0.04331674347505678	
8.247223557051988e8	4.1279532532838595e8	4.1192703037681276e8	18.0	30.0	2.0	0.12244897959183673	0.1553030303030303	0.4375	7.0	0.034059440154128026	
8.846940420982192e8	4.564960325584967e8	4.2819800953972256e8	20.0	28.0	2.0	0.12244897959183673	0.1553030303030303	0.4152542372881356	6.0	0.026829654300392594	
8.049094400939422e8	3.986487338208574e8	4.062607062730848e8	20.0	29.0	1.0	0.12244897959183673	0.1553030303030303	0.4375	6.0	0.026925376447060112	
7.168141157522696e8	3.37342905735219e8	3.794712100170506e8	11.0	38.0	1.0	0.12244897959183673	0.1553030303030303	0.49	8.0	0.05445979732219229	
9.827789488697743e8	5.2191112292648983e8	4.6086782594328445e8	27.0	20.0	3.0	0.12244897959183673	0.1553030303030303	0.3828125	4.0	0.006523065575436523	
7.941973555668261e8	3.882533263704759e8	4.0594402919635016e8	15.0	34.0	1.0	0.12244897959183673	0.1553030303030303	0.44545454545454544	6.0	0.028850309035258013	
7.960100243891897e8	3.9533876024182224e8	4.006712641473675e8	18.0	31.0	1.0	0.12244897959183673	0.1553030303030303	0.4375	8.0	0.03953189313520946	
7.901828991393375e8	3.8909031844704115e8	4.010925806922965e8	17.0	32.0	1.0	0.12244897959183673	0.1553030303030303	0.44545454545454544	7.0	0.03659019787846318	
8.429855924989994e8	4.2987748694131523e8	4.1310810555768406e8	20.0	29.0	1.0	0.12244897959183673	0.1553030303030303	0.4298245614035088	7.0	0.03537712287712288	
8.81346629686883e8	4.561167519691885e8	4.252298777176943e8	23.0	26.0	1.0	0.12244897959183673	0.1553030303030303	0.4298245614035088	7.0	0.03402412473203289	
9.059453719297075e8	4.699562828911053e8	4.3598908903860205e8	22.0	26.0	2.0	0.12244897959183673	0.1553030303030303	0.4188034188034188	6.0	0.02974892029738969	
9.855457571838577e8	5.2303889986753213e8	4.6250685731632555e8	25.0	22.0	3.0	0.12244897959183673	0.1553030303030303	0.3983739837398374	4.0	0.014785488509978302	
1.0980869169244232e9	6.054468305101631e8	4.9264008641426027e8	31.0	14.0	5.0	0.12244897959183673	0.1553030303030303	0.3798449612403101	4.0	0.01793764955754752	
1.0523467490593013e9	5.80546341812141e8	4.718004072471603e8	30.0	15.0	5.0	0.12244897959183673	0.1553030303030303	0.392	7.0	0.024552286573970242	
1.1243109261170406e9	6.313448425159473e8	4.9296608360109335e8	31.0	15.0	4.0	0.12244897959183673	0.1553030303030303	0.362962962962963	4.0	0.004236209274474581	
1.046414777271774e9	5.730440147758527e8	4.733707624959215e8	29.0	16.0	5.0	0.12244897959183673	0.1553030303030303	0.3951612903225806	6.0	0.021349445261510086	
9.037767518103371e8	4.7248372347859335e8	4.3129302833174384e8	22.0	25.0	3.0	0.12244897959183673	0.1553030303030303	0.44545454545454544	8.0	0.05072550983152723	
9.283125725564826e8	4.857402560086566e8	4.42572316547826e8	23.0	25.0	2.0	0.12244897959183673	0.1553030303030303	0.4049586776859504	5.0	0.015132238792953077	
8.047892769487038e8	3.996914647206888e8	4.0509781222801495e8	16.0	33.0	1.0	0.12244897959183673	0.1553030303030303	0.4537037037037037	7.0	0.05015299427851949	
8.776539801368656e8	4.4668123085611063e8	4.3097274928075486e8	22.0	26.0	2.0	0.12244897959183673	0.13011152416356878	0.4224137931034483	5.0	0.015770616854800523	
8.943575982083437e8	4.573566802161875e8	4.3700091799215627e8	25.0	23.0	2.0	0.12244897959183673	0.13011152416356878	0.4049586776859504	5.0	0.017418085976759447	
1.0407901211047432e9	5.628094476026125e8	4.7798067350213075e8	29.0	16.0	5.0	0.12244897959183673	0.13011152416356878	0.392	5.0	0.022158005448821776	
1.0207346876447821e9	5.443898508340249e8	4.763448368107573e8	29.0	17.0	4.0	0.12244897959183673	0.13011152416356878	0.3888888888888889	4.0	0.004368791167260556	
9.633073227615769e8	5.043411107532792e8	4.589662120082976e8	23.0	25.0	2.0	0.12244897959183673	0.13011152416356878	0.4016393442622951	4.0	0.015077184720041865	
1.0474504555581095e9	5.649719894889586e8	4.824784660691509e8	29.0	18.0	3.0	0.12244897959183673	0.13011152416356878	0.3888888888888889	4.0	0.01016055231616456	
1.0102490469898427e9	5.409324671532171e8	4.693165798366257e8	28.0	19.0	3.0	0.12244897959183673	0.13011152416356878	0.3983739837398374	5.0	0.00964675323731446	
7.792292787584527e8	3.836984803499136e8	3.955307984085391e8	19.0	30.0	1.0	0.12244897959183673	0.13011152416356878	0.45794392523364486	8.0	0.04853482449145714	
8.301510519386897e8	4.209276954534523e8	4.092233564852375e8	20.0	29.0	1.0	0.12244897959183673	0.13011152416356878	0.44954128440366975	8.0	0.044580457335559376	
7.559970172738187e8	3.645596954387206e8	3.914373218350981e8	15.0	33.0	2.0	0.12244897959183673	0.13011152416356878	0.47115384615384615	8.0	0.05898145812048872	
9.006922389804144e8	4.659012858605809e8	4.3479095311983347e8	22.0	26.0	2.0	0.12244897959183673	0.13011152416356878	0.4152542372881356	5.0	0.006183524997300507	
8.814164876579466e8	4.5258405728589773e8	4.28832430372049e8	24.0	24.0	2.0	0.12244897959183673	0.13011152416356878	0.4188034188034188	6.0	0.02112117969898582	
8.921757352749925e8	4.5960311396702135e8	4.325726213079712e8	23.0	25.0	2.0	0.12244897959183673	0.13011152416356878	0.4152542372881356	6.0	0.022062458988479396	
1.0457052070526893e9	5.637016067605743e8	4.820036002921151e8	29.0	17.0	4.0	0.12244897959183673	0.13011152416356878	0.3858267716535433	4.0	0.011107970355419335	
8.28443671708777e8	4.1425569539824176e8	4.141879763105351e8	19.0	30.0	1.0	0.12244897959183673	0.13011152416356878	0.4375	6.0	0.026273900891247825	
9.464015217202849e8	4.9448911511972165e8	4.5191240660056335e8	26.0	20.0	4.0	0.12244897959183673	0.13011152416356878	0.4083333333333333	5.0	0.016038541484970054	
7.925596746044192e8	3.9075071027053183e8	4.0180896433388734e8	18.0	31.0	1.0	0.12244897959183673	0.13011152416356878	0.44144144144144143	7.0	0.04068666004252739	
9.020991299199133e8	4.6302454440594685e8	4.390745855139664e8	26.0	22.0	2.0	0.12244897959183673	0.13011152416356878	0.4152542372881356	5.0	0.016223949897419283	
9.345774699584298e8	4.885606864050416e8	4.4601678355338824e8	26.0	22.0	2.0	0.12244897959183673	0.13011152416356878	0.4117647058823529	5.0	0.01639470577608333	
1.1110098326967518e9	6.106311788212451e8	5.003786538755066e8	32.0	13.0	5.0	0.12244897959183673	0.13011152416356878	0.37404580152671757	4.0	0.009780001744287458	
8.754166807327505e8	4.475096055099132e8	4.2790707522283727e8	25.0	21.0	4.0	0.12244897959183673	0.13011152416356878	0.4298245614035088	7.0	0.04438580835264507	
1.0767942837495544e9	5.900450877940071e8	4.867491959555472e8	30.0	16.0	4.0	0.12244897959183673	0.13011152416356878	0.3798449612403101	4.0	0.011832446653875226	
7.861591168553691e8	3.855826821272116e8	4.005764347281575e8	18.0	30.0	2.0	0.12244897959183673	0.13011152416356878	0.4537037037037037	7.0	0.04493402596081167	
7.388816874266661e8	3.517989562055039e8	3.870827312211623e8	14.0	35.0	1.0	0.12244897959183673	0.13011152416356878	0.4666666666666667	7.0	0.04516905052619338	
8.606208331852884e8	4.338921676762402e8	4.2672866550904834e8	22.0	27.0	1.0	0.12244897959183673	0.13011152416356878	0.4152542372881356	5.0	0.016835501752593587	
7.713428993640687e8	3.768761000018251e8	3.944667993622438e8	19.0	30.0	1.0	0.12244897959183673	0.13011152416356878	0.4537037037037037	8.0	0.047561384901946134	
8.497078651826719e8	4.288994052091497e8	4.208084599735221e8	23.0	26.0	1.0	0.12244897959183673	0.13011152416356878	0.4298245614035088	6.0	0.022347242468415934	
8.878310100854666e8	4.56039335845034e8	4.317916742404325e8	23.0	25.0	2.0	0.12244897959183673	0.13011152416356878	0.4260869565217391	6.0	0.026637242198466686	
7.773946005743611e8	3.7929943870382214e8	3.9809516187053895e8	15.0	34.0	1.0	0.12244897959183673	0.13011152416356878	0.45794392523364486	7.0	0.04099769868264766	
9.666861807895114e8	5.061960877376896e8	4.604900930518218e8	25.0	22.0	3.0	0.12244897959183673	0.13011152416356878	0.4049586776859504	4.0	0.01370431108951517	
7.6467430316018e8	3.696088075234816e8	3.9506549563669837e8	15.0	33.0	2.0	0.12244897959183673	0.13011152416356878	0.45794392523364486	7.0	0.03827779127524025	
7.821947527934759e8	3.854104530781517e8	3.9678429971532404e8	15.0	34.0	1.0	0.12244897959183673	0.13011152416356878	0.44954128440366975	8.0	0.053608884029802406	
7.749957496191022e8	3.7521270321800435e8	3.997830464010979e8	17.0	32.0	1.0	0.12244897959183673	0.13011152416356878	0.4537037037037037	6.0	0.032549468199978414	
9.263675184674754e8	4.809951998088097e8	4.453723186586657e8	26.0	20.0	4.0	0.12244897959183673	0.13011152416356878	0.4117647058823529	5.0	0.01933680218118994	
9.155107098965894e8	4.7353354264699936e8	4.4197716724959016e8	23.0	24.0	3.0	0.12244897959183673	0.13011152416356878	0.4117647058823529	5.0	0.01861165100961019	
8.898934362457428e8	4.552115246231043e8	4.346819116226386e8	23.0	25.0	2.0	0.12244897959183673	0.13011152416356878	0.4188034188034188	5.0	0.012268181081956594	
7.286806858236814e8	3.502061097294302e8	3.784745760942512e8	15.0	34.0	1.0	0.12244897959183673	0.13011152416356878	0.4803921568627451	10.0	0.0713049139069547	
7.764282567072376e8	3.7684222992803127e8	3.9958602677920634e8	13.0	36.0	1.0	0.12244897959183673	0.13011152416356878	0.4537037037037037	6.0	0.030867204177153162	
7.979394286145952e8	3.9430651153293693e8	4.0363291708165824e8	17.0	32.0	1.0	0.12244897959183673	0.13011152416356878	0.44545454545454544	7.0	0.0402628786557358	
1.0668342107893059e9	5.735421500814941e8	4.9329206070781183e8	30.0	17.0	3.0	0.12244897959183673	0.13011152416356878	0.3858267716535433	3.0	0.005292355037252995	
7.954398191642455e8	3.942262451695969e8	4.0121357399464864e8	19.0	29.0	2.0	0.12244897959183673	0.13011152416356878	0.4666666666666667	9.0	0.06381292672746755	
8.623812919575465e8	4.375729612248764e8	4.2480833073266995e8	22.0	25.0	3.0	0.12244897959183673	0.13011152416356878	0.4375	7.0	0.03755410665487196	
9.087753778836566e8	4.7305723089879423e8	4.357181469848622e8	21.0	27.0	2.0	0.12244897959183673	0.13011152416356878	0.4260869565217391	6.0	0.02766092090071682	
8.713926561549267e8	4.4985973605650705e8	4.2153292009841967e8	22.0	27.0	1.0	0.12244897959183673	0.13011152416356878	0.4260869565217391	8.0	0.04031855568845365	
9.49991806881336e8	5.021005167851872e8	4.4789129009614885e8	26.0	21.0	3.0	0.12244897959183673	0.13011152416356878	0.4117647058823529	6.0	0.015061480941582984	
9.517280102080212e8	5.0102007246169055e8	4.507079377463306e8	28.0	20.0	2.0	0.12244897959183673	0.13011152416356878	0.4083333333333333	5.0	0.009688426652712367	
8.811461367269976e8	4.488663443656478e8	4.322797923613497e8	22.0	26.0	2.0	0.12244897959183673	0.13011152416356878	0.4298245614035088	5.0	0.017782686181920873	
8.774751112551054e8	4.512257421923001e8	4.262493690628054e8	25.0	24.0	1.0	0.12244897959183673	0.13011152416356878	0.4224137931034483	7.0	0.037108417848213754	
8.35157356746922e8	4.2168395405194765e8	4.134734026949745e8	21.0	27.0	2.0	0.12244897959183673	0.13011152416356878	0.44545454545454544	7.0	0.04085982989044213	
7.317576926823993e8	3.4962381683732295e8	3.821338758450764e8	14.0	35.0	1.0	0.12244897959183673	0.13011152416356878	0.4666666666666667	8.0	0.05066212840447534	
8.07278878035537e8	4.013118961432592e8	4.0596698189227784e8	19.0	30.0	1.0	0.12244897959183673	0.13516896120150187	0.4375	7.0	0.03017417908999542	
9.285698550619043e8	4.871120862791917e8	4.4145776878271264e8	23.0	24.0	3.0	0.12244897959183673	0.13516896120150187	0.4083333333333333	6.0	0.02728959271576319	
1.1898863816396575e9	6.656334439390564e8	5.242529377006012e8	33.0	13.0	4.0	0.12244897959183673	0.13516896120150187	0.362962962962963	3.0	0.004466131690771546	
9.243657041228092e8	4.800519989700642e8	4.443137051527449e8	24.0	24.0	2.0	0.12244897959183673	0.13516896120150187	0.4224137931034483	6.0	0.03936212139471705	
9.21736523146427e8	4.788169648434336e8	4.429195583029934e8	24.0	23.0	3.0	0.12244897959183673	0.13516896120150187	0.4152542372881356	5.0	0.018048393044641547	
9.106047860746951e8	4.7044926738606226e8	4.401555186886329e8	25.0	23.0	2.0	0.12244897959183673	0.13516896120150187	0.4224137931034483	6.0	0.028857114792086604	
8.93599663852726e8	4.622440680525974e8	4.313555958001285e8	24.0	24.0	2.0	0.12244897959183673	0.13516896120150187	0.4188034188034188	6.0	0.026605939995045638	
8.28805333734055e8	4.189173329487542e8	4.098880007853009e8	19.0	30.0	1.0	0.12244897959183673	0.13516896120150187	0.44545454545454544	7.0	0.03251365232614254	
8.442238626884012e8	4.275483167697354e8	4.1667554591866577e8	22.0	27.0	1.0	0.12244897959183673	0.13516896120150187	0.4224137931034483	7.0	0.03241860721977769	
8.602073167696483e8	4.3484494461996555e8	4.2536237214968276e8	21.0	28.0	1.0	0.12244897959183673	0.13516896120150187	0.4260869565217391	5.0	0.013323017213323338	
8.061207572646025e8	3.9915798684633744e8	4.069627704182651e8	19.0	30.0	1.0	0.12244897959183673	0.13516896120150187	0.45794392523364486	7.0	0.04163173511162707	
8.268742370550734e8	4.132700389677792e8	4.136041980872941e8	21.0	28.0	1.0	0.12244897959183673	0.13516896120150187	0.4260869565217391	6.0	0.022066416754291905	
8.044351611572709e8	3.9670273587310904e8	4.077324252841618e8	19.0	30.0	1.0	0.12244897959183673	0.13516896120150187	0.44144144144144143	6.0	0.0239576007170545	
7.748714908232518e8	3.804848808370979e8	3.943866099861539e8	15.0	34.0	1.0	0.12244897959183673	0.13516896120150187	0.44954128440366975	8.0	0.046524462959787086	
9.581909431820574e8	5.011470323670511e8	4.5704391081500626e8	26.0	22.0	2.0	0.12244897959183673	0.13516896120150187	0.4049586776859504	4.0	0.009202421950020988	
8.070436723293378e8	4.029169671118179e8	4.041267052175198e8	17.0	32.0	1.0	0.12244897959183673	0.13516896120150187	0.44954128440366975	8.0	0.039400021719199395	
9.064547624946504e8	4.693167994274363e8	4.37137963067214e8	24.0	24.0	2.0	0.12244897959183673	0.13516896120150187	0.4188034188034188	5.0	0.010648239627113787	
9.033960208659192e8	4.713563206608108e8	4.3203970020510846e8	23.0	24.0	3.0	0.12244897959183673	0.13516896120150187	0.4260869565217391	7.0	0.027855928430723563	
7.428046417322453e8	3.592605497970644e8	3.835440919351809e8	15.0	34.0	1.0	0.12244897959183673	0.13516896120150187	0.47572815533980584	9.0	0.05552933670512223	
7.255592368303213e8	3.461737152650563e8	3.79385521565265e8	15.0	34.0	1.0	0.12244897959183673	0.13516896120150187	0.47115384615384615	9.0	0.07438170781132966	
9.044195754240617e8	4.641015815443511e8	4.4031799387971056e8	24.0	24.0	2.0	0.12244897959183673	0.13516896120150187	0.4224137931034483	5.0	0.02326449199948599	
8.562675381113667e8	4.3154802348221457e8	4.2471951462915206e8	22.0	26.0	2.0	0.12244897959183673	0.13516896120150187	0.4336283185840708	6.0	0.030889181069253095	
9.243856960764894e8	4.814547152556035e8	4.429309808208859e8	28.0	18.0	4.0	0.12244897959183673	0.13516896120150187	0.4188034188034188	6.0	0.028112618408301895	
8.062500867208893e8	3.9685929241365784e8	4.093907943072315e8	19.0	29.0	2.0	0.12244897959183673	0.13516896120150187	0.44545454545454544	6.0	0.03129573689379132	
1.1221490242957933e9	6.200856676291428e8	5.0206335666665053e8	33.0	12.0	5.0	0.12244897959183673	0.13516896120150187	0.37404580152671757	4.0	0.004227337933102847	
1.0019464697012072e9	5.3343308497980726e8	4.685133847213998e8	28.0	19.0	3.0	0.12244897959183673	0.13516896120150187	0.3983739837398374	5.0	0.024735969997172303	
7.674971360072691e8	3.715648018722885e8	3.959323341349807e8	17.0	32.0	1.0	0.12244897959183673	0.13516896120150187	0.45794392523364486	7.0	0.05267864559303961	
9.006875229908653e8	4.660999787455487e8	4.345875442453166e8	26.0	22.0	2.0	0.12244897959183673	0.13516896120150187	0.4188034188034188	7.0	0.03667429578669074	
9.299680772877673e8	4.839771303598636e8	4.4599094692790365e8	26.0	22.0	2.0	0.12244897959183673	0.13516896120150187	0.4152542372881356	5.0	0.020044798928417595	
1.0722141081396159e9	5.810047039418318e8	4.9120940419778407e8	32.0	14.0	4.0	0.12244897959183673	0.13516896120150187	0.3858267716535433	4.0	0.009139702762967286	
9.094045881686864e8	4.701563357108203e8	4.3924825245786613e8	26.0	21.0	3.0	0.12244897959183673	0.13516896120150187	0.4224137931034483	6.0	0.030794004109580345	
8.699822562873714e8	4.435009007294755e8	4.264813555578959e8	24.0	23.0	3.0	0.12244897959183673	0.13516896120150187	0.4375	6.0	0.029467609029596872	
1.0006007632830462e9	5.336145025677806e8	4.669862607152656e8	27.0	20.0	3.0	0.12244897959183673	0.13516896120150187	0.3951612903225806	5.0	0.014296782377547293	
8.674555589914172e8	4.456559370921336e8	4.217996218992835e8	22.0	27.0	1.0	0.12244897959183673	0.13516896120150187	0.4298245614035088	7.0	0.030249542096780987	
7.898367071629863e8	3.890352252848169e8	4.008014818781692e8	18.0	31.0	1.0	0.12244897959183673	0.13516896120150187	0.44545454545454544	7.0	0.046913151985180784	
8.209782011564909e8	4.105901875281571e8	4.103880136283337e8	20.0	29.0	1.0	0.12244897959183673	0.13516896120150187	0.44144144144144143	7.0	0.03161096054269627	
8.989842239899186e8	4.636953451078438e8	4.352888788820747e8	24.0	25.0	1.0	0.12244897959183673	0.13516896120150187	0.4117647058823529	5.0	0.012637251321257533	
8.522834257901732e8	4.2877821944071466e8	4.235052063494585e8	20.0	29.0	1.0	0.12244897959183673	0.13516896120150187	0.4298245614035088	5.0	0.013090844202038677	
8.708047836267068e8	4.461192484957731e8	4.2468553513093376e8	20.0	29.0	1.0	0.12244897959183673	0.13516896120150187	0.4298245614035088	6.0	0.023102344802655363	
7.452715727945752e8	3.6047340417892027e8	3.8479816861565495e8	14.0	35.0	1.0	0.12244897959183673	0.13516896120150187	0.4666666666666667	9.0	0.05754621253733942	
8.560771813512137e8	4.302007156941261e8	4.258764656570875e8	22.0	27.0	1.0	0.12244897959183673	0.13516896120150187	0.4260869565217391	5.0	0.019705902547354347	
8.675639203005058e8	4.4041593803448683e8	4.271479822660189e8	21.0	28.0	1.0	0.12244897959183673	0.13516896120150187	0.4298245614035088	5.0	0.012190680745602714	
7.84257268302946e8	3.818938743549609e8	4.0236339394798505e8	15.0	34.0	1.0	0.12244897959183673	0.13516896120150187	0.44954128440366975	6.0	0.032281674354916697	
8.02914764931342e8	3.960549399915852e8	4.068598249397569e8	18.0	31.0	1.0	0.12244897959183673	0.13516896120150187	0.44144144144144143	6.0	0.030669387996068668	
7.428552621583897e8	3.584355089175563e8	3.844197532408334e8	17.0	32.0	1.0	0.12244897959183673	0.13516896120150187	0.47572815533980584	9.0	0.06805931498014853	
9.564172503134872e8	4.9839308679980373e8	4.5802416351368356e8	24.0	24.0	2.0	0.12244897959183673	0.13516896120150187	0.4016393442622951	4.0	0.011356550901934274	
9.875401659054334e8	5.2186732177205855e8	4.6567284413337475e8	30.0	17.0	3.0	0.12244897959183673	0.13516896120150187	0.3951612903225806	4.0	0.008042831129565824	
8.224750442400808e8	4.0996391803694576e8	4.1251112620313513e8	20.0	28.0	2.0	0.12244897959183673	0.13516896120150187	0.44144144144144143	6.0	0.035099138336846455	
1.0255063949484986e9	5.48699321529625e8	4.7680707341887367e8	29.0	17.0	4.0	0.12244897959183673	0.13516896120150187	0.3983739837398374	4.0	0.010930669448859332	
9.200688055244274e8	4.804984412616396e8	4.395703642627879e8	24.0	23.0	3.0	0.12244897959183673	0.13516896120150187	0.4152542372881356	6.0	0.021397650675176905	
9.207029475305839e8	4.7688812622959375e8	4.4381482130099e8	24.0	23.0	3.0	0.12244897959183673	0.1440886699507389	0.4117647058823529	5.0	0.017930124722216556	
8.56865539803913e8	4.3368088929834795e8	4.2318465050556505e8	24.0	25.0	1.0	0.12244897959183673	0.1440886699507389	0.4188034188034188	6.0	0.01936948751362017	
1.0604605978681698e9	5.742461354386516e8	4.862144624295182e8	31.0	15.0	4.0	0.12244897959183673	0.1440886699507389	0.37404580152671757	4.0	0.012502881189105676	
1.0164955441891557e9	5.41947674990461e8	4.745478691986947e8	30.0	16.0	4.0	0.12244897959183673	0.1440886699507389	0.3983739837398374	4.0	0.015319957348018573	
8.01825333318031e8	3.941268085728352e8	4.0769852474519575e8	18.0	30.0	2.0	0.12244897959183673	0.1440886699507389	0.44545454545454544	6.0	0.030656286615545314	
9.882647990869546e8	5.235508875366123e8	4.647139115503423e8	26.0	22.0	2.0	0.12244897959183673	0.1440886699507389	0.3951612903225806	4.0	0.0074354606561239205	
8.510526636316657e8	4.2656587617743653e8	4.244867874542292e8	19.0	30.0	1.0	0.12244897959183673	0.1440886699507389	0.4336283185840708	5.0	0.023513508869526273	
9.546433235388973e8	5.025033722824323e8	4.521399512564651e8	25.0	23.0	2.0	0.12244897959183673	0.1440886699507389	0.3983739837398374	5.0	0.014152483476463066	
8.475215932948759e8	4.305602360236429e8	4.1696135727123296e8	19.0	29.0	2.0	0.12244897959183673	0.1440886699507389	0.4375	7.0	0.042590729612413294	
7.409974869875723e8	3.5746981973170114e8	3.8352766725587124e8	15.0	34.0	1.0	0.12244897959183673	0.1440886699507389	0.4803921568627451	10.0	0.06191335119906548	
8.320727350279821e8	4.1370529491738284e8	4.183674401105994e8	19.0	30.0	1.0	0.12244897959183673	0.1440886699507389	0.4298245614035088	5.0	0.019641431886329847	
7.482484632296667e8	3.586272661742606e8	3.896211970554061e8	12.0	37.0	1.0	0.12244897959183673	0.1440886699507389	0.46226415094339623	7.0	0.035801175490176085	
7.36012788646827e8	3.511753969692254e8	3.848373916776016e8	13.0	36.0	1.0	0.12244897959183673	0.1440886699507389	0.4666666666666667	8.0	0.045204863150166266	
7.989833316977973e8	3.8906276826845074e8	4.099205634293467e8	16.0	33.0	1.0	0.12244897959183673	0.1440886699507389	0.44144144144144143	5.0	0.01826192133252457	
8.637999717360649e8	4.3453118326788324e8	4.292687884681816e8	17.0	31.0	2.0	0.12244897959183673	0.1440886699507389	0.4336283185840708	5.0	0.020765618657275324	
8.250556356642635e8	4.128539518958353e8	4.1220168376842815e8	19.0	29.0	2.0	0.12244897959183673	0.1440886699507389	0.44545454545454544	7.0	0.04879926218461631	
9.74785409482734e8	5.178078052664175e8	4.569776042163164e8	27.0	19.0	4.0	0.12244897959183673	0.1440886699507389	0.3983739837398374	5.0	0.011593624157399668	
9.078903412559284e8	4.728717638382135e8	4.350185774177149e8	26.0	22.0	2.0	0.12244897959183673	0.1440886699507389	0.4224137931034483	7.0	0.03271091292549877	
9.363345435620235e8	4.9180803474906665e8	4.445265088129569e8	26.0	21.0	3.0	0.12244897959183673	0.1440886699507389	0.4152542372881356	6.0	0.021879049238743117	
9.24272972354658e8	4.817206425513545e8	4.425523298033034e8	28.0	19.0	3.0	0.12244897959183673	0.1440886699507389	0.4117647058823529	6.0	0.02800161488449304	
1.0135190159348563e9	5.412742969628181e8	4.7224471897203827e8	29.0	18.0	3.0	0.12244897959183673	0.1440886699507389	0.3888888888888889	4.0	0.01001577079383202	
9.010947240590492e8	4.645157765251733e8	4.36578947533876e8	21.0	26.0	3.0	0.12244897959183673	0.1440886699507389	0.4260869565217391	6.0	0.022359591799867913	
7.509270207198007e8	3.617062543109713e8	3.8922076640882933e8	11.0	38.0	1.0	0.12244897959183673	0.1440886699507389	0.48514851485148514	8.0	0.04993186113384193	
7.99418863713358e8	3.982508110506586e8	4.0116805266269946e8	18.0	30.0	2.0	0.12244897959183673	0.1440886699507389	0.44144144144144143	8.0	0.052382190249837306	
7.349148229965806e8	3.508195947712331e8	3.840952282253475e8	12.0	37.0	1.0	0.12244897959183673	0.1440886699507389	0.47115384615384615	8.0	0.04363180774307726	
7.924347249487092e8	3.929096805607449e8	3.995250443879644e8	20.0	28.0	2.0	0.12244897959183673	0.1440886699507389	0.4375	8.0	0.045243382137514776	
8.319113637222246e8	4.172092116130489e8	4.147021521091757e8	21.0	27.0	2.0	0.12244897959183673	0.1440886699507389	0.4375	6.0	0.022258128887030444	
7.55045286127124e8	3.669503373967304e8	3.880949487303935e8	14.0	35.0	1.0	0.12244897959183673	0.1440886699507389	0.46226415094339623	8.0	0.04172766724349858	
8.440090349018651e8	4.23096443911421e8	4.20912590990444e8	19.0	30.0	1.0	0.12244897959183673	0.1440886699507389	0.4260869565217391	5.0	0.01834910551522196	
7.28220085653119e8	3.465515113794018e8	3.8166857427371716e8	13.0	36.0	1.0	0.12244897959183673	0.1440886699507389	0.47572815533980584	8.0	0.05290829750426089	
1.0553320010574261e9	5.734100763029761e8	4.8192192475444996e8	28.0	19.0	3.0	0.12244897959183673	0.1440886699507389	0.3798449612403101	4.0	0.011507862524519186	
1.0546456918516245e9	5.724125969395959e8	4.822330949120284e8	32.0	13.0	5.0	0.12244897959183673	0.1440886699507389	0.3769230769230769	4.0	0.012192344886672618	
1.0896567829833612e9	5.937445779914153e8	4.959122049919461e8	31.0	14.0	5.0	0.12244897959183673	0.1440886699507389	0.3769230769230769	4.0	0.008682580174927113	
7.403678122838044e8	3.551695725212579e8	3.8519823976254666e8	14.0	35.0	1.0	0.12244897959183673	0.1440886699507389	0.47115384615384615	8.0	0.051096904865287215	
8.989310392625805e8	4.6338902205285454e8	4.35542017209726e8	24.0	21.0	5.0	0.12244897959183673	0.1440886699507389	0.4260869565217391	6.0	0.04102775704854036	
8.01309659194887e8	3.941920690817076e8	4.071175901131794e8	17.0	32.0	1.0	0.12244897959183673	0.1440886699507389	0.4375	6.0	0.017480205327219132	
1.1343165740223784e9	6.26501104710993e8	5.078154693113854e8	31.0	15.0	4.0	0.12244897959183673	0.1440886699507389	0.362962962962963	3.0	0.004396798401900443	
7.391687288005333e8	3.540061890531908e8	3.851625397473426e8	16.0	33.0	1.0	0.12244897959183673	0.1440886699507389	0.47115384615384615	8.0	0.05436825905575906	
7.451056834601711e8	3.5814259225132e8	3.869630912088511e8	11.0	38.0	1.0	0.12244897959183673	0.1440886699507389	0.47572815533980584	8.0	0.048046662332376616	
1.0988888062577727e9	5.971478767318544e8	5.017409295259183e8	31.0	15.0	4.0	0.12244897959183673	0.1440886699507389	0.37404580152671757	3.0	0.007597430205848573	
8.385060203690372e8	4.2054087554254305e8	4.179651448264941e8	21.0	27.0	2.0	0.12244897959183673	0.1440886699507389	0.4375	6.0	0.027603521289745785	
8.391286602802185e8	4.21989709704991e8	4.171389505752275e8	19.0	29.0	2.0	0.12244897959183673	0.1440886699507389	0.44545454545454544	6.0	0.025427755323463603	
8.422014945086815e8	4.237254243253795e8	4.18476070183302e8	23.0	26.0	1.0	0.12244897959183673	0.1440886699507389	0.4375	6.0	0.028349600468448016	
8.276645234798417e8	4.176235274640997e8	4.1004099601574194e8	21.0	28.0	1.0	0.12244897959183673	0.1440886699507389	0.4375	8.0	0.045894791691235275	
8.972492202100337e8	4.6468971908347714e8	4.325595011265567e8	21.0	27.0	2.0	0.12244897959183673	0.1440886699507389	0.4298245614035088	6.0	0.02047532480080499	
9.340193382712802e8	4.851043227191428e8	4.489150155521373e8	25.0	23.0	2.0	0.12244897959183673	0.1440886699507389	0.4049586776859504	5.0	0.027366353981374988	
8.42472270864864e8	4.258285345137781e8	4.1664373635108596e8	20.0	29.0	1.0	0.12244897959183673	0.1440886699507389	0.4375	7.0	0.02468843417597919	
9.106372949490093e8	4.711061358073066e8	4.3953115914170283e8	25.0	22.0	3.0	0.12244897959183673	0.1440886699507389	0.4152542372881356	6.0	0.023985122964714795	
9.899457233101557e8	5.216775108475066e8	4.682682124626491e8	27.0	19.0	4.0	0.12244897959183673	0.1440886699507389	0.4049586776859504	4.0	0.013554320537738905	
8.138388779673984e8	4.031131840665289e8	4.107256939008695e8	19.0	30.0	1.0	0.12244897959183673	0.1440886699507389	0.44144144144144143	6.0	0.022467646315935633	
9.871634838461303e8	5.238666803883896e8	4.632968034577408e8	27.0	19.0	4.0	0.12244897959183673	0.12681159420289856	0.4049586776859504	5.0	0.023644177534483654	
1.0015986496323314e9	5.305310701720208e8	4.710675794603107e8	27.0	18.0	5.0	0.12244897959183673	0.12681159420289856	0.3888888888888889	4.0	0.012166980789429769	
1.0367894403944336e9	5.591565579041834e8	4.7763288249025035e8	28.0	18.0	4.0	0.12244897959183673	0.12681159420289856	0.3858267716535433	4.0	0.00665056787505767	
8.599838503959086e8	4.341555909387065e8	4.258282594572021e8	22.0	25.0	3.0	0.12244897959183673	0.12681159420289856	0.44545454545454544	6.0	0.03243108373009017	
9.129880756942682e8	4.765718159647404e8	4.3641625972952783e8	27.0	20.0	3.0	0.12244897959183673	0.12681159420289856	0.4224137931034483	7.0	0.034611696410165795	
9.433480196791929e8	4.9530907467152e8	4.480389450076729e8	25.0	23.0	2.0	0.12244897959183673	0.12681159420289856	0.4152542372881356	6.0	0.019257748383016908	
8.283951560232376e8	4.1112563534303474e8	4.172695206802028e8	20.0	29.0	1.0	0.12244897959183673	0.12681159420289856	0.4336283185840708	5.0	0.02644273585298021	
8.468715731850178e8	4.282106321907139e8	4.1866094099430394e8	22.0	26.0	2.0	0.12244897959183673	0.12681159420289856	0.4375	7.0	0.04528229029940898	
8.267455220032816e8	4.130294239584017e8	4.1371609804488e8	19.0	30.0	1.0	0.12244897959183673	0.12681159420289856	0.44144144144144143	6.0	0.029967054393074802	
9.040419565460224e8	4.65717153764947e8	4.383248027810755e8	22.0	25.0	3.0	0.12244897959183673	0.12681159420289856	0.4188034188034188	5.0	0.02217903034229565	
8.693431400117426e8	4.443443829891393e8	4.249987570226032e8	24.0	24.0	2.0	0.12244897959183673	0.12681159420289856	0.4298245614035088	6.0	0.028833708808198605	
9.723502644184123e8	5.124540263764546e8	4.5989623804195786e8	26.0	19.0	5.0	0.12244897959183673	0.12681159420289856	0.4083333333333333	5.0	0.017755831969379233	
9.714270178655311e8	5.12499141767123e8	4.589278760984081e8	27.0	19.0	4.0	0.12244897959183673	0.12681159420289856	0.4016393442622951	5.0	0.019465601791393953	
9.297936796227571e8	4.836568179120698e8	4.4613686171068716e8	25.0	21.0	4.0	0.12244897959183673	0.12681159420289856	0.4117647058823529	6.0	0.023233830954024298	
8.438747538896077e8	4.2755543472193956e8	4.163193191676681e8	20.0	29.0	1.0	0.12244897959183673	0.12681159420289856	0.4375	6.0	0.026176815474277876	
1.0258508027310071e9	5.468210502002158e8	4.7902975253079134e8	30.0	16.0	4.0	0.12244897959183673	0.12681159420289856	0.3951612903225806	4.0	0.007165739862436962	
9.251819887484043e8	4.808056909218724e8	4.4437629782653177e8	26.0	20.0	4.0	0.12244897959183673	0.12681159420289856	0.4152542372881356	5.0	0.02046222347142057	
7.155190079282267e8	3.401577486492673e8	3.753612592789593e8	15.0	34.0	1.0	0.12244897959183673	0.12681159420289856	0.49	10.0	0.0918808202156081	
9.125663066453948e8	4.705073513703872e8	4.420589552750076e8	22.0	26.0	2.0	0.12244897959183673	0.12681159420289856	0.4224137931034483	5.0	0.011991483101176977	
8.687104131326721e8	4.4049771081754553e8	4.282127023151264e8	20.0	28.0	2.0	0.12244897959183673	0.12681159420289856	0.4224137931034483	5.0	0.019293698355191374	
8.389037094408187e8	4.2061455367289203e8	4.182891557679266e8	19.0	28.0	3.0	0.12244897959183673	0.12681159420289856	0.4375	6.0	0.027677938595298966	
8.121405259950192e8	4.0337711936249185e8	4.087634066325273e8	18.0	30.0	2.0	0.12244897959183673	0.12681159420289856	0.44545454545454544	7.0	0.0424024791321381	
7.849895814751331e8	3.834476127194443e8	4.015419687556888e8	17.0	31.0	2.0	0.12244897959183673	0.12681159420289856	0.44545454545454544	7.0	0.04186827383490916	
1.1008613756285815e9	5.982774039009364e8	5.0258397172764534e8	31.0	16.0	3.0	0.12244897959183673	0.12681159420289856	0.3769230769230769	3.0	0.004334740750557077	
9.667460524617418e8	5.086996876364198e8	4.58046364825322e8	25.0	22.0	3.0	0.12244897959183673	0.12681159420289856	0.4049586776859504	5.0	0.01876191957086157	
7.515263715804323e8	3.6189036533662724e8	3.8963600624380505e8	13.0	36.0	1.0	0.12244897959183673	0.12681159420289856	0.4666666666666667	7.0	0.04147851864688599	
7.57946103262461e8	3.70722517384037e8	3.872235858784238e8	18.0	31.0	1.0	0.12244897959183673	0.12681159420289856	0.46226415094339623	10.0	0.08257337005994361	
8.736984926896751e8	4.457883367001871e8	4.27910155989488e8	23.0	24.0	3.0	0.12244897959183673	0.12681159420289856	0.4260869565217391	6.0	0.03453463581014602	
9.568015443055476e8	5.036094469141269e8	4.5319209739142084e8	25.0	21.0	4.0	0.12244897959183673	0.12681159420289856	0.4083333333333333	5.0	0.025222035182762895	
9.498449080152525e8	4.935992029500501e8	4.5624570506520236e8	26.0	21.0	3.0	0.12244897959183673	0.12681159420289856	0.4016393442622951	4.0	0.010223545587065994	
8.588692496181428e8	4.3445918176521534e8	4.244100678529274e8	22.0	25.0	3.0	0.12244897959183673	0.12681159420289856	0.4224137931034483	6.0	0.02032874060935285	
7.580019853599597e8	3.6635915910546124e8	3.916428262544986e8	17.0	32.0	1.0	0.12244897959183673	0.12681159420289856	0.46226415094339623	8.0	0.03708701540334193	
8.69546112212894e8	4.4214392576251894e8	4.2740218645037496e8	21.0	28.0	1.0	0.12244897959183673	0.12681159420289856	0.4260869565217391	5.0	0.01698594654589552	
6.958944241021708e8	3.2394356055635715e8	3.719508635458138e8	7.0	42.0	1.0	0.12244897959183673	0.12681159420289856	0.494949494949495	8.0	0.04416349770639513	
7.901264735373703e8	3.88361661898576e8	4.0176481163879424e8	19.0	30.0	1.0	0.12244897959183673	0.12681159420289856	0.44144144144144143	7.0	0.030648761073036036	
8.290440470543967e8	4.122355613187893e8	4.168084857356076e8	18.0	31.0	1.0	0.12244897959183673	0.12681159420289856	0.4336283185840708	5.0	0.014642154971773666	
6.800605226474674e8	3.1557935224660045e8	3.6448117040086687e8	9.0	40.0	1.0	0.12244897959183673	0.12681159420289856	0.5157894736842106	11.0	0.08662107450372757	
8.811393169310381e8	4.497580939411925e8	4.313812229898458e8	21.0	28.0	1.0	0.12244897959183673	0.12681159420289856	0.4117647058823529	5.0	0.013977561554092164	
8.667877455557334e8	4.421616933189438e8	4.246260522367897e8	21.0	28.0	1.0	0.12244897959183673	0.12681159420289856	0.4336283185840708	6.0	0.014039671118752749	
7.802830813419437e8	3.8461009552842736e8	3.956729858135165e8	18.0	31.0	1.0	0.12244897959183673	0.12681159420289856	0.45794392523364486	8.0	0.04249029255742466	
7.635905028802965e8	3.7056511484925824e8	3.930253880310383e8	17.0	32.0	1.0	0.12244897959183673	0.12681159420289856	0.4666666666666667	7.0	0.0426351516392467	
8.052212397069373e8	4.065548243486612e8	3.9866641535827625e8	20.0	29.0	1.0	0.12244897959183673	0.12681159420289856	0.45794392523364486	10.0	0.04241488032942114	
8.741732199631575e8	4.530999443274368e8	4.210732756357208e8	21.0	28.0	1.0	0.12244897959183673	0.12681159420289856	0.4152542372881356	7.0	0.022641751436394294	
8.500239788557348e8	4.303450911441499e8	4.1967888771158475e8	21.0	28.0	1.0	0.12244897959183673	0.12681159420289856	0.4336283185840708	6.0	0.015195456234997051	
9.741283302122467e8	5.153272339532236e8	4.588010962590232e8	24.0	24.0	2.0	0.12244897959183673	0.12681159420289856	0.3951612903225806	4.0	0.007355000913674383	
8.339862443959799e8	4.202438879970139e8	4.137423563989661e8	18.0	31.0	1.0	0.12244897959183673	0.12681159420289856	0.4260869565217391	6.0	0.025562169312169314	
9.454047543627096e8	4.9150481135619926e8	4.5389994300651044e8	24.0	23.0	3.0	0.12244897959183673	0.12681159420289856	0.4083333333333333	4.0	0.012177736284879141	
8.205702787859685e8	4.1322408340750796e8	4.073461953784605e8	20.0	28.0	2.0	0.12244897959183673	0.12681159420289856	0.44144144144144143	8.0	0.04656505389923758	
9.081827261559845e8	4.6662622031098664e8	4.415565058449979e8	21.0	27.0	2.0	0.12244897959183673	0.12681159420289856	0.4298245614035088	4.0	0.008523933077504504	
1.152949385414351e9	6.410272867794895e8	5.1192209863486147e8	31.0	15.0	4.0	0.12244897959183673	0.12681159420289856	0.3656716417910448	3.0	0.005932757718472004	
7.951826659340626e8	3.914577356515269e8	4.037249302825357e8	16.0	33.0	1.0	0.12244897959183673	0.10344827586206896	0.4537037037037037	6.0	0.026183622799769254	
7.735227844571285e8	3.779343532895507e8	3.955884311675777e8	16.0	33.0	1.0	0.12244897959183673	0.10344827586206896	0.4537037037037037	7.0	0.02978024723597953	
9.45443247490027e8	4.958460182082988e8	4.4959722928172827e8	26.0	21.0	3.0	0.12244897959183673	0.10344827586206896	0.4049586776859504	5.0	0.0121382788324565	
8.040129717689415e8	4.017800101948563e8	4.0223296157408524e8	20.0	29.0	1.0	0.12244897959183673	0.10344827586206896	0.44144144144144143	8.0	0.03883597270076861	
8.945539143749461e8	4.614896380606881e8	4.3306427631425804e8	24.0	24.0	2.0	0.12244897959183673	0.10344827586206896	0.4224137931034483	5.0	0.01922851572086266	
8.241785097976961e8	4.0878258892069876e8	4.1539592087699735e8	19.0	29.0	2.0	0.12244897959183673	0.10344827586206896	0.44144144144144143	6.0	0.0349649618144516	
8.213804648074749e8	4.091953720308883e8	4.1218509277658653e8	19.0	30.0	1.0	0.12244897959183673	0.10344827586206896	0.4336283185840708	6.0	0.022803794136702308	
8.879144191428802e8	4.5962799973625743e8	4.282864194066227e8	23.0	26.0	1.0	0.12244897959183673	0.10344827586206896	0.4152542372881356	7.0	0.02357230590648958	
7.620170998048102e8	3.7107018715271723e8	3.9094691265209293e8	16.0	33.0	1.0	0.12244897959183673	0.10344827586206896	0.4666666666666667	8.0	0.04722852615072003	
8.163792966115576e8	4.0880852383675706e8	4.075707727748004e8	19.0	30.0	1.0	0.12244897959183673	0.10344827586206896	0.44545454545454544	7.0	0.02518660241874527	
8.39740551535047e8	4.247271576351645e8	4.150133938998827e8	22.0	27.0	1.0	0.12244897959183673	0.10344827586206896	0.4336283185840708	7.0	0.03352708327198122	
1.0161613247576423e9	5.476063998251753e8	4.68554924932467e8	27.0	19.0	4.0	0.12244897959183673	0.10344827586206896	0.392	5.0	0.011376673685347153	
9.152998631278408e8	4.735167359013146e8	4.4178312722652614e8	23.0	25.0	2.0	0.12244897959183673	0.10344827586206896	0.4188034188034188	5.0	0.021360439919113388	
1.0111577511348034e9	5.397769452279887e8	4.713808059068147e8	27.0	20.0	3.0	0.12244897959183673	0.10344827586206896	0.3983739837398374	4.0	0.014477301562760742	
8.844330936300517e8	4.5101211387748396e8	4.3342097975256777e8	23.0	25.0	2.0	0.12244897959183673	0.10344827586206896	0.4188034188034188	5.0	0.02216507815247311	
8.643037328943434e8	4.379861647180032e8	4.2631756817634016e8	21.0	27.0	2.0	0.12244897959183673	0.10344827586206896	0.4336283185840708	6.0	0.030187166858085226	
9.322597940847539e8	4.8648402029957795e8	4.4577577378517604e8	26.0	21.0	3.0	0.12244897959183673	0.10344827586206896	0.3983739837398374	5.0	0.015901728656830698	
7.734163233504187e8	3.7852442652234244e8	3.948918968280763e8	18.0	31.0	1.0	0.12244897959183673	0.10344827586206896	0.45794392523364486	8.0	0.04532325015143141	
8.494850572229669e8	4.285093481063912e8	4.209757091165757e8	22.0	27.0	1.0	0.12244897959183673	0.10344827586206896	0.4298245614035088	6.0	0.029730546619802314	
7.971215201818155e8	3.930484280214988e8	4.040730921603166e8	16.0	33.0	1.0	0.12244897959183673	0.10344827586206896	0.44954128440366975	7.0	0.0430874974448654	
8.103933406609027e8	4.017102542326972e8	4.086830864282054e8	18.0	31.0	1.0	0.12244897959183673	0.10344827586206896	0.44144144144144143	6.0	0.024512266125786532	
8.015775114137954e8	3.9450205648575354e8	4.0707545492804176e8	16.0	33.0	1.0	0.12244897959183673	0.10344827586206896	0.44144144144144143	6.0	0.026951763750233136	
9.340596859038416e8	4.8758279645197666e8	4.464768894518651e8	24.0	24.0	2.0	0.12244897959183673	0.10344827586206896	0.4016393442622951	5.0	0.011327438623356991	
1.0683180012529118e9	5.724503162269475e8	4.958676850259645e8	31.0	16.0	3.0	0.12244897959183673	0.10344827586206896	0.3888888888888889	3.0	0.007283430146950555	
7.92618199438926e8	3.9066740613415664e8	4.019507933047694e8	16.0	33.0	1.0	0.12244897959183673	0.10344827586206896	0.4537037037037037	7.0	0.03769212410794043	
1.0167892220370169e9	5.386644505377651e8	4.781247714992517e8	27.0	21.0	2.0	0.12244897959183673	0.10344827586206896	0.392	3.0	0.003914938991469604	
9.084239351635778e8	4.671774712603424e8	4.412464639032352e8	23.0	25.0	2.0	0.12244897959183673	0.10344827586206896	0.4152542372881356	5.0	0.023042729898597243	
1.1255385731808195e9	6.167520207215664e8	5.0878655245925313e8	31.0	15.0	4.0	0.12244897959183673	0.10344827586206896	0.3684210526315789	3.0	0.003635620915032679	
8.224476862757607e8	4.107765070840117e8	4.1167117919174904e8	19.0	28.0	3.0	0.12244897959183673	0.10344827586206896	0.44545454545454544	7.0	0.04856734179963471	
8.976779277413585e8	4.6178843635098195e8	4.3588949139037645e8	23.0	25.0	2.0	0.12244897959183673	0.10344827586206896	0.4224137931034483	6.0	0.029507999087080735	
8.286757828231199e8	4.142228644753574e8	4.1445291834776247e8	21.0	27.0	2.0	0.12244897959183673	0.10344827586206896	0.44144144144144143	7.0	0.04540376937210671	
8.513093268301843e8	4.3047726751366794e8	4.2083205931651634e8	21.0	27.0	2.0	0.12244897959183673	0.10344827586206896	0.4336283185840708	6.0	0.03365842549140869	
8.157584849952568e8	4.0381841158381224e8	4.1194007341144454e8	19.0	30.0	1.0	0.12244897959183673	0.10344827586206896	0.44144144144144143	6.0	0.026302500617851752	
9.009013503807344e8	4.634756452987498e8	4.374257050819845e8	23.0	25.0	2.0	0.12244897959183673	0.10344827586206896	0.4152542372881356	5.0	0.011218507965956945	
7.707446264203346e8	3.74938189672367e8	3.958064367479676e8	14.0	35.0	1.0	0.12244897959183673	0.10344827586206896	0.4537037037037037	7.0	0.03609070431924573	
7.676449263613613e8	3.7654381096106184e8	3.911011154002995e8	17.0	32.0	1.0	0.12244897959183673	0.10344827586206896	0.4666666666666667	9.0	0.04985377809132311	
8.711770840271564e8	4.4225545209474474e8	4.289216319324117e8	20.0	28.0	2.0	0.12244897959183673	0.10344827586206896	0.4260869565217391	5.0	0.012304118075801748	
7.940383412421292e8	3.8841758133311e8	4.056207599090191e8	18.0	31.0	1.0	0.12244897959183673	0.10344827586206896	0.44545454545454544	6.0	0.024225537076302383	
8.330962072545276e8	4.1805664225089157e8	4.15039565003636e8	19.0	30.0	1.0	0.12244897959183673	0.10344827586206896	0.4298245614035088	6.0	0.01527290569907617	
7.377092696904535e8	3.544012469772632e8	3.833080227131903e8	13.0	36.0	1.0	0.12244897959183673	0.10344827586206896	0.47572815533980584	9.0	0.05340518512599845	
9.92429008889787e8	5.2226173550807214e8	4.7016727338171476e8	27.0	19.0	4.0	0.12244897959183673	0.10344827586206896	0.3983739837398374	4.0	0.011538305798509878	
8.378102798429596e8	4.205071652965487e8	4.173031145464109e8	19.0	30.0	1.0	0.12244897959183673	0.10344827586206896	0.4375	6.0	0.02187260005012106	
9.355917794345981e8	4.8102560119624776e8	4.545661782383502e8	25.0	23.0	2.0	0.12244897959183673	0.10344827586206896	0.4117647058823529	4.0	0.017162225640616993	
1.0975456604611588e9	5.957065379252764e8	5.0183912253588223e8	30.0	16.0	4.0	0.12244897959183673	0.10344827586206896	0.3769230769230769	3.0	0.002189625850340136	
7.390782847132012e8	3.5496351302476275e8	3.841147716884384e8	13.0	35.0	2.0	0.12244897959183673	0.10344827586206896	0.49	9.0	0.07080320945116861	
8.590879207515271e8	4.348874099240732e8	4.2420051082745385e8	21.0	27.0	2.0	0.12244897959183673	0.10344827586206896	0.44545454545454544	6.0	0.032961186819605186	
8.136176895592499e8	4.016639023849837e8	4.119537871742662e8	17.0	30.0	3.0	0.12244897959183673	0.10344827586206896	0.44954128440366975	6.0	0.03807106536698373	
7.191215001995853e8	3.386228334027271e8	3.804986667968582e8	12.0	37.0	1.0	0.12244897959183673	0.10344827586206896	0.47572815533980584	7.0	0.030534486521881482	
7.048937844420153e8	3.320014574109574e8	3.728923270310577e8	13.0	36.0	1.0	0.12244897959183673	0.10344827586206896	0.49	10.0	0.07092483999371754	
8.516411164611585e8	4.276193623447956e8	4.2402175411636287e8	23.0	26.0	1.0	0.12244897959183673	0.10344827586206896	0.4152542372881356	5.0	0.011963475866537088	
1.0397936163734357e9	5.582464779706143e8	4.815471384028214e8	29.0	17.0	4.0	0.12244897959183673	0.15980629539951574	0.392	4.0	0.004407596371882085	
7.795276977063109e8	3.822176558817826e8	3.9731004182452834e8	17.0	32.0	1.0	0.12244897959183673	0.15980629539951574	0.46226415094339623	8.0	0.06854419437327602	
8.035193433621724e8	4.015542659402008e8	4.0196507742197156e8	17.0	31.0	2.0	0.12244897959183673	0.15980629539951574	0.4666666666666667	9.0	0.059422944877823305	
8.789250844294165e8	4.523207670340301e8	4.266043173953865e8	22.0	25.0	3.0	0.12244897959183673	0.15980629539951574	0.4375	7.0	0.04026905149419802	
1.1205141054865208e9	6.239306689259787e8	4.965834365605421e8	31.0	15.0	4.0	0.12244897959183673	0.15980629539951574	0.3798449612403101	4.0	0.0099651765468092	
9.662396334541322e8	5.0881228014816946e8	4.574273533059627e8	25.0	22.0	3.0	0.12244897959183673	0.15980629539951574	0.4083333333333333	5.0	0.016204422590292162	
1.1644607874075615e9	6.573949336025834e8	5.0706585380497813e8	33.0	12.0	5.0	0.12244897959183673	0.15980629539951574	0.3684210526315789	4.0	0.0033713593662573257	
1.0243572693089843e9	5.575292096169376e8	4.668280596920466e8	29.0	17.0	4.0	0.12244897959183673	0.15980629539951574	0.4083333333333333	7.0	0.0312613021242125	
8.537554868001909e8	4.34549804151162e8	4.1920568264902884e8	21.0	27.0	2.0	0.12244897959183673	0.15980629539951574	0.44144144144144143	7.0	0.05147296127497989	
9.31250042954847e8	4.954623102514725e8	4.357877327033745e8	23.0	25.0	2.0	0.12244897959183673	0.15980629539951574	0.4260869565217391	8.0	0.03538260157880831	
9.727151024732802e8	5.23964767328565e8	4.487503351447153e8	27.0	21.0	2.0	0.12244897959183673	0.15980629539951574	0.4049586776859504	7.0	0.028536947075480906	
7.852868716998159e8	3.8279346310907316e8	4.0249340859074277e8	16.0	33.0	1.0	0.12244897959183673	0.15980629539951574	0.44545454545454544	6.0	0.034401026450540766	
9.050693088941233e8	4.730103301991495e8	4.320589786949738e8	22.0	26.0	2.0	0.12244897959183673	0.15980629539951574	0.4188034188034188	6.0	0.01613269531415051	
8.530272702345647e8	4.362499886240679e8	4.1677728161049676e8	23.0	26.0	1.0	0.12244897959183673	0.15980629539951574	0.4260869565217391	7.0	0.023855615556334742	
8.459937675581341e8	4.252611710207526e8	4.207325965373814e8	22.0	27.0	1.0	0.12244897959183673	0.15980629539951574	0.4188034188034188	5.0	0.010071477943725525	
7.024001959399679e8	3.3064832305616254e8	3.7175187288380533e8	12.0	37.0	1.0	0.12244897959183673	0.15980629539951574	0.48514851485148514	10.0	0.06161139340983359	
7.886531264151075e8	3.878822028309075e8	4.0077092358419985e8	16.0	33.0	1.0	0.12244897959183673	0.15980629539951574	0.44954128440366975	7.0	0.01639572188450207	
8.859197149949791e8	4.5101391509395e8	4.349057999010292e8	21.0	26.0	3.0	0.12244897959183673	0.15980629539951574	0.4336283185840708	5.0	0.021838756245644003	
7.648798655995582e8	3.717180778050857e8	3.931617877944724e8	13.0	36.0	1.0	0.12244897959183673	0.15980629539951574	0.4666666666666667	7.0	0.04296050071659515	
7.16647374638408e8	3.404010946724759e8	3.762462799659319e8	15.0	34.0	1.0	0.12244897959183673	0.15980629539951574	0.48514851485148514	9.0	0.05902308376958703	
9.57287439720515e8	5.0139405635720074e8	4.5589338336331415e8	24.0	24.0	2.0	0.12244897959183673	0.15980629539951574	0.4016393442622951	4.0	0.013347467081691032	
7.91370116906963e8	3.907120070109714e8	4.006581098959915e8	19.0	30.0	1.0	0.12244897959183673	0.15980629539951574	0.44954128440366975	7.0	0.028129790726037746	
8.92086865411938e8	4.561372655178968e8	4.359495998940412e8	22.0	26.0	2.0	0.12244897959183673	0.15980629539951574	0.4224137931034483	5.0	0.026100983479532724	
8.998971584717767e8	4.630098450036841e8	4.368873134680928e8	23.0	25.0	2.0	0.12244897959183673	0.15980629539951574	0.4152542372881356	5.0	0.020960690294374855	
7.704938594685802e8	3.7547646801312196e8	3.950173914554583e8	17.0	32.0	1.0	0.12244897959183673	0.15980629539951574	0.47115384615384615	8.0	0.06356321234294018	
9.273140629557195e8	4.866742429625554e8	4.4063981999316406e8	26.0	22.0	2.0	0.12244897959183673	0.15980629539951574	0.4260869565217391	6.0	0.027079576210945006	
9.193221914992816e8	4.819574583966923e8	4.3736473310258937e8	26.0	20.0	4.0	0.12244897959183673	0.15980629539951574	0.4260869565217391	6.0	0.0232234223339218	
1.0144187025235279e9	5.460286719869508e8	4.683900305365771e8	29.0	16.0	5.0	0.12244897959183673	0.15980629539951574	0.3888888888888889	5.0	0.010933503444040265	
9.83756920516234e8	5.2839568019483495e8	4.553612403213993e8	28.0	18.0	4.0	0.12244897959183673	0.15980629539951574	0.3951612903225806	6.0	0.018736901326187043	
9.880942320328074e8	5.251411977053468e8	4.629530343274606e8	26.0	20.0	4.0	0.12244897959183673	0.15980629539951574	0.4049586776859504	5.0	0.01292344153923568	
8.689044938484454e8	4.4458731155007625e8	4.243171822983691e8	20.0	26.0	4.0	0.12244897959183673	0.15980629539951574	0.4298245614035088	7.0	0.03221535904193634	
9.857950697578292e8	5.2153881817098165e8	4.6425625158684754e8	26.0	21.0	3.0	0.12244897959183673	0.15980629539951574	0.4016393442622951	4.0	0.008163140987389109	
7.459666453088983e8	3.599384007114344e8	3.8602824459746397e8	17.0	31.0	2.0	0.12244897959183673	0.15980629539951574	0.46226415094339623	9.0	0.07164873140609257	
8.198029564300871e8	4.040345528100842e8	4.1576840362000287e8	18.0	30.0	2.0	0.12244897959183673	0.15980629539951574	0.44545454545454544	5.0	0.02478772593561215	
1.0612025316109228e9	5.708576070205464e8	4.903449245903764e8	27.0	20.0	3.0	0.12244897959183673	0.15980629539951574	0.3888888888888889	3.0	0.006940102552070165	
9.761831668120301e8	5.200434865591319e8	4.56139680252898e8	27.0	19.0	4.0	0.12244897959183673	0.15980629539951574	0.3951612903225806	5.0	0.010241532247439872	
9.758746151547151e8	5.157237058860998e8	4.6015090926861537e8	26.0	22.0	2.0	0.12244897959183673	0.15980629539951574	0.3951612903225806	4.0	0.0065807766297830755	
1.0650261178684981e9	5.767835222725677e8	4.882425955959304e8	29.0	17.0	4.0	0.12244897959183673	0.15980629539951574	0.3858267716535433	4.0	0.01574669028012207	
9.846483664008195e8	5.240916550813945e8	4.6055671131942517e8	27.0	19.0	4.0	0.12244897959183673	0.15980629539951574	0.3951612903225806	5.0	0.023937541180425178	
1.0718260005102712e9	5.810176934427191e8	4.90808307067552e8	29.0	16.0	5.0	0.12244897959183673	0.15980629539951574	0.3858267716535433	4.0	0.010686837317272099	
8.405433217146443e8	4.264257000017681e8	4.141176217128762e8	22.0	25.0	3.0	0.12244897959183673	0.15980629539951574	0.44954128440366975	8.0	0.05027022231283369	
8.124399546691072e8	4.083226660234592e8	4.041172886456478e8	20.0	29.0	1.0	0.12244897959183673	0.15980629539951574	0.44144144144144143	8.0	0.045486460691739034	
1.1057104192220087e9	6.076899645972546e8	4.980204546247542e8	30.0	16.0	4.0	0.12244897959183673	0.15980629539951574	0.362962962962963	3.0	0.004843901846452866	
9.377851293624005e8	4.875517661382279e8	4.5023336322417253e8	24.0	24.0	2.0	0.12244897959183673	0.15980629539951574	0.4016393442622951	4.0	0.009517508648877442	
9.055690938139231e8	4.718283350488941e8	4.3374075876502883e8	25.0	23.0	2.0	0.12244897959183673	0.15980629539951574	0.4117647058823529	6.0	0.03705992444901051	
8.042672423251333e8	3.9928783890660226e8	4.0497940341853106e8	20.0	28.0	2.0	0.12244897959183673	0.15980629539951574	0.44545454545454544	8.0	0.05705349308665634	
6.915484631865041e8	3.2179954342484325e8	3.6974891976166093e8	12.0	37.0	1.0	0.12244897959183673	0.15980629539951574	0.494949494949495	9.0	0.07808035289216406	
8.732553507191947e8	4.436906423265236e8	4.29564708392671e8	22.0	27.0	1.0	0.12244897959183673	0.15980629539951574	0.4188034188034188	5.0	0.015300146056579063	
7.873893597894304e8	3.817330783896035e8	4.0565628139982694e8	14.0	35.0	1.0	0.12244897959183673	0.15980629539951574	0.4537037037037037	5.0	0.020989562001301365	
8.398933689989519e8	4.1988351637418383e8	4.200098526247679e8	19.0	30.0	1.0	0.12244897959183673	0.15980629539951574	0.4336283185840708	5.0	0.015492240719614277	
8.041167107959666e8	3.9582276926308626e8	4.082939415328803e8	15.0	34.0	1.0	0.12244897959183673	0.12222222222222222	0.44545454545454544	6.0	0.024487516312996508	
7.583481879012798e8	3.6503195285504913e8	3.933162350462307e8	12.0	37.0	1.0	0.12244897959183673	0.12222222222222222	0.47115384615384615	7.0	0.03665947606148686	
8.731271839995313e8	4.404883597995615e8	4.3263882419996977e8	21.0	27.0	2.0	0.12244897959183673	0.12222222222222222	0.4224137931034483	5.0	0.011685428139509768	
7.98022076343745e8	3.905578006698999e8	4.0746427567384505e8	18.0	31.0	1.0	0.12244897959183673	0.12222222222222222	0.44144144144144143	6.0	0.024862663319295965	
9.237195023094603e8	4.76314714871917e8	4.474047874375433e8	26.0	21.0	3.0	0.12244897959183673	0.12222222222222222	0.4117647058823529	5.0	0.02011892821841802	
7.453322931972816e8	3.582916424200015e8	3.870406507772801e8	15.0	34.0	1.0	0.12244897959183673	0.12222222222222222	0.47115384615384615	8.0	0.04697607522862624	
8.614066349262078e8	4.336922843699442e8	4.277143505562637e8	22.0	26.0	2.0	0.12244897959183673	0.12222222222222222	0.4260869565217391	5.0	0.015593903922985555	
9.588283348668752e8	4.981709029709465e8	4.6065743189592874e8	27.0	20.0	3.0	0.12244897959183673	0.12222222222222222	0.4049586776859504	4.0	0.013801155382788033	
6.888930989065114e8	3.213395930253773e8	3.6755350588113403e8	9.0	40.0	1.0	0.12244897959183673	0.12222222222222222	0.5104166666666666	11.0	0.0918642762355247	
1.0982895584875195e9	5.948872374507399e8	5.0340232103677964e8	31.0	16.0	3.0	0.12244897959183673	0.12222222222222222	0.3828125	3.0	0.008569517550609987	
7.392254088140076e8	3.5393891093999434e8	3.852864978740133e8	15.0	34.0	1.0	0.12244897959183673	0.12222222222222222	0.45794392523364486	8.0	0.054183985865408436	
1.0707917548972652e9	5.78747551267962e8	4.9204420362930334e8	29.0	17.0	4.0	0.12244897959183673	0.12222222222222222	0.3858267716535433	4.0	0.011336518734477915	
8.22992060075737e8	4.1075076879057217e8	4.122412912851649e8	23.0	25.0	2.0	0.12244897959183673	0.12222222222222222	0.44545454545454544	7.0	0.043798520629252914	
7.872458839383037e8	3.875624060435772e8	3.9968347789472646e8	18.0	31.0	1.0	0.12244897959183673	0.12222222222222222	0.44545454545454544	7.0	0.033433551992225474	
9.084749053025751e8	4.666090228408057e8	4.4186588246176934e8	22.0	25.0	3.0	0.12244897959183673	0.12222222222222222	0.4224137931034483	5.0	0.020327783127903176	
8.978386708440909e8	4.599543251064135e8	4.3788434573767745e8	24.0	24.0	2.0	0.12244897959183673	0.12222222222222222	0.4152542372881356	5.0	0.021034421094445106	
7.525386534521387e8	3.621036494354635e8	3.904350040166752e8	14.0	35.0	1.0	0.12244897959183673	0.12222222222222222	0.4537037037037037	7.0	0.03696251852389307	
9.425946624471618e8	4.9210572440811884e8	4.504889380390431e8	26.0	21.0	3.0	0.12244897959183673	0.12222222222222222	0.4049586776859504	5.0	0.01609364747119849	
8.07043157653194e8	3.97099109228048e8	4.0994404842514586e8	18.0	30.0	2.0	0.12244897959183673	0.12222222222222222	0.44545454545454544	6.0	0.02441083576287658	
8.447807874235706e8	4.2165523783209336e8	4.2312554959147716e8	19.0	29.0	2.0	0.12244897959183673	0.12222222222222222	0.4336283185840708	5.0	0.018400415721844292	
9.851670954605343e8	5.1870607456464016e8	4.6646102089589417e8	28.0	19.0	3.0	0.12244897959183673	0.12222222222222222	0.3951612903225806	4.0	0.012087989957887913	
8.356723062975959e8	4.1937288619756424e8	4.162994201000317e8	21.0	28.0	1.0	0.12244897959183673	0.12222222222222222	0.4298245614035088	6.0	0.02070004589137242	
8.36712872837862e8	4.2119354564068687e8	4.1551932719717526e8	22.0	27.0	1.0	0.12244897959183673	0.12222222222222222	0.4336283185840708	7.0	0.016468435664864233	
8.165290005603696e8	4.0785060415443563e8	4.086783964059341e8	19.0	30.0	1.0	0.12244897959183673	0.12222222222222222	0.44954128440366975	7.0	0.03104468283039712	
7.26301307667529e8	3.461701008600464e8	3.801312068074827e8	16.0	33.0	1.0	0.12244897959183673	0.12222222222222222	0.48514851485148514	9.0	0.04878964100902875	
8.331865242182772e8	4.1741036887923485e8	4.1577615533904237e8	22.0	27.0	1.0	0.12244897959183673	0.12222222222222222	0.4298245614035088	6.0	0.011733240304668874	
8.330692202934871e8	4.187658778728879e8	4.143033424205993e8	22.0	27.0	1.0	0.12244897959183673	0.12222222222222222	0.4260869565217391	7.0	0.021929171546518487	
8.743863974597145e8	4.468839571473332e8	4.275024403123814e8	23.0	26.0	1.0	0.12244897959183673	0.12222222222222222	0.4188034188034188	6.0	0.024833591861653084	
7.069329242034651e8	3.3098588222664726e8	3.7594704197681797e8	12.0	37.0	1.0	0.12244897959183673	0.12222222222222222	0.4803921568627451	8.0	0.047855564692299374	
9.554952792556477e8	4.984273642497505e8	4.570679150058971e8	26.0	22.0	2.0	0.12244897959183673	0.12222222222222222	0.4083333333333333	4.0	0.011386720439091388	
8.478381992403227e8	4.252615361872359e8	4.2257666305308676e8	21.0	28.0	1.0	0.12244897959183673	0.12222222222222222	0.4298245614035088	5.0	0.01418611858662879	
7.349945891069133e8	3.491203353516085e8	3.858742537553048e8	13.0	36.0	1.0	0.12244897959183673	0.12222222222222222	0.4666666666666667	7.0	0.035375891809715336	
8.954296776855222e8	4.5695201492393696e8	4.3847766276158535e8	24.0	24.0	2.0	0.12244897959183673	0.12222222222222222	0.4188034188034188	5.0	0.013808916423712339	
8.407925179542296e8	4.202334551080892e8	4.205590628461405e8	20.0	28.0	2.0	0.12244897959183673	0.12222222222222222	0.4336283185840708	6.0	0.03320420201047452	
7.79867179597399e8	3.7846477228229344e8	4.014024073151055e8	16.0	33.0	1.0	0.12244897959183673	0.12222222222222222	0.4537037037037037	6.0	0.026292127046178664	
7.379878613138198e8	3.530405260596082e8	3.8494733525421154e8	14.0	35.0	1.0	0.12244897959183673	0.12222222222222222	0.4537037037037037	8.0	0.05033801066214032	
9.094095178817778e8	4.681396204585602e8	4.4126989742321765e8	24.0	24.0	2.0	0.12244897959183673	0.12222222222222222	0.4083333333333333	5.0	0.015062833741555228	
7.955828655374496e8	3.9280320417993486e8	4.027796613575148e8	19.0	30.0	1.0	0.12244897959183673	0.12222222222222222	0.4375	7.0	0.035478209904230305	
8.989404375013235e8	4.608930080511952e8	4.380474294501283e8	25.0	22.0	3.0	0.12244897959183673	0.12222222222222222	0.4224137931034483	5.0	0.018408256159606704	
8.876111784962378e8	4.5373518742730457e8	4.3387599106893337e8	21.0	27.0	2.0	0.12244897959183673	0.12222222222222222	0.4298245614035088	6.0	0.028172633522273373	
8.721804400953785e8	4.4319638287075824e8	4.289840572246203e8	23.0	23.0	4.0	0.12244897959183673	0.12222222222222222	0.4260869565217391	6.0	0.02616415613864593	
9.20119607465558e8	4.7401450847477883e8	4.461050989907793e8	25.0	21.0	4.0	0.12244897959183673	0.12222222222222222	0.4117647058823529	5.0	0.018773283122772915	
9.620258832204757e8	5.006208568829444e8	4.614050263375314e8	27.0	21.0	2.0	0.12244897959183673	0.12222222222222222	0.4049586776859504	4.0	0.013011633224718459	
8.782909835979085e8	4.4099039273869485e8	4.373005908592134e8	21.0	27.0	2.0	0.12244897959183673	0.12222222222222222	0.4260869565217391	4.0	0.01565835430631349	
7.951479575353717e8	3.911851926433529e8	4.0396276489201874e8	18.0	31.0	1.0	0.12244897959183673	0.12222222222222222	0.4537037037037037	7.0	0.04421104827767492	
7.945340310734392e8	3.9246141911056453e8	4.0207261196287477e8	20.0	29.0	1.0	0.12244897959183673	0.12222222222222222	0.4537037037037037	8.0	0.05009448223733939	
1.1284017761033988e9	6.176177451106724e8	5.1078403099272645e8	34.0	12.0	4.0	0.12244897959183673	0.12222222222222222	0.362962962962963	3.0	0.0027669798077961344	
7.690126088217919e8	3.7251662412405765e8	3.964959846977341e8	17.0	31.0	2.0	0.12244897959183673	0.12222222222222222	0.45794392523364486	7.0	0.051808062968777255	
8.30138822592315e8	4.157818348307657e8	4.143569877615493e8	18.0	29.0	3.0	0.12244897959183673	0.12222222222222222	0.44144144144144143	7.0	0.038962892849447456	
9.013993809889942e8	4.6249975060263765e8	4.3889963038635665e8	25.0	22.0	3.0	0.12244897959183673	0.12222222222222222	0.4188034188034188	6.0	0.018390323162231922	
9.725186638189642e8	5.1108016093001837e8	4.6143850288894594e8	24.0	22.0	4.0	0.12244897959183673	0.10888610763454318	0.392	4.0	0.01277659415414517	
7.162288232962977e8	3.393703846426548e8	3.768584386536429e8	12.0	37.0	1.0	0.12244897959183673	0.10888610763454318	0.4803921568627451	9.0	0.061086332021284946	
8.32162398715075e8	4.1523397588430405e8	4.1692842283077097e8	20.0	28.0	2.0	0.12244897959183673	0.10888610763454318	0.4298245614035088	6.0	0.026952343935979492	
7.946306815602505e8	3.881642924053116e8	4.064663891549388e8	16.0	33.0	1.0	0.12244897959183673	0.10888610763454318	0.44954128440366975	6.0	0.0259953879022559	
7.923151460347406e8	3.888719638341211e8	4.0344318220061946e8	17.0	31.0	2.0	0.12244897959183673	0.10888610763454318	0.4537037037037037	7.0	0.049087989177215664	
7.961122967145069e8	3.930720744555995e8	4.0304022225890726e8	18.0	31.0	1.0	0.12244897959183673	0.10888610763454318	0.44545454545454544	7.0	0.03340279711413691	
1.0485522614432704e9	5.672364454777055e8	4.813158159655649e8	28.0	18.0	4.0	0.12244897959183673	0.10888610763454318	0.3798449612403101	4.0	0.007491011755579423	
9.063823540001504e8	4.6665803897336644e8	4.3972431502678406e8	23.0	24.0	3.0	0.12244897959183673	0.10888610763454318	0.4117647058823529	5.0	0.024442334168099475	
9.549310434964333e8	5.0284209020836914e8	4.520889532880643e8	27.0	19.0	4.0	0.12244897959183673	0.10888610763454318	0.4117647058823529	6.0	0.025607015945519767	
9.637342959723287e8	5.061041298388858e8	4.5763016613344294e8	26.0	20.0	4.0	0.12244897959183673	0.10888610763454318	0.4049586776859504	5.0	0.018647118507918094	
8.71959444254101e8	4.4399269901621747e8	4.2796674523788375e8	22.0	26.0	2.0	0.12244897959183673	0.10888610763454318	0.4260869565217391	6.0	0.03662092427582176	
8.748136856906091e8	4.456538639742012e8	4.2915982171640795e8	21.0	28.0	1.0	0.12244897959183673	0.10888610763454318	0.4152542372881356	5.0	0.017421769773072138	
7.604770758340621e8	3.702095320574048e8	3.902675437766572e8	16.0	33.0	1.0	0.12244897959183673	0.10888610763454318	0.45794392523364486	8.0	0.05649683090369893	
8.474526612505476e8	4.3094261692434466e8	4.1651004432620287e8	24.0	25.0	1.0	0.12244897959183673	0.10888610763454318	0.4260869565217391	7.0	0.02677982690569962	
8.254730099013491e8	4.1145938693097067e8	4.140136229703784e8	18.0	30.0	2.0	0.12244897959183673	0.10888610763454318	0.4375	6.0	0.026456706967858797	
9.225425305090644e8	4.794688973617538e8	4.430736331473106e8	25.0	22.0	3.0	0.12244897959183673	0.10888610763454318	0.4049586776859504	5.0	0.01606938377044446	
8.35302012394468e8	4.186410458667568e8	4.1666096652771133e8	22.0	26.0	2.0	0.12244897959183673	0.10888610763454318	0.4188034188034188	6.0	0.022448855273103398	
7.696677405078285e8	3.7574407160497314e8	3.939236689028554e8	13.0	36.0	1.0	0.12244897959183673	0.10888610763454318	0.4666666666666667	7.0	0.033970978932318714	
9.205639530366904e8	4.736267331174539e8	4.4693721991923654e8	23.0	25.0	2.0	0.12244897959183673	0.10888610763454318	0.4152542372881356	4.0	0.009929914426087892	
7.872934676385412e8	3.8790305000084484e8	3.993904176376963e8	17.0	32.0	1.0	0.12244897959183673	0.10888610763454318	0.4375	7.0	0.03587912347478675	
7.830287275790682e8	3.868195412675297e8	3.962091863115385e8	17.0	32.0	1.0	0.12244897959183673	0.10888610763454318	0.45794392523364486	8.0	0.04426954174665759	
7.869482881888374e8	3.8942141098813057e8	3.9752687720070696e8	17.0	32.0	1.0	0.12244897959183673	0.10888610763454318	0.45794392523364486	8.0	0.049175116142758456	
9.190678776815298e8	4.7498293227386814e8	4.440849454076617e8	24.0	23.0	3.0	0.12244897959183673	0.10888610763454318	0.4083333333333333	5.0	0.016221480475307005	
9.311283988044002e8	4.818542876844997e8	4.4927411111990047e8	27.0	19.0	4.0	0.12244897959183673	0.10888610763454318	0.4083333333333333	5.0	0.019529662514356394	
9.42437961712975e8	4.915951205223882e8	4.5084284119058675e8	24.0	24.0	2.0	0.12244897959183673	0.10888610763454318	0.4083333333333333	5.0	0.01696604236932868	
9.232971155887258e8	4.7982247462341565e8	4.4347464096531034e8	25.0	22.0	3.0	0.12244897959183673	0.10888610763454318	0.4016393442622951	5.0	0.015739390994493035	
1.0608914576593237e9	5.740401565180941e8	4.8685130114122957e8	31.0	15.0	4.0	0.12244897959183673	0.10888610763454318	0.3798449612403101	4.0	0.0039864755425979915	
8.309383614183569e8	4.192406513393773e8	4.116977100789794e8	21.0	27.0	2.0	0.12244897959183673	0.10888610763454318	0.44545454545454544	8.0	0.04163269738187206	
9.851219599746516e8	5.2461586126293427e8	4.605060987117172e8	27.0	19.0	4.0	0.12244897959183673	0.10888610763454318	0.4049586776859504	5.0	0.01365642577377271	
9.015523742764146e8	4.6676105826690423e8	4.3479131600951046e8	25.0	22.0	3.0	0.12244897959183673	0.10888610763454318	0.4188034188034188	7.0	0.03742598711935131	
7.865275311016223e8	3.8599238787077415e8	4.005351432308482e8	17.0	32.0	1.0	0.12244897959183673	0.10888610763454318	0.44545454545454544	7.0	0.04265417132422485	
8.223126057758708e8	4.1265298437295e8	4.0965962140292084e8	20.0	29.0	1.0	0.12244897959183673	0.10888610763454318	0.44545454545454544	7.0	0.030412424951227316	
9.126291876316777e8	4.7116813901567173e8	4.41461048616006e8	23.0	25.0	2.0	0.12244897959183673	0.10888610763454318	0.4152542372881356	5.0	0.021161088719098765	
9.35851267196062e8	4.854762843201105e8	4.503749828759515e8	23.0	25.0	2.0	0.12244897959183673	0.10888610763454318	0.4049586776859504	4.0	0.010062988227872603	
7.804126372899618e8	3.8046878420968986e8	3.9994385308027196e8	18.0	31.0	1.0	0.12244897959183673	0.10888610763454318	0.44545454545454544	6.0	0.022427756966045966	
7.994745201776237e8	3.9592695291462743e8	4.0354756726299626e8	20.0	29.0	1.0	0.12244897959183673	0.10888610763454318	0.4375	7.0	0.03314533334979014	
7.748458752090681e8	3.7973361974749017e8	3.95112255461578e8	15.0	34.0	1.0	0.12244897959183673	0.10888610763454318	0.4666666666666667	8.0	0.04630040745697535	
8.362245411405276e8	4.214999823414967e8	4.147245587990309e8	23.0	25.0	2.0	0.12244897959183673	0.10888610763454318	0.4260869565217391	7.0	0.03532677080945072	
7.681586328368379e8	3.703244683891822e8	3.978341644476557e8	13.0	36.0	1.0	0.12244897959183673	0.10888610763454318	0.45794392523364486	6.0	0.03599712726284408	
9.268451197457464e8	4.8185811959745127e8	4.4498700014829516e8	23.0	24.0	3.0	0.12244897959183673	0.10888610763454318	0.4117647058823529	5.0	0.011920432333334334	
8.871207302268988e8	4.4889486012977636e8	4.3822587009712243e8	23.0	26.0	1.0	0.12244897959183673	0.10888610763454318	0.4188034188034188	4.0	0.0117094983926585	
9.33620060950027e8	4.87223258034454e8	4.463968029155729e8	25.0	23.0	2.0	0.12244897959183673	0.10888610763454318	0.4049586776859504	5.0	0.012645931388428386	
7.63537174776188e8	3.7189919963696086e8	3.9163797513922715e8	15.0	34.0	1.0	0.12244897959183673	0.10888610763454318	0.4537037037037037	8.0	0.04570732447304127	
1.042333122939853e9	5.554133810866078e8	4.8691974185324526e8	28.0	19.0	3.0	0.12244897959183673	0.10888610763454318	0.3858267716535433	3.0	0.005588927870077171	
9.251592087764294e8	4.771353954758388e8	4.480238133005906e8	23.0	24.0	3.0	0.12244897959183673	0.10888610763454318	0.4049586776859504	4.0	0.012987567862642893	
7.711156275234761e8	3.767667373835033e8	3.943488901399728e8	16.0	33.0	1.0	0.12244897959183673	0.10888610763454318	0.46226415094339623	8.0	0.053949149104086075	
7.602937621885686e8	3.6739404567878664e8	3.9289971650978196e8	15.0	34.0	1.0	0.12244897959183673	0.10888610763454318	0.44954128440366975	7.0	0.03783806236359625	
7.702440408275056e8	3.7430561672292113e8	3.959384241045844e8	17.0	32.0	1.0	0.12244897959183673	0.10888610763454318	0.44954128440366975	7.0	0.039081023337851066	
7.936431115036008e8	3.8941556329376805e8	4.0422754820983267e8	18.0	31.0	1.0	0.12244897959183673	0.10888610763454318	0.4537037037037037	6.0	0.0384775347035251	
8.466423013705978e8	4.275350352470685e8	4.191072661235292e8	21.0	27.0	2.0	0.12244897959183673	0.10888610763454318	0.4224137931034483	6.0	0.024399603331175967	