7.980117411127245e8	3.986600408854703e8	3.993517002272544e8	16.0	33.0	1.0	0.12244897959183673	0.17861482381530985	0.4537037037037037	8.0	0.03125881035692986	
1.0109012698225937e9	5.376873663016722e8	4.732139035209214e8	27.0	20.0	3.0	0.12244897959183673	0.17861482381530985	0.4083333333333333	4.0	0.014587799405476476	
1.0236507138761835e9	5.457156746536133e8	4.7793503922257006e8	32.0	15.0	3.0	0.12244897959183673	0.17861482381530985	0.4049586776859504	4.0	0.016170519295519298	
1.0670488359788592e9	5.786527049777472e8	4.883961310011121e8	31.0	14.0	5.0	0.12244897959183673	0.17861482381530985	0.3798449612403101	4.0	0.009870694309469815	
9.076975063577989e8	4.650356356616529e8	4.426618706961459e8	24.0	23.0	3.0	0.12244897959183673	0.17861482381530985	0.4117647058823529	5.0	0.026768848218052897	
9.12267405173285e8	4.76304620854622e8	4.35962784318663e8	23.0	24.0	3.0	0.12244897959183673	0.17861482381530985	0.4117647058823529	6.0	0.02544879062736206	
8.722688124206228e8	4.434165810693224e8	4.2885223135130036e8	20.0	29.0	1.0	0.12244897959183673	0.17861482381530985	0.4260869565217391	5.0	0.01905131582226104	
8.825663449983367e8	4.508028167256392e8	4.3176352827269745e8	22.0	26.0	2.0	0.12244897959183673	0.17861482381530985	0.4260869565217391	5.0	0.01578631795942404	
8.572983064781868e8	4.415546389234097e8	4.1574366755477697e8	16.0	33.0	1.0	0.12244897959183673	0.17861482381530985	0.4260869565217391	6.0	0.021706442923548185	
9.003478632877717e8	4.615442211344167e8	4.388036421533552e8	22.0	26.0	2.0	0.12244897959183673	0.17861482381530985	0.4260869565217391	5.0	0.02532134967984308	
8.825412002902579e8	4.547081121175554e8	4.2783308817270255e8	23.0	25.0	2.0	0.12244897959183673	0.17861482381530985	0.4083333333333333	6.0	0.020030571752510527	
9.135687779325073e8	4.722356025402837e8	4.4133317539222366e8	23.0	24.0	3.0	0.12244897959183673	0.17861482381530985	0.4188034188034188	5.0	0.018875230467367325	
9.440822987948627e8	4.9524906310428625e8	4.4883323569057643e8	22.0	26.0	2.0	0.12244897959183673	0.17861482381530985	0.4152542372881356	5.0	0.03177447385880759	
8.573563604151051e8	4.3291697414439976e8	4.2443938627070516e8	24.0	23.0	3.0	0.12244897959183673	0.17861482381530985	0.4298245614035088	6.0	0.03283018738075761	
7.126520913266815e8	3.369741939455637e8	3.756778973811177e8	12.0	37.0	1.0	0.12244897959183673	0.17861482381530985	0.49	9.0	0.08010321223017484	
1.0136070949267411e9	5.415028307581432e8	4.721042641685979e8	28.0	18.0	4.0	0.12244897959183673	0.17861482381530985	0.3951612903225806	4.0	0.02335674834924535	
8.899105922829411e8	4.617256562893809e8	4.281849359935602e8	26.0	19.0	5.0	0.12244897959183673	0.17861482381530985	0.4375	8.0	0.04589144669762443	
1.1055080260705745e9	6.147416622475268e8	4.9076636382304764e8	32.0	11.0	7.0	0.12244897959183673	0.17861482381530985	0.3712121212121212	6.0	0.016915020096786224	
1.1039309291412544e9	6.154100573725531e8	4.885208717687013e8	30.0	14.0	6.0	0.12244897959183673	0.17861482381530985	0.3798449612403101	6.0	0.011416852094373103	
1.0647878704166069e9	5.835557655818739e8	4.812321048347332e8	32.0	12.0	6.0	0.12244897959183673	0.17861482381530985	0.4117647058823529	6.0	0.010528924703969723	
1.0487744782870493e9	5.742673074770421e8	4.7450717081000715e8	32.0	11.0	7.0	0.12244897959183673	0.17861482381530985	0.4224137931034483	7.0	0.013854575139582563	
1.2431563958364651e9	7.137752118876867e8	5.2938118394877845e8	33.0	13.0	4.0	0.12244897959183673	0.17861482381530985	0.3475177304964539	3.0	0.005059920983658899	
1.0294924505547495e9	5.62055802967526e8	4.6743664758722365e8	31.0	14.0	5.0	0.12244897959183673	0.17861482381530985	0.4049586776859504	6.0	0.02613397534616022	
1.0496596461269528e9	5.743109720971414e8	4.7534867402981144e8	32.0	14.0	4.0	0.12244897959183673	0.17861482381530985	0.4117647058823529	5.0	0.025006781975194337	
1.0989012200850492e9	6.059354552955521e8	4.9296576478949696e8	31.0	13.0	6.0	0.12244897959183673	0.17861482381530985	0.3888888888888889	5.0	0.0151424624873873	
9.448064777992086e8	4.958376719567084e8	4.489688058425001e8	27.0	19.0	4.0	0.12244897959183673	0.17861482381530985	0.4188034188034188	6.0	0.04174741066484605	
8.834881233663341e8	4.5272542172506785e8	4.307627016412662e8	23.0	25.0	2.0	0.12244897959183673	0.17861482381530985	0.4224137931034483	6.0	0.03635182568216308	
8.686055368579592e8	4.384306857881608e8	4.3017485106979847e8	24.0	23.0	3.0	0.12244897959183673	0.17861482381530985	0.4260869565217391	5.0	0.028433080757234108	
1.1380825926916833e9	6.311915076308681e8	5.068910850608154e8	32.0	13.0	5.0	0.12244897959183673	0.17861482381530985	0.37404580152671757	4.0	0.006862474843417218	
9.785004929660623e8	5.2285037101206994e8	4.5565012195399255e8	27.0	20.0	3.0	0.12244897959183673	0.17861482381530985	0.4016393442622951	5.0	0.018596414451006286	
1.0125694149413029e9	5.458429926795137e8	4.667264222617892e8	28.0	17.0	5.0	0.12244897959183673	0.17861482381530985	0.4016393442622951	6.0	0.021225452177207876	
9.393908313532e8	4.954498155580709e8	4.439410157951292e8	23.0	23.0	4.0	0.12244897959183673	0.17861482381530985	0.4117647058823529	6.0	0.025358054667146718	
8.305847368523016e8	4.2125172433226085e8	4.0933301252004063e8	21.0	28.0	1.0	0.12244897959183673	0.17861482381530985	0.46226415094339623	9.0	0.07721015076582304	
9.223163479128245e8	4.8366965911659086e8	4.386466887962337e8	22.0	26.0	2.0	0.12244897959183673	0.17861482381530985	0.4117647058823529	5.0	0.021291234747867403	
7.91590478549541e8	3.949723139629082e8	3.9661816458663285e8	17.0	32.0	1.0	0.12244897959183673	0.17861482381530985	0.4537037037037037	8.0	0.0472751839385993	
9.273261554118161e8	4.8481817069567657e8	4.425079847161396e8	22.0	26.0	2.0	0.12244897959183673	0.17861482381530985	0.4016393442622951	5.0	0.011157324892555824	
8.406613199266088e8	4.229612639437997e8	4.177000559828092e8	22.0	26.0	2.0	0.12244897959183673	0.17861482381530985	0.44144144144144143	6.0	0.0364765886885919	
8.803342538982924e8	4.479226121757503e8	4.3241164172254217e8	23.0	24.0	3.0	0.12244897959183673	0.17861482381530985	0.4224137931034483	5.0	0.022864957996477708	
7.993786926861705e8	3.9400018984634846e8	4.0537850283982193e8	17.0	32.0	1.0	0.12244897959183673	0.17861482381530985	0.44954128440366975	6.0	0.029716902023324592	
9.705731627247181e8	5.109023967867753e8	4.5967076593794256e8	26.0	21.0	3.0	0.12244897959183673	0.17861482381530985	0.3983739837398374	4.0	0.007944010937708416	
8.617042954755571e8	4.36449087051793e8	4.2525520842376417e8	22.0	26.0	2.0	0.12244897959183673	0.17861482381530985	0.4260869565217391	5.0	0.014992078301020298	
7.578370880001209e8	3.679840865336498e8	3.8985300146647096e8	14.0	35.0	1.0	0.12244897959183673	0.17861482381530985	0.4666666666666667	8.0	0.050222936794934024	
7.652307149682981e8	3.7578050279926425e8	3.8945021216903377e8	17.0	32.0	1.0	0.12244897959183673	0.17861482381530985	0.4803921568627451	9.0	0.06034686716245525	
8.254392220524372e8	4.1204179603585654e8	4.133974260165807e8	23.0	26.0	1.0	0.12244897959183673	0.17861482381530985	0.4298245614035088	6.0	0.015143426112813866	
8.269054557801241e8	4.1650278528270423e8	4.1040267049741983e8	22.0	27.0	1.0	0.12244897959183673	0.17861482381530985	0.44144144144144143	7.0	0.02380699797752145	
6.648527990269626e8	3.0778437903602105e8	3.570684199909416e8	11.0	38.0	1.0	0.12244897959183673	0.17861482381530985	0.5212765957446809	13.0	0.15519599722859972	
8.0147182467382e8	3.9745757064248556e8	4.040142540313345e8	20.0	29.0	1.0	0.12244897959183673	0.17861482381530985	0.44144144144144143	7.0	0.0355249152330485	
8.372022293759947e8	4.2133836692405874e8	4.1586386245193577e8	20.0	28.0	2.0	0.12244897959183673	0.17861482381530985	0.44545454545454544	6.0	0.02141989071247617	
8.750168569499085e8	4.512483223169648e8	4.237685346329435e8	20.0	29.0	1.0	0.12244897959183673	0.17861482381530985	0.4260869565217391	6.0	0.014698075002065018	
8.503897882626696e8	4.3389851298389834e8	4.164912752787712e8	21.0	28.0	1.0	0.12244897959183673	0.17861482381530985	0.4260869565217391	8.0	0.031171646147636543	
8.509779952290517e8	4.316199762630345e8	4.193580189660171e8	22.0	26.0	2.0	0.12244897959183673	0.15945611866501855	0.4375	7.0	0.027564211110129487	
8.324646817972678e8	4.2126415210291845e8	4.1120052969434935e8	20.0	29.0	1.0	0.12244897959183673	0.15945611866501855	0.44954128440366975	8.0	0.03269151719406821	
9.109312705564117e8	4.7281543302221894e8	4.381158375341928e8	24.0	24.0	2.0	0.12244897959183673	0.15945611866501855	0.4260869565217391	6.0	0.020550169784863667	
7.791831024987671e8	3.805934830736584e8	3.985896194251087e8	19.0	30.0	1.0	0.12244897959183673	0.15945611866501855	0.44954128440366975	7.0	0.03063112010816092	
7.679020462832397e8	3.730702293453057e8	3.9483181693793404e8	14.0	35.0	1.0	0.12244897959183673	0.15945611866501855	0.4537037037037037	7.0	0.03781393079487317	
8.508453148970242e8	4.2609544487345564e8	4.2474987002356863e8	22.0	27.0	1.0	0.12244897959183673	0.15945611866501855	0.4336283185840708	5.0	0.01170894945279699	
6.669937768683518e8	3.067949383942299e8	3.601988384741219e8	8.0	41.0	1.0	0.12244897959183673	0.15945611866501855	0.5157894736842106	12.0	0.12209063750930498	
7.505695669771547e8	3.599843922617887e8	3.9058517471536607e8	14.0	35.0	1.0	0.12244897959183673	0.15945611866501855	0.4666666666666667	7.0	0.03843875476153386	
7.503860652481751e8	3.600517345071609e8	3.9033433074101406e8	13.0	36.0	1.0	0.12244897959183673	0.15945611866501855	0.46226415094339623	7.0	0.0354287624695788	
8.524882023583858e8	4.282263669867748e8	4.242618353716109e8	20.0	29.0	1.0	0.12244897959183673	0.15945611866501855	0.44144144144144143	5.0	0.02417526256811971	
9.970368910561236e8	5.2872165161000896e8	4.683152394461148e8	27.0	19.0	4.0	0.12244897959183673	0.15945611866501855	0.3951612903225806	4.0	0.008035999808958992	
7.816320820652871e8	3.835759253864851e8	3.98056156678802e8	18.0	31.0	1.0	0.12244897959183673	0.15945611866501855	0.44954128440366975	8.0	0.05175805392642127	
1.1294722353769383e9	6.240540704561453e8	5.05418164920793e8	30.0	16.0	4.0	0.12244897959183673	0.15945611866501855	0.3684210526315789	3.0	0.0033622179030342297	
8.618324128803201e8	4.3783896837630624e8	4.239934445040138e8	22.0	25.0	3.0	0.12244897959183673	0.15945611866501855	0.44144144144144143	7.0	0.044908537701905046	
1.0414455134645027e9	5.625690473024297e8	4.788764661620729e8	29.0	17.0	4.0	0.12244897959183673	0.15945611866501855	0.3798449612403101	4.0	0.006569889860706187	
9.015263891952578e8	4.670836675995991e8	4.3444272159565866e8	21.0	27.0	2.0	0.12244897959183673	0.15945611866501855	0.4298245614035088	6.0	0.01649045163075775	
8.568162016110432e8	4.3839898470605826e8	4.1841721690498495e8	21.0	26.0	3.0	0.12244897959183673	0.15945611866501855	0.44144144144144143	8.0	0.048446694556388434	
9.477175633964394e8	4.921007237253749e8	4.556168396710645e8	23.0	24.0	3.0	0.12244897959183673	0.15945611866501855	0.4188034188034188	4.0	0.01461474560964357	
8.204390630672846e8	4.067518161535367e8	4.1368724691374785e8	16.0	32.0	2.0	0.12244897959183673	0.15945611866501855	0.44954128440366975	6.0	0.033401943028293565	
9.394868687533687e8	4.852497377547186e8	4.5423713099865013e8	25.0	22.0	3.0	0.12244897959183673	0.15945611866501855	0.4083333333333333	4.0	0.012008753717937389	
8.616069626597352e8	4.398171200548075e8	4.2178984260492766e8	22.0	26.0	2.0	0.12244897959183673	0.15945611866501855	0.44954128440366975	7.0	0.03812725667467564	
9.083987175197842e8	4.634413929175062e8	4.449573246022779e8	24.0	24.0	2.0	0.12244897959183673	0.15945611866501855	0.4152542372881356	4.0	0.014471641831335707	
9.38102202072367e8	4.917397511642229e8	4.46362450908144e8	24.0	23.0	3.0	0.12244897959183673	0.15945611866501855	0.4117647058823529	5.0	0.02199985152791275	
8.248723314283471e8	4.075352051010488e8	4.173371263272983e8	18.0	31.0	1.0	0.12244897959183673	0.15945611866501855	0.44954128440366975	5.0	0.020320132437479373	
8.282225977927608e8	4.16684583487998e8	4.115380143047628e8	21.0	28.0	1.0	0.12244897959183673	0.15945611866501855	0.4298245614035088	7.0	0.03740227318033439	
8.40522840143899e8	4.2273039803696674e8	4.177924421069323e8	22.0	26.0	2.0	0.12244897959183673	0.15945611866501855	0.4298245614035088	6.0	0.02300200508108672	
8.26549303133988e8	4.11876819786598e8	4.1467248334739006e8	19.0	30.0	1.0	0.12244897959183673	0.15945611866501855	0.4375	6.0	0.02724913419691331	
8.295083862960796e8	4.166068246511706e8	4.129015616449089e8	22.0	27.0	1.0	0.12244897959183673	0.15945611866501855	0.4336283185840708	7.0	0.03582296055285251	
7.56395863405014e8	3.66257017655215e8	3.9013884574979913e8	15.0	34.0	1.0	0.12244897959183673	0.15945611866501855	0.46226415094339623	8.0	0.06084830757699904	
8.906369481238236e8	4.5654284688818544e8	4.3409410123563826e8	21.0	27.0	2.0	0.12244897959183673	0.15945611866501855	0.4152542372881356	5.0	0.01841981464580504	
8.881886945913382e8	4.578837034802376e8	4.303049911111006e8	23.0	25.0	2.0	0.12244897959183673	0.15945611866501855	0.4298245614035088	6.0	0.025268240829465327	
9.486288797113286e8	5.001933225445909e8	4.484355571667377e8	27.0	19.0	4.0	0.12244897959183673	0.15945611866501855	0.4152542372881356	6.0	0.020929849628829225	
9.327157782016437e8	4.8621669831750095e8	4.4649907988414294e8	27.0	19.0	4.0	0.12244897959183673	0.15945611866501855	0.4260869565217391	5.0	0.02357849289121798	
9.477693571985128e8	5.005109577284063e8	4.472583994701066e8	24.0	22.0	4.0	0.12244897959183673	0.15945611866501855	0.4049586776859504	6.0	0.01808608363980513	
1.0050081697017484e9	5.402504146951708e8	4.6475775500657773e8	27.0	19.0	4.0	0.12244897959183673	0.15945611866501855	0.3983739837398374	5.0	0.010458536283866414	
9.1980820896459e8	4.803872630836388e8	4.3942094588095117e8	25.0	23.0	2.0	0.12244897959183673	0.15945611866501855	0.4224137931034483	6.0	0.019645246682311508	
8.859785877311149e8	4.57163750166312e8	4.28814837564803e8	24.0	24.0	2.0	0.12244897959183673	0.15945611866501855	0.4260869565217391	7.0	0.026074401066898064	
8.333562308676491e8	4.194572161865752e8	4.138990146810739e8	22.0	26.0	2.0	0.12244897959183673	0.15945611866501855	0.4336283185840708	7.0	0.04295347273663599	
8.958049899710596e8	4.643284238655131e8	4.3147656610554653e8	23.0	25.0	2.0	0.12244897959183673	0.15945611866501855	0.4152542372881356	6.0	0.02197322471557165	
8.036120166331103e8	3.979875165494433e8	4.0562450008366704e8	18.0	31.0	1.0	0.12244897959183673	0.15945611866501855	0.45794392523364486	7.0	0.03985287338378575	
8.930321704555254e8	4.6222799354578537e8	4.3080417690974e8	24.0	23.0	3.0	0.12244897959183673	0.15945611866501855	0.4260869565217391	7.0	0.033069457941906924	
9.861868221806155e8	5.292206577355987e8	4.569661644450171e8	29.0	17.0	4.0	0.12244897959183673	0.15945611866501855	0.4016393442622951	6.0	0.0182052216490992	
9.603105899996915e8	5.0491726590309054e8	4.553933240966009e8	26.0	20.0	4.0	0.12244897959183673	0.15945611866501855	0.4152542372881356	5.0	0.023223165945254778	
9.888112776902485e8	5.287116476158173e8	4.600996300744312e8	26.0	20.0	4.0	0.12244897959183673	0.15945611866501855	0.3983739837398374	5.0	0.015870395777358562	
9.734670543670477e8	5.15939901882306e8	4.575271524847416e8	26.0	20.0	4.0	0.12244897959183673	0.15945611866501855	0.4083333333333333	5.0	0.015256626154735399	
1.07659044303549e9	5.880805716354203e8	4.885098714000697e8	31.0	15.0	4.0	0.12244897959183673	0.15945611866501855	0.3798449612403101	4.0	0.008938099049143467	
8.778467287843716e8	4.516501268243884e8	4.2619660195998335e8	22.0	26.0	2.0	0.12244897959183673	0.15945611866501855	0.4298245614035088	7.0	0.03943885857151164	
8.094804906556025e8	4.036120739996443e8	4.058684166559582e8	16.0	33.0	1.0	0.12244897959183673	0.15945611866501855	0.44954128440366975	7.0	0.048117598687826786	
9.77135285270256e8	5.139038658675612e8	4.63231419402695e8	27.0	20.0	3.0	0.12244897959183673	0.15945611866501855	0.4117647058823529	4.0	0.0148711973967076	
8.830737168250343e8	4.455511356006665e8	4.375225812243677e8	19.0	30.0	1.0	0.12244897959183673	0.15945611866501855	0.4260869565217391	4.0	0.012943819302612817	
7.829767983501403e8	3.8675528017116225e8	3.962215181789781e8	18.0	31.0	1.0	0.12244897959183673	0.1259259259259259	0.4537037037037037	8.0	0.04655725919794046	
9.341836885784366e8	4.8812941720360255e8	4.460542713748341e8	24.0	24.0	2.0	0.12244897959183673	0.1259259259259259	0.4083333333333333	5.0	0.010766849474832666	
1.000243795225591e9	5.2620038803474593e8	4.7404340719084495e8	26.0	22.0	2.0	0.12244897959183673	0.1259259259259259	0.3951612903225806	3.0	0.0052886432350718075	
8.551156476038331e8	4.33460564894986e8	4.2165508270884705e8	22.0	26.0	2.0	0.12244897959183673	0.1259259259259259	0.4298245614035088	7.0	0.039318606091565275	
8.580751367173427e8	4.3238316418043846e8	4.256919725369042e8	19.0	30.0	1.0	0.12244897959183673	0.1259259259259259	0.4298245614035088	5.0	0.01982705857068102	
9.493124239749249e8	4.9421985680919623e8	4.550925671657288e8	25.0	22.0	3.0	0.12244897959183673	0.1259259259259259	0.4049586776859504	4.0	0.016483853920078412	
9.307598863611821e8	4.7909724204606664e8	4.5166264431511545e8	25.0	23.0	2.0	0.12244897959183673	0.1259259259259259	0.4117647058823529	4.0	0.013340197189987102	
9.269703668863871e8	4.8074122140378416e8	4.4622914548260295e8	23.0	24.0	3.0	0.12244897959183673	0.1259259259259259	0.4188034188034188	5.0	0.02130957312717517	
8.051843591095114e8	3.971522281074809e8	4.080321310020306e8	17.0	32.0	1.0	0.12244897959183673	0.1259259259259259	0.44545454545454544	6.0	0.02889166058808916	
9.649474368576326e8	5.075420504968573e8	4.574053863607755e8	27.0	20.0	3.0	0.12244897959183673	0.1259259259259259	0.4049586776859504	5.0	0.01599946526229539	
9.323920654082878e8	4.833179149600708e8	4.4907415044821703e8	25.0	22.0	3.0	0.12244897959183673	0.1259259259259259	0.4188034188034188	5.0	0.016145327178490446	
8.995488242186387e8	4.622334901516844e8	4.3731533406695426e8	24.0	22.0	4.0	0.12244897959183673	0.1259259259259259	0.4336283185840708	6.0	0.02183743398291717	
8.053134547453494e8	4.000390555394414e8	4.05274399205908e8	17.0	32.0	1.0	0.12244897959183673	0.1259259259259259	0.45794392523364486	8.0	0.033017588279067867	
6.799920903613918e8	3.152005135556876e8	3.6479157680570424e8	9.0	40.0	1.0	0.12244897959183673	0.1259259259259259	0.5157894736842106	11.0	0.09426968367544596	
8.222274104888809e8	4.054943606059249e8	4.1673304988295597e8	19.0	30.0	1.0	0.12244897959183673	0.1259259259259259	0.4375	5.0	0.010995986598102442	
7.176198004704347e8	3.3855602032788706e8	3.790637801425476e8	13.0	36.0	1.0	0.12244897959183673	0.1259259259259259	0.48514851485148514	8.0	0.05262893709209735	
8.043507905336518e8	3.9709242359503806e8	4.0725836693861353e8	17.0	31.0	2.0	0.12244897959183673	0.1259259259259259	0.4537037037037037	7.0	0.04167028227652478	
7.341345399616685e8	3.503102689190972e8	3.838242710425713e8	12.0	37.0	1.0	0.12244897959183673	0.1259259259259259	0.47572815533980584	8.0	0.060928825132006405	
9.731070035329983e8	5.101516671245941e8	4.629553364084041e8	28.0	18.0	4.0	0.12244897959183673	0.1259259259259259	0.4049586776859504	4.0	0.015441114632666253	
9.511133757157865e8	5.0040197685945106e8	4.507113988563353e8	25.0	22.0	3.0	0.12244897959183673	0.1259259259259259	0.4016393442622951	5.0	0.011851122469744917	
8.865628794129555e8	4.524021097131069e8	4.341607696998488e8	22.0	27.0	1.0	0.12244897959183673	0.1259259259259259	0.4152542372881356	5.0	0.012052624010532172	
9.323825533887539e8	4.8965795009162533e8	4.4272460329712856e8	28.0	18.0	4.0	0.12244897959183673	0.1259259259259259	0.4083333333333333	6.0	0.01996460595837847	
7.832203860907166e8	3.839763929535967e8	3.9924399313711977e8	17.0	32.0	1.0	0.12244897959183673	0.1259259259259259	0.46226415094339623	7.0	0.035243064855534835	
7.938262906820471e8	3.9090550018166643e8	4.029207905003807e8	19.0	30.0	1.0	0.12244897959183673	0.1259259259259259	0.4375	7.0	0.02875291752842774	
9.288194667282351e8	4.79151015240378e8	4.49668451487857e8	22.0	26.0	2.0	0.12244897959183673	0.1259259259259259	0.4188034188034188	4.0	0.009477866238070318	
7.811830547294732e8	3.841812813816472e8	3.97001773347826e8	17.0	32.0	1.0	0.12244897959183673	0.1259259259259259	0.4537037037037037	8.0	0.04158291063678218	
7.986568785721142e8	3.946947084020253e8	4.039621701700889e8	16.0	33.0	1.0	0.12244897959183673	0.1259259259259259	0.46226415094339623	7.0	0.033798748575909435	
7.691921024501251e8	3.725653502695277e8	3.966267521805975e8	16.0	33.0	1.0	0.12244897959183673	0.1259259259259259	0.4537037037037037	7.0	0.04131519060615699	
7.752251715804725e8	3.778280692588349e8	3.973971023216375e8	18.0	31.0	1.0	0.12244897959183673	0.1259259259259259	0.4537037037037037	7.0	0.02579879173891779	
7.684259155267318e8	3.719975503646542e8	3.964283651620776e8	16.0	33.0	1.0	0.12244897959183673	0.1259259259259259	0.4537037037037037	7.0	0.04136520034254128	
7.892794259268317e8	3.8608243155377525e8	4.0319699437305653e8	13.0	36.0	1.0	0.12244897959183673	0.1259259259259259	0.45794392523364486	6.0	0.03476401868883861	
9.787642962732311e8	5.1814649449156904e8	4.6061780178166187e8	28.0	18.0	4.0	0.12244897959183673	0.1259259259259259	0.3888888888888889	5.0	0.014194606413994173	
9.625135801005275e8	5.0333492312894696e8	4.591786569715806e8	25.0	23.0	2.0	0.12244897959183673	0.1259259259259259	0.3983739837398374	4.0	0.008971026597452166	
8.361014929468931e8	4.186225097587006e8	4.174789831881926e8	21.0	27.0	2.0	0.12244897959183673	0.1259259259259259	0.4336283185840708	6.0	0.019942933814107285	
8.30100290971455e8	4.178091065851542e8	4.1229118438630086e8	22.0	27.0	1.0	0.12244897959183673	0.1259259259259259	0.4336283185840708	7.0	0.029468381314119607	
7.711747462330829e8	3.746616447297741e8	3.9651310150330865e8	16.0	33.0	1.0	0.12244897959183673	0.1259259259259259	0.46226415094339623	7.0	0.03934528433140378	
1.0334581727767375e9	5.55581026977314e8	4.7787714579942346e8	32.0	14.0	4.0	0.12244897959183673	0.1259259259259259	0.3888888888888889	4.0	0.004239280419127358	
8.560272529438101e8	4.364830018693151e8	4.195442510744951e8	24.0	24.0	2.0	0.12244897959183673	0.1259259259259259	0.4298245614035088	7.0	0.03885456731532662	
8.075360178958232e8	4.0215949425382936e8	4.053765236419939e8	19.0	30.0	1.0	0.12244897959183673	0.1259259259259259	0.44545454545454544	8.0	0.04558995127910194	
8.914163327555382e8	4.591522858249978e8	4.3226404693054044e8	21.0	26.0	3.0	0.12244897959183673	0.1259259259259259	0.4188034188034188	6.0	0.026344327413505085	
9.468908773607018e8	4.946416549732406e8	4.522492223874613e8	26.0	19.0	5.0	0.12244897959183673	0.1259259259259259	0.4049586776859504	5.0	0.016971595567408886	
8.517257052176496e8	4.2659744806779206e8	4.251282571498576e8	18.0	30.0	2.0	0.12244897959183673	0.1259259259259259	0.4375	5.0	0.023112889081151382	
9.002629050712622e8	4.642787786142964e8	4.359841264569658e8	22.0	26.0	2.0	0.12244897959183673	0.1259259259259259	0.4224137931034483	6.0	0.02577927538536782	
9.20006685004671e8	4.779221913454272e8	4.420844936592437e8	26.0	21.0	3.0	0.12244897959183673	0.1259259259259259	0.4152542372881356	6.0	0.023874197878174467	
9.038750585078202e8	4.653074931871344e8	4.3856756532068586e8	24.0	24.0	2.0	0.12244897959183673	0.1259259259259259	0.4188034188034188	5.0	0.023180187826046167	
8.371355880083923e8	4.2024042945508957e8	4.168951585533029e8	24.0	25.0	1.0	0.12244897959183673	0.1259259259259259	0.4298245614035088	6.0	0.029136676315547862	
9.778431028707663e8	5.171639615347551e8	4.6067914133601105e8	29.0	16.0	5.0	0.12244897959183673	0.1259259259259259	0.3983739837398374	5.0	0.016392320817215773	
9.018750848247203e8	4.630882537033118e8	4.387868311214084e8	23.0	25.0	2.0	0.12244897959183673	0.1259259259259259	0.4188034188034188	5.0	0.013060092779480535	
7.023696677596174e8	3.288367512161485e8	3.735329165434689e8	8.0	41.0	1.0	0.12244897959183673	0.1259259259259259	0.5	9.0	0.0692883238182608	
9.937464051636868e8	5.263831289125488e8	4.673632762511381e8	27.0	20.0	3.0	0.12244897959183673	0.1259259259259259	0.3983739837398374	4.0	0.009970035022556027	
8.780563348315926e8	4.475959614355719e8	4.3046037339602065e8	20.0	29.0	1.0	0.12244897959183673	0.15617433414043583	0.4152542372881356	5.0	0.015364449731058216	
7.226313864498916e8	3.4514926959772176e8	3.774821168521699e8	16.0	33.0	1.0	0.12244897959183673	0.15617433414043583	0.48514851485148514	10.0	0.08988381057580448	
1.0207629083112319e9	5.466293782717909e8	4.7413353003944105e8	28.0	18.0	4.0	0.12244897959183673	0.15617433414043583	0.3888888888888889	4.0	0.013300788995310222	
8.302356050533364e8	4.1610653533091867e8	4.141290697224176e8	18.0	31.0	1.0	0.12244897959183673	0.15617433414043583	0.4336283185840708	6.0	0.026646547087091726	
9.74903491011747e8	5.230573474596368e8	4.518461435521103e8	27.0	21.0	2.0	0.12244897959183673	0.15617433414043583	0.4016393442622951	5.0	0.008425284274110646	
9.957796468331482e8	5.3136278270215225e8	4.644168641309959e8	30.0	15.0	5.0	0.12244897959183673	0.15617433414043583	0.4049586776859504	5.0	0.017214159413407534	
9.338815875414864e8	4.9512237026383865e8	4.387592172776477e8	25.0	22.0	3.0	0.12244897959183673	0.15617433414043583	0.4224137931034483	7.0	0.02878281085438948	
9.82793414387531e8	5.2672489012622374e8	4.5606852426130724e8	25.0	22.0	3.0	0.12244897959183673	0.15617433414043583	0.4083333333333333	5.0	0.01601077131213528	
1.1235391751607137e9	6.167676672626404e8	5.067715078980732e8	33.0	14.0	3.0	0.12244897959183673	0.15617433414043583	0.37404580152671757	3.0	0.004952001021415628	
9.614087519192808e8	5.044582468638835e8	4.5695050505539715e8	25.0	22.0	3.0	0.12244897959183673	0.15617433414043583	0.4049586776859504	5.0	0.019034523391002825	
8.900215866266216e8	4.5930949391497564e8	4.307120927116459e8	26.0	21.0	3.0	0.12244897959183673	0.15617433414043583	0.4375	7.0	0.05875029847454342	
1.116202437241696e9	6.162291305127084e8	4.9997330672898746e8	31.0	15.0	4.0	0.12244897959183673	0.15617433414043583	0.3684210526315789	3.0	0.0	
8.463377594070725e8	4.329588507884164e8	4.1337890861865604e8	21.0	27.0	2.0	0.12244897959183673	0.15617433414043583	0.45794392523364486	8.0	0.04259792607592254	
7.471450159477029e8	3.624548496336175e8	3.846901663140855e8	16.0	32.0	2.0	0.12244897959183673	0.15617433414043583	0.48514851485148514	10.0	0.09091443040124486	
9.013636188155483e8	4.7197386334343886e8	4.2938975547210956e8	22.0	26.0	2.0	0.12244897959183673	0.15617433414043583	0.4298245614035088	7.0	0.031430761922169016	
9.125737737449558e8	4.713752222268292e8	4.4119855151812655e8	24.0	23.0	3.0	0.12244897959183673	0.15617433414043583	0.4083333333333333	5.0	0.017863973691929873	
8.206118958892947e8	4.112546619390354e8	4.093572339502593e8	16.0	33.0	1.0	0.12244897959183673	0.15617433414043583	0.44144144144144143	6.0	0.021068821579025666	
9.23083469324037e8	4.8071800105065775e8	4.4236546827337915e8	25.0	22.0	3.0	0.12244897959183673	0.15617433414043583	0.4117647058823529	6.0	0.025594395683681395	
9.344758532520423e8	4.858576334689325e8	4.4861821978310966e8	26.0	20.0	4.0	0.12244897959183673	0.15617433414043583	0.4188034188034188	5.0	0.02287780425584889	
9.830143698156091e8	5.240851290700121e8	4.5892924074559695e8	26.0	20.0	4.0	0.12244897959183673	0.15617433414043583	0.3888888888888889	5.0	0.009999660227119631	
1.0467455890035344e9	5.578850129224974e8	4.8886057608103704e8	30.0	17.0	3.0	0.12244897959183673	0.15617433414043583	0.3888888888888889	3.0	0.008159463660150777	
8.966169635747702e8	4.6477437804471946e8	4.3184258553005075e8	23.0	25.0	2.0	0.12244897959183673	0.15617433414043583	0.4224137931034483	6.0	0.015398137759055809	
8.237315941183223e8	4.0895085808022714e8	4.1478073603809506e8	21.0	27.0	2.0	0.12244897959183673	0.15617433414043583	0.4375	6.0	0.02898099615260164	
8.1949144396031e8	4.1249568355239415e8	4.069957604079159e8	21.0	28.0	1.0	0.12244897959183673	0.15617433414043583	0.44545454545454544	8.0	0.04679960963023529	
7.833890880228937e8	3.8696483286419994e8	3.9642425515869355e8	19.0	30.0	1.0	0.12244897959183673	0.15617433414043583	0.46226415094339623	8.0	0.04094999225087443	
7.980648636235539e8	3.9190326916640216e8	4.0616159445715183e8	17.0	32.0	1.0	0.12244897959183673	0.15617433414043583	0.44954128440366975	6.0	0.0341961160088411	
1.0362037989306697e9	5.668303619726058e8	4.693734369580639e8	29.0	17.0	4.0	0.12244897959183673	0.15617433414043583	0.3712121212121212	5.0	0.009565351106704489	
7.826228551172917e8	3.8315295050828636e8	3.9946990460900515e8	18.0	31.0	1.0	0.12244897959183673	0.15617433414043583	0.44954128440366975	7.0	0.03790707417855646	
9.649046042638321e8	5.1486141559116447e8	4.5004318867266756e8	26.0	21.0	3.0	0.12244897959183673	0.15617433414043583	0.4083333333333333	6.0	0.011500387839673554	
8.58626116618334e8	4.386467812833057e8	4.199793353350283e8	23.0	25.0	2.0	0.12244897959183673	0.15617433414043583	0.4375	7.0	0.03259882789118825	
7.75201518497863e8	3.8109306637223035e8	3.9410845212563264e8	17.0	32.0	1.0	0.12244897959183673	0.15617433414043583	0.4666666666666667	8.0	0.06337567754608253	
9.33820626645209e8	4.831336060947302e8	4.5068702055047876e8	25.0	23.0	2.0	0.12244897959183673	0.15617433414043583	0.4083333333333333	4.0	0.009119163136625384	
8.093427986102922e8	4.0127278791800743e8	4.080700106922849e8	19.0	30.0	1.0	0.12244897959183673	0.15617433414043583	0.4336283185840708	6.0	0.022694060349747625	
7.870005158310801e8	3.8721712959324205e8	3.9978338623783803e8	18.0	31.0	1.0	0.12244897959183673	0.15617433414043583	0.45794392523364486	8.0	0.048791740703999026	
9.044881230433688e8	4.7193957543937266e8	4.3254854760399604e8	24.0	24.0	2.0	0.12244897959183673	0.15617433414043583	0.4298245614035088	7.0	0.03373548404221857	
8.167463699886811e8	4.106938192462189e8	4.060525507424622e8	19.0	30.0	1.0	0.12244897959183673	0.15617433414043583	0.4375	8.0	0.040905234953577965	
8.07703525065073e8	3.956758284090387e8	4.1202769665603435e8	17.0	32.0	1.0	0.12244897959183673	0.15617433414043583	0.44144144144144143	5.0	0.02546519380736621	
9.48300287963662e8	5.000456145820127e8	4.482546733816493e8	25.0	23.0	2.0	0.12244897959183673	0.15617433414043583	0.4083333333333333	5.0	0.01348912998783473	
8.901854492695833e8	4.5613478602522975e8	4.340506632443535e8	21.0	27.0	2.0	0.12244897959183673	0.15617433414043583	0.4224137931034483	5.0	0.022097350859711058	
8.330245350782081e8	4.2315794563084686e8	4.098665894473612e8	19.0	29.0	2.0	0.12244897959183673	0.15617433414043583	0.44954128440366975	8.0	0.048387577082903886	
1.0229245103422953e9	5.524506370093796e8	4.704738733329157e8	31.0	13.0	6.0	0.12244897959183673	0.15617433414043583	0.3769230769230769	5.0	0.012458912136283085	
8.658285705812758e8	4.405660859178019e8	4.2526248466347396e8	27.0	21.0	2.0	0.12244897959183673	0.15617433414043583	0.4188034188034188	6.0	0.03188240705872759	
9.775512871127774e8	5.2630604749481523e8	4.5124523961796224e8	26.0	21.0	3.0	0.12244897959183673	0.15617433414043583	0.4117647058823529	6.0	0.0178281565202452	
1.000300858622262e9	5.3191857250771093e8	4.683822861145511e8	29.0	18.0	3.0	0.12244897959183673	0.15617433414043583	0.3983739837398374	4.0	0.01544874248955881	
9.583471764173315e8	4.943218306429472e8	4.640253457743842e8	24.0	25.0	1.0	0.12244897959183673	0.15617433414043583	0.4152542372881356	3.0	0.006162594005856311	
1.0492044965743214e9	5.712854313731096e8	4.779190652012118e8	30.0	15.0	5.0	0.12244897959183673	0.15617433414043583	0.3858267716535433	5.0	0.011259310131095686	
7.813768509151373e8	3.851822560154668e8	3.961945948996704e8	17.0	32.0	1.0	0.12244897959183673	0.15617433414043583	0.45794392523364486	8.0	0.05539066676205743	
7.453342362466788e8	3.6180574630796087e8	3.8352848993871796e8	15.0	34.0	1.0	0.12244897959183673	0.15617433414043583	0.4803921568627451	10.0	0.08652273314756728	
9.169237051730158e8	4.7960366596702206e8	4.3732003920599383e8	23.0	24.0	3.0	0.12244897959183673	0.15617433414043583	0.4188034188034188	6.0	0.0243480933138046	
9.14786156717988e8	4.687956559925628e8	4.459905007254253e8	25.0	23.0	2.0	0.12244897959183673	0.15617433414043583	0.4152542372881356	4.0	0.010739344818963506	
8.921254390947819e8	4.6052136373222554e8	4.3160407536255634e8	23.0	26.0	1.0	0.12244897959183673	0.14022140221402213	0.4188034188034188	5.0	0.018533733839856285	
8.758498109698112e8	4.504828787636085e8	4.253669322062026e8	21.0	27.0	2.0	0.12244897959183673	0.14022140221402213	0.4336283185840708	7.0	0.029538552433960606	
1.053586586204563e9	5.704626721502519e8	4.8312391405431116e8	30.0	16.0	4.0	0.12244897959183673	0.14022140221402213	0.3798449612403101	4.0	0.006609583056280156	
8.863913837150664e8	4.5721457916502166e8	4.2917680455004466e8	25.0	22.0	3.0	0.12244897959183673	0.14022140221402213	0.4298245614035088	7.0	0.02856629033287197	
7.238662368048618e8	3.441697371858094e8	3.796964996190524e8	11.0	38.0	1.0	0.12244897959183673	0.14022140221402213	0.494949494949495	9.0	0.06717792745753272	
8.848667283767796e8	4.568837275965056e8	4.279830007802738e8	21.0	26.0	3.0	0.12244897959183673	0.14022140221402213	0.4260869565217391	7.0	0.021783091321893686	
7.924688525091949e8	3.908326000690845e8	4.016362524401105e8	16.0	33.0	1.0	0.12244897959183673	0.14022140221402213	0.4537037037037037	7.0	0.03095682897978817	
9.257251138644259e8	4.7608043942862874e8	4.496446744357972e8	24.0	23.0	3.0	0.12244897959183673	0.14022140221402213	0.4188034188034188	4.0	0.016365320789327235	
8.889365725598915e8	4.5666943543378496e8	4.322671371261065e8	23.0	26.0	1.0	0.12244897959183673	0.14022140221402213	0.4224137931034483	5.0	0.017888477139282724	
9.464206599707266e8	4.924623811649918e8	4.539582788057349e8	25.0	23.0	2.0	0.12244897959183673	0.14022140221402213	0.4049586776859504	4.0	0.009609101054791172	
8.365788979355906e8	4.245393594321092e8	4.120395385034815e8	19.0	30.0	1.0	0.12244897959183673	0.14022140221402213	0.44545454545454544	8.0	0.043261971784729576	
8.239851499890528e8	4.0910514953015304e8	4.1488000045889974e8	19.0	29.0	2.0	0.12244897959183673	0.14022140221402213	0.44545454545454544	6.0	0.024030444967273645	
8.156467907936945e8	4.03683510748018e8	4.1196328004567647e8	20.0	28.0	2.0	0.12244897959183673	0.14022140221402213	0.4375	6.0	0.022545771971792385	
7.138862017982299e8	3.3405535019881713e8	3.798308515994128e8	10.0	39.0	1.0	0.12244897959183673	0.14022140221402213	0.47572815533980584	7.0	0.045806427207474465	
9.672220330277754e8	5.063260208824291e8	4.6089601214534634e8	28.0	19.0	3.0	0.12244897959183673	0.14022140221402213	0.392	4.0	0.00798813573048267	
8.119822521599393e8	4.034368279066438e8	4.085454242532954e8	18.0	30.0	2.0	0.12244897959183673	0.14022140221402213	0.4336283185840708	7.0	0.02745957509988122	
8.169583654540184e8	4.068090709962735e8	4.1014929445774484e8	21.0	28.0	1.0	0.12244897959183673	0.14022140221402213	0.4298245614035088	6.0	0.02325777951113611	
8.062166294519687e8	3.995543761478623e8	4.0666225330410635e8	21.0	28.0	1.0	0.12244897959183673	0.14022140221402213	0.44954128440366975	7.0	0.03907812224474416	
8.973160325926828e8	4.583767423228489e8	4.38939290269834e8	21.0	25.0	4.0	0.12244897959183673	0.14022140221402213	0.4224137931034483	5.0	0.027830060573750155	
9.022167750953643e8	4.6356391564799404e8	4.386528594473703e8	25.0	23.0	2.0	0.12244897959183673	0.14022140221402213	0.4117647058823529	5.0	0.013166437209804557	
7.955699356277322e8	3.939090841233765e8	4.0166085150435567e8	19.0	29.0	2.0	0.12244897959183673	0.14022140221402213	0.45794392523364486	8.0	0.051895202762885374	
1.0924706016311212e9	5.99251686734212e8	4.932189148969089e8	30.0	15.0	5.0	0.12244897959183673	0.14022140221402213	0.37404580152671757	4.0	0.0050747084548104955	
8.463922176741791e8	4.2836275232753867e8	4.1802946534664035e8	20.0	28.0	2.0	0.12244897959183673	0.14022140221402213	0.44144144144144143	7.0	0.03998953591461647	
9.023269831707962e8	4.658452668479184e8	4.364817163228779e8	24.0	24.0	2.0	0.12244897959183673	0.14022140221402213	0.4152542372881356	6.0	0.019254805096641837	
1.0511082911468632e9	5.705229054139929e8	4.8058538573287034e8	28.0	18.0	4.0	0.12244897959183673	0.14022140221402213	0.392	4.0	0.010460195983155165	
8.123586071893423e8	3.9909111001934314e8	4.1326749716999906e8	19.0	30.0	1.0	0.12244897959183673	0.14022140221402213	0.4375	5.0	0.017781582899735426	
8.596515689134471e8	4.3855437504284966e8	4.210971938705976e8	22.0	26.0	2.0	0.12244897959183673	0.14022140221402213	0.4298245614035088	6.0	0.030855567335159168	
7.595783160209839e8	3.68387057046239e8	3.9119125897474486e8	16.0	33.0	1.0	0.12244897959183673	0.14022140221402213	0.45794392523364486	8.0	0.0594395799182319	
8.253082634002717e8	4.1256857526834893e8	4.1273968813192266e8	19.0	30.0	1.0	0.12244897959183673	0.14022140221402213	0.44144144144144143	6.0	0.019151310310010623	
7.845883670504854e8	3.848410030515622e8	3.997473639989231e8	18.0	31.0	1.0	0.12244897959183673	0.14022140221402213	0.44545454545454544	7.0	0.04905008925215693	
9.894825614631051e8	5.2868444109772706e8	4.607981203653779e8	30.0	18.0	2.0	0.12244897959183673	0.14022140221402213	0.4049586776859504	5.0	0.015179311193341805	
7.616046729524672e8	3.705989870911546e8	3.910056858613126e8	19.0	30.0	1.0	0.12244897959183673	0.14022140221402213	0.4666666666666667	8.0	0.05888198531189937	
8.196281419662426e8	4.068562327105285e8	4.127719092557141e8	17.0	31.0	2.0	0.12244897959183673	0.14022140221402213	0.4375	6.0	0.03419948107448107	
1.1321605035129938e9	6.187690030725818e8	5.1339150044041187e8	34.0	13.0	3.0	0.12244897959183673	0.14022140221402213	0.3769230769230769	3.0	0.003197328229215984	
9.514610529715505e8	4.9583307267783344e8	4.556279802937169e8	25.0	22.0	3.0	0.12244897959183673	0.14022140221402213	0.4188034188034188	5.0	0.02327300029703359	
8.417578611250055e8	4.19932040285419e8	4.2182582083958656e8	19.0	30.0	1.0	0.12244897959183673	0.14022140221402213	0.4298245614035088	5.0	0.018085249973005074	
8.713436657361317e8	4.40460594636226e8	4.308830710999056e8	20.0	27.0	3.0	0.12244897959183673	0.14022140221402213	0.44144144144144143	6.0	0.03254597839553532	
7.314497273296659e8	3.5439041643814695e8	3.7705931089151895e8	13.0	36.0	1.0	0.12244897959183673	0.14022140221402213	0.49	11.0	0.09349670809458671	
1.1479652557692523e9	6.428343720589954e8	5.051308837102569e8	34.0	12.0	4.0	0.12244897959183673	0.14022140221402213	0.3602941176470588	4.0	0.006520193043420755	
1.1036341838331313e9	6.09972577592277e8	4.936616062408539e8	31.0	15.0	4.0	0.12244897959183673	0.14022140221402213	0.3712121212121212	4.0	0.008556677402340666	
1.1335287092421713e9	6.298271424750762e8	5.037015667670951e8	32.0	14.0	4.0	0.12244897959183673	0.14022140221402213	0.3769230769230769	4.0	0.004573563247032634	
9.214660556722411e8	4.811035789601662e8	4.403624767120748e8	28.0	19.0	3.0	0.12244897959183673	0.14022140221402213	0.4336283185840708	7.0	0.03755147460001112	
9.340083040960405e8	4.850414321142877e8	4.4896687198175275e8	25.0	22.0	3.0	0.12244897959183673	0.14022140221402213	0.4152542372881356	5.0	0.012577083638106732	
8.722027931682281e8	4.469787108478091e8	4.25224082320419e8	25.0	23.0	2.0	0.12244897959183673	0.14022140221402213	0.44954128440366975	7.0	0.032920723493696104	
7.763600879280982e8	3.83637184165815e8	3.9272290376228315e8	20.0	29.0	1.0	0.12244897959183673	0.14022140221402213	0.4666666666666667	9.0	0.06253089171490085	
9.973638175394278e8	5.304700304730389e8	4.668937870663889e8	28.0	18.0	4.0	0.12244897959183673	0.14022140221402213	0.4049586776859504	5.0	0.009220872031358069	
8.346224261514518e8	4.186085074314339e8	4.160139187200179e8	19.0	30.0	1.0	0.12244897959183673	0.14022140221402213	0.4375	6.0	0.03263202794788455	
9.412516275373425e8	4.954114584512329e8	4.4584016908610964e8	28.0	19.0	3.0	0.12244897959183673	0.14022140221402213	0.4049586776859504	6.0	0.02098844678564066	
9.2290669337479e8	4.830489551486703e8	4.3985773822611964e8	26.0	21.0	3.0	0.12244897959183673	0.14022140221402213	0.4117647058823529	6.0	0.025637181136979742	
7.60741667731734e8	3.680327954577743e8	3.9270887227395976e8	18.0	31.0	1.0	0.12244897959183673	0.14022140221402213	0.46226415094339623	7.0	0.04948819678948574	
7.958688123246498e8	3.9219365975452447e8	4.036751525701252e8	17.0	31.0	2.0	0.12244897959183673	0.1565217391304348	0.44954128440366975	7.0	0.04457335347003714	
9.046808032245643e8	4.6562797764295363e8	4.390528255816107e8	25.0	23.0	2.0	0.12244897959183673	0.1565217391304348	0.4083333333333333	5.0	0.014439665587624766	
6.912789628776536e8	3.201339696559234e8	3.7114499322173023e8	8.0	41.0	1.0	0.12244897959183673	0.1565217391304348	0.5	8.0	0.05808931969142764	
7.856125516873753e8	3.829698691469324e8	4.026426825404428e8	15.0	34.0	1.0	0.12244897959183673	0.1565217391304348	0.45794392523364486	6.0	0.02790472341190655	
8.22774742396955e8	4.05455795892251e8	4.1731894650470406e8	17.0	32.0	1.0	0.12244897959183673	0.1565217391304348	0.4375	5.0	0.02042932253727098	
9.078483688492231e8	4.680435772638764e8	4.398047915853469e8	25.0	22.0	3.0	0.12244897959183673	0.1565217391304348	0.4117647058823529	5.0	0.019995205805154778	
7.391969713459424e8	3.5429543218473625e8	3.849015391612061e8	14.0	35.0	1.0	0.12244897959183673	0.1565217391304348	0.47572815533980584	8.0	0.051870028591967376	
9.010941817067769e8	4.606963001627442e8	4.403978815440325e8	25.0	22.0	3.0	0.12244897959183673	0.1565217391304348	0.4117647058823529	5.0	0.026964049508692366	
9.138162049748601e8	4.7259486097038555e8	4.4122134400447446e8	26.0	21.0	3.0	0.12244897959183673	0.1565217391304348	0.4049586776859504	5.0	0.009160675869859542	
9.996000094134231e8	5.3288092287066424e8	4.6671908654275864e8	27.0	19.0	4.0	0.12244897959183673	0.1565217391304348	0.3951612903225806	4.0	0.011518000177707481	
9.769055524728117e8	5.135645924638982e8	4.633409600089134e8	27.0	19.0	4.0	0.12244897959183673	0.1565217391304348	0.4083333333333333	4.0	0.017309615460125664	
8.328863847053299e8	4.1890128989282227e8	4.1398509481250787e8	21.0	27.0	2.0	0.12244897959183673	0.1565217391304348	0.4375	6.0	0.024438213703788358	
9.745990381434654e8	5.1289735715019375e8	4.617016809932717e8	27.0	19.0	4.0	0.12244897959183673	0.1565217391304348	0.4083333333333333	5.0	0.03314862693051469	
1.0316745803464746e9	5.568816445776968e8	4.7479293576877785e8	30.0	14.0	6.0	0.12244897959183673	0.1565217391304348	0.3858267716535433	5.0	0.016152376770999222	
1.0902769368150897e9	5.975405287566899e8	4.9273640805839956e8	31.0	15.0	4.0	0.12244897959183673	0.1565217391304348	0.37404580152671757	4.0	0.007742144476838352	
8.629661472084041e8	4.408652364942763e8	4.221009107141279e8	22.0	25.0	3.0	0.12244897959183673	0.1565217391304348	0.4336283185840708	7.0	0.04235806592311694	
1.0218373412082856e9	5.449614176463461e8	4.768759235619395e8	30.0	17.0	3.0	0.12244897959183673	0.1565217391304348	0.3983739837398374	4.0	0.01351652764280315	
8.155791653596244e8	4.0988312825554156e8	4.0569603710408294e8	23.0	26.0	1.0	0.12244897959183673	0.1565217391304348	0.44954128440366975	8.0	0.057733523326635575	
7.920347937849035e8	3.914111044170912e8	4.006236893678123e8	16.0	33.0	1.0	0.12244897959183673	0.1565217391304348	0.46226415094339623	8.0	0.040870632579816234	
8.020746139475758e8	3.9644078964029443e8	4.0563382430728143e8	18.0	30.0	2.0	0.12244897959183673	0.1565217391304348	0.45794392523364486	7.0	0.04880473437132942	
1.2074429307507634e9	6.82219210919374e8	5.2522371983138925e8	34.0	12.0	4.0	0.12244897959183673	0.1565217391304348	0.35251798561151076	3.0	0.007373897361142259	
9.09245511782579e8	4.7232812913512135e8	4.369173826474576e8	22.0	26.0	2.0	0.12244897959183673	0.1565217391304348	0.4224137931034483	6.0	0.03239877917811592	
1.0589855508375423e9	5.774362049955574e8	4.81549345841985e8	29.0	16.0	5.0	0.12244897959183673	0.1565217391304348	0.3858267716535433	5.0	0.01441318861599474	
9.639601658247977e8	5.109773211021075e8	4.529828447226903e8	28.0	18.0	4.0	0.12244897959183673	0.1565217391304348	0.4083333333333333	6.0	0.014388369330971368	
9.022669140643442e8	4.6961481399013656e8	4.3265210007420754e8	23.0	24.0	3.0	0.12244897959183673	0.1565217391304348	0.4188034188034188	7.0	0.027918342522934347	
8.580049386682278e8	4.363123748332927e8	4.2169256383493507e8	22.0	25.0	3.0	0.12244897959183673	0.1565217391304348	0.44144144144144143	7.0	0.036247406731093626	
8.654129302552042e8	4.416342242557734e8	4.237787059994308e8	22.0	27.0	1.0	0.12244897959183673	0.1565217391304348	0.4260869565217391	6.0	0.022396193932176747	
9.03963614485438e8	4.6495535005659187e8	4.39008264428846e8	22.0	25.0	3.0	0.12244897959183673	0.1565217391304348	0.4224137931034483	5.0	0.022055881335218068	
7.98605184099257e8	3.9678858522523165e8	4.0181659887402534e8	19.0	30.0	1.0	0.12244897959183673	0.1565217391304348	0.44954128440366975	8.0	0.05284395309905514	
7.51164442747808e8	3.6369735242824554e8	3.874670903195625e8	15.0	34.0	1.0	0.12244897959183673	0.1565217391304348	0.4666666666666667	8.0	0.04644979720671183	
8.755121810011028e8	4.4369959366750616e8	4.318125873335966e8	25.0	22.0	3.0	0.12244897959183673	0.1565217391304348	0.4117647058823529	5.0	0.020115735549409014	
8.756608812216506e8	4.515560150671809e8	4.241048661544698e8	20.0	29.0	1.0	0.12244897959183673	0.1565217391304348	0.4188034188034188	6.0	0.02694559227521096	
9.354040778202194e8	4.9100109728466773e8	4.4440298053555167e8	23.0	26.0	1.0	0.12244897959183673	0.1565217391304348	0.3983739837398374	5.0	0.014606953892668178	
8.647597251127384e8	4.41224709007248e8	4.235350161054904e8	22.0	25.0	3.0	0.12244897959183673	0.1565217391304348	0.4188034188034188	7.0	0.025715482316247627	
8.729917212419232e8	4.504430796931468e8	4.225486415487763e8	21.0	28.0	1.0	0.12244897959183673	0.1565217391304348	0.4298245614035088	7.0	0.020758554559574968	
7.190939773420486e8	3.442383863337689e8	3.748555910082797e8	13.0	36.0	1.0	0.12244897959183673	0.1565217391304348	0.494949494949495	11.0	0.0852877877582496	
9.003461730848875e8	4.658459504370805e8	4.34500222647807e8	22.0	25.0	3.0	0.12244897959183673	0.1565217391304348	0.4188034188034188	6.0	0.010268869452542925	
7.965721545406353e8	3.937112923953521e8	4.028608621452831e8	20.0	29.0	1.0	0.12244897959183673	0.1565217391304348	0.44545454545454544	7.0	0.039270620054051845	
8.412098361925285e8	4.235139714820701e8	4.176958647104584e8	19.0	30.0	1.0	0.12244897959183673	0.1565217391304348	0.44144144144144143	6.0	0.041337482272968296	
7.456070220157633e8	3.591184796762547e8	3.8648854233950853e8	13.0	36.0	1.0	0.12244897959183673	0.1565217391304348	0.47115384615384615	8.0	0.05662345645562617	
9.57909339352551e8	5.080084153531656e8	4.4990092399938536e8	26.0	20.0	4.0	0.12244897959183673	0.1565217391304348	0.4117647058823529	6.0	0.01587797626499291	
9.491240259164922e8	5.033449218556222e8	4.457791040608702e8	24.0	22.0	4.0	0.12244897959183673	0.1565217391304348	0.3983739837398374	6.0	0.02158734830928708	
8.963517397934747e8	4.636630053424342e8	4.326887344510403e8	25.0	22.0	3.0	0.12244897959183673	0.1565217391304348	0.4260869565217391	6.0	0.018475851112129304	
8.499444640881897e8	4.338149462386683e8	4.161295178495214e8	23.0	26.0	1.0	0.12244897959183673	0.1565217391304348	0.4260869565217391	7.0	0.034158205888871834	
9.136482841096032e8	4.725571606084721e8	4.4109112350113106e8	25.0	22.0	3.0	0.12244897959183673	0.1565217391304348	0.4152542372881356	5.0	0.017153516586250202	
9.705157032795801e8	5.151010698880747e8	4.5541463339150554e8	28.0	18.0	4.0	0.12244897959183673	0.1565217391304348	0.3888888888888889	5.0	0.016013763805117185	
8.397135855983796e8	4.212531566465745e8	4.184604289518054e8	18.0	29.0	3.0	0.12244897959183673	0.1565217391304348	0.4375	6.0	0.0313004447167981	
1.150564325634545e9	6.351977506892644e8	5.1536657494528055e8	34.0	12.0	4.0	0.12244897959183673	0.1565217391304348	0.362962962962963	3.0	0.004537540124274817	
9.530797834328959e8	4.9956544245484114e8	4.535143409780548e8	25.0	21.0	4.0	0.12244897959183673	0.1565217391304348	0.4083333333333333	5.0	0.027694654124568202	
8.668245944123765e8	4.408132896856345e8	4.26011304726742e8	22.0	26.0	2.0	0.12244897959183673	0.1565217391304348	0.4260869565217391	6.0	0.03478595749339573	
9.524721959299408e8	5.0071045847041214e8	4.517617374595285e8	25.0	23.0	2.0	0.12244897959183673	0.1725	0.4083333333333333	5.0	0.014808689043382917	
9.943761692655632e8	5.3491518509296465e8	4.594609841725987e8	26.0	21.0	3.0	0.12244897959183673	0.1725	0.3858267716535433	5.0	0.009311887564438584	
8.094372179004005e8	4.022241938948389e8	4.072130240055616e8	19.0	30.0	1.0	0.12244897959183673	0.1725	0.44144144144144143	7.0	0.056321679659764874	
8.827611251040838e8	4.558978971079235e8	4.2686322799616015e8	23.0	25.0	2.0	0.12244897959183673	0.1725	0.4298245614035088	7.0	0.03506977716161389	
8.449327899012922e8	4.301434831063158e8	4.147893067949763e8	23.0	25.0	2.0	0.12244897959183673	0.1725	0.44954128440366975	8.0	0.051694493148574786	
8.184536805094094e8	4.062456485748099e8	4.122080319345994e8	20.0	29.0	1.0	0.12244897959183673	0.1725	0.44144144144144143	6.0	0.031315189662278496	
9.056245941373792e8	4.702906652617532e8	4.353339288756259e8	24.0	25.0	1.0	0.12244897959183673	0.1725	0.4152542372881356	5.0	0.01957379119368916	
1.0359667263454442e9	5.56092196868926e8	4.7987452947651815e8	29.0	17.0	4.0	0.12244897959183673	0.1725	0.392	4.0	0.01459008206457186	
8.902440152757661e8	4.5567371227801204e8	4.3457030299775404e8	26.0	20.0	4.0	0.12244897959183673	0.1725	0.4224137931034483	6.0	0.036497898221337595	
9.649250034839687e8	5.0629348102263814e8	4.5863152246133065e8	26.0	21.0	3.0	0.12244897959183673	0.1725	0.4049586776859504	4.0	0.013347883692271445	
9.5460928766186e8	5.004185721047438e8	4.5419071555711615e8	29.0	17.0	4.0	0.12244897959183673	0.1725	0.4049586776859504	5.0	0.01947894237059903	
9.250026590432787e8	4.844583382024393e8	4.405443208408393e8	27.0	20.0	3.0	0.12244897959183673	0.1725	0.4083333333333333	6.0	0.027741669705955426	
8.932574545083619e8	4.623808977057744e8	4.3087655680258745e8	25.0	24.0	1.0	0.12244897959183673	0.1725	0.4188034188034188	6.0	0.022335341340443383	
8.83039375436768e8	4.5462865956752616e8	4.2841071586924195e8	23.0	25.0	2.0	0.12244897959183673	0.1725	0.4188034188034188	6.0	0.022644048600681255	
8.10322682387788e8	4.039638889602197e8	4.0635879342756844e8	19.0	30.0	1.0	0.12244897959183673	0.1725	0.44144144144144143	7.0	0.046965149002213824	
7.671653555633676e8	3.7492037065096974e8	3.922449849123978e8	17.0	32.0	1.0	0.12244897959183673	0.1725	0.47115384615384615	9.0	0.05731461387973993	
9.439969061798668e8	4.943497661135245e8	4.496471400663424e8	24.0	23.0	3.0	0.12244897959183673	0.1725	0.3983739837398374	5.0	0.008787939779086235	
8.117819782367141e8	4.057379462423676e8	4.060440319943464e8	21.0	28.0	1.0	0.12244897959183673	0.1725	0.44545454545454544	8.0	0.06021513535206512	
8.909431066111885e8	4.5941266061944526e8	4.315304459917432e8	22.0	26.0	2.0	0.12244897959183673	0.1725	0.4224137931034483	6.0	0.0167587769234678	
1.0085532871194799e9	5.38563391983968e8	4.699898951355119e8	26.0	21.0	3.0	0.12244897959183673	0.1725	0.392	4.0	0.018029858463531938	
1.1215527484391813e9	6.194111706707528e8	5.0214157776842856e8	31.0	15.0	4.0	0.12244897959183673	0.1725	0.3656716417910448	3.0	0.00801607925332415	
1.097814205609556e9	6.01349758873444e8	4.96464446736112e8	31.0	15.0	4.0	0.12244897959183673	0.1725	0.3828125	4.0	0.014695727191975694	
8.499092874846683e8	4.2915518365486646e8	4.207541038298018e8	21.0	28.0	1.0	0.12244897959183673	0.1725	0.4336283185840708	6.0	0.039553216530257354	
9.252751163843011e8	4.833012242819756e8	4.419738921023255e8	23.0	23.0	4.0	0.12244897959183673	0.1725	0.4117647058823529	6.0	0.03820221964354618	
1.1001229645566378e9	6.08899862679053e8	4.91223101877585e8	30.0	16.0	4.0	0.12244897959183673	0.1725	0.3712121212121212	4.0	0.012078100470957611	
9.927993339722636e8	5.3113572874404263e8	4.616636052282208e8	29.0	18.0	3.0	0.12244897959183673	0.1725	0.4016393442622951	5.0	0.016926155382788032	
9.17402390018584e8	4.725229031580432e8	4.448794868605408e8	26.0	21.0	3.0	0.12244897959183673	0.1725	0.4152542372881356	5.0	0.013858467684998294	
8.9015621301455e8	4.641179953017258e8	4.260382177128242e8	24.0	24.0	2.0	0.12244897959183673	0.1725	0.4260869565217391	8.0	0.056585526457225144	
8.387818371349797e8	4.256421275502216e8	4.1313970958475804e8	19.0	30.0	1.0	0.12244897959183673	0.1725	0.44954128440366975	8.0	0.0494494914738012	
1.0384785475784645e9	5.642171341450498e8	4.742614134334147e8	29.0	16.0	5.0	0.12244897959183673	0.1725	0.3858267716535433	5.0	0.0028765573689793376	
9.912906488725058e8	5.3041341768802637e8	4.608772311844795e8	27.0	19.0	4.0	0.12244897959183673	0.1725	0.4083333333333333	6.0	0.019785414165666267	
9.027519129682119e8	4.684278861460315e8	4.343240268221805e8	22.0	25.0	3.0	0.12244897959183673	0.1725	0.4375	7.0	0.03153579058441002	
8.426769297034819e8	4.2826679928243303e8	4.144101304210488e8	20.0	28.0	2.0	0.12244897959183673	0.1725	0.4375	8.0	0.04316531571558581	
7.656657224352071e8	3.736818708351729e8	3.9198385160003424e8	17.0	32.0	1.0	0.12244897959183673	0.1725	0.4537037037037037	8.0	0.05132246330100472	
8.108105143621686e8	4.0305209993364453e8	4.077584144285241e8	17.0	31.0	2.0	0.12244897959183673	0.1725	0.44545454545454544	7.0	0.033881309072635604	
9.223988988101737e8	4.787186561458446e8	4.436802426643293e8	26.0	21.0	3.0	0.12244897959183673	0.1725	0.4049586776859504	5.0	0.012179256623284238	
7.646740723074255e8	3.729149371424525e8	3.917591351649731e8	14.0	35.0	1.0	0.12244897959183673	0.1725	0.46226415094339623	7.0	0.03706496792856336	
9.16782760979774e8	4.7673388754669607e8	4.400488734330778e8	22.0	26.0	2.0	0.12244897959183673	0.1725	0.4152542372881356	5.0	0.01880697486564834	
8.92575226519037e8	4.595583166990235e8	4.330169098200134e8	23.0	24.0	3.0	0.12244897959183673	0.1725	0.4152542372881356	6.0	0.023243383128587213	
9.72382088697227e8	5.134884844617668e8	4.5889360423546016e8	27.0	18.0	5.0	0.12244897959183673	0.1725	0.3951612903225806	5.0	0.022908206322822172	
8.970202835499177e8	4.612604731559086e8	4.357598103940092e8	25.0	21.0	4.0	0.12244897959183673	0.1725	0.4224137931034483	6.0	0.025380017974555785	
8.381585042839808e8	4.1953371834504575e8	4.186247859389351e8	19.0	29.0	2.0	0.12244897959183673	0.1725	0.4336283185840708	6.0	0.03198330864147191	
9.537381555592782e8	5.019793529301846e8	4.517588026290936e8	25.0	22.0	3.0	0.12244897959183673	0.1725	0.4049586776859504	5.0	0.016628821858413693	
8.44131768311028e8	4.3260308390462327e8	4.1152868440640473e8	20.0	29.0	1.0	0.12244897959183673	0.1725	0.4298245614035088	8.0	0.04504930302124179	
7.972368436409936e8	3.9332736931218904e8	4.039094743288045e8	17.0	32.0	1.0	0.12244897959183673	0.1725	0.4537037037037037	7.0	0.0402490523626478	
9.062650890666535e8	4.6849382696707064e8	4.377712620995829e8	27.0	22.0	1.0	0.12244897959183673	0.1725	0.4117647058823529	5.0	0.011917714277408155	
7.436649507779698e8	3.592796537438482e8	3.843852970341215e8	12.0	37.0	1.0	0.12244897959183673	0.1725	0.47115384615384615	9.0	0.05984041232765723	
7.748228075453984e8	3.7440166783987343e8	4.004211397055248e8	15.0	34.0	1.0	0.12244897959183673	0.1725	0.4537037037037037	6.0	0.041461832748972596	
9.061012186226234e8	4.738619264147303e8	4.32239292207893e8	22.0	26.0	2.0	0.12244897959183673	0.1725	0.4224137931034483	7.0	0.028662114057522215	
9.813533836915288e8	5.193575519160118e8	4.619958317755169e8	28.0	19.0	3.0	0.12244897959183673	0.1725	0.3858267716535433	4.0	0.014617843890803072	
7.397570222689726e8	3.5505181438172805e8	3.8470520788724464e8	17.0	32.0	1.0	0.12244897959183673	0.16417910447761194	0.46226415094339623	8.0	0.05081405098859448	
9.551036819506407e8	4.9783116611874413e8	4.5727251583189654e8	26.0	21.0	3.0	0.12244897959183673	0.16417910447761194	0.4083333333333333	4.0	0.006546892261177975	
7.799188082648841e8	3.81860570343388e8	3.9805823792149603e8	16.0	33.0	1.0	0.12244897959183673	0.16417910447761194	0.4666666666666667	8.0	0.06330425356634524	
8.721174512957642e8	4.4740843281714654e8	4.2470901847861767e8	22.0	26.0	2.0	0.12244897959183673	0.16417910447761194	0.4152542372881356	6.0	0.01967936164364736	
8.378451309709759e8	4.240958816616843e8	4.137492493092916e8	21.0	26.0	3.0	0.12244897959183673	0.16417910447761194	0.44545454545454544	8.0	0.05572455935976342	
1.1582074844045773e9	6.441536853812833e8	5.1405379902329427e8	32.0	14.0	4.0	0.12244897959183673	0.16417910447761194	0.3656716417910448	3.0	0.0020701733074182057	
9.010925525793164e8	4.697168254366741e8	4.3137572714264226e8	21.0	27.0	2.0	0.12244897959183673	0.16417910447761194	0.4083333333333333	6.0	0.031576571687616094	
9.725885851657209e8	5.170816598419277e8	4.555069253237932e8	26.0	20.0	4.0	0.12244897959183673	0.16417910447761194	0.4083333333333333	6.0	0.023908135515278373	
8.37552013096822e8	4.1994335900564444e8	4.1760865409117776e8	20.0	28.0	2.0	0.12244897959183673	0.16417910447761194	0.44545454545454544	6.0	0.035287741331408815	
9.677677052020402e8	5.1306206810601825e8	4.5470563709602195e8	27.0	19.0	4.0	0.12244897959183673	0.16417910447761194	0.4016393442622951	5.0	0.01446304073855094	
9.20743040705816e8	4.835631400680717e8	4.371799006377444e8	25.0	22.0	3.0	0.12244897959183673	0.16417910447761194	0.4016393442622951	6.0	0.021182023286615125	
7.033472317388775e8	3.3359792658970577e8	3.697493051491717e8	11.0	38.0	1.0	0.12244897959183673	0.16417910447761194	0.5104166666666666	11.0	0.09639993380436926	
9.753714561478777e8	5.111033834269501e8	4.6426807272092754e8	29.0	17.0	4.0	0.12244897959183673	0.16417910447761194	0.4016393442622951	4.0	0.019436081593312907	
8.66320729032764e8	4.422555714561526e8	4.240651575766113e8	20.0	28.0	2.0	0.12244897959183673	0.16417910447761194	0.4224137931034483	6.0	0.02509763951090482	
9.117064128724275e8	4.757827922109549e8	4.3592362066147256e8	22.0	25.0	3.0	0.12244897959183673	0.16417910447761194	0.4298245614035088	6.0	0.02161254278601217	
8.322355389758741e8	4.1935718906089664e8	4.128783499149774e8	21.0	27.0	2.0	0.12244897959183673	0.16417910447761194	0.4298245614035088	7.0	0.03726876131884189	
8.581162807272594e8	4.344936124247489e8	4.2362266830251044e8	23.0	26.0	1.0	0.12244897959183673	0.16417910447761194	0.4260869565217391	6.0	0.017282737650621646	
7.977785308382307e8	3.938748834663037e8	4.039036473719269e8	18.0	31.0	1.0	0.12244897959183673	0.16417910447761194	0.44545454545454544	7.0	0.042068396827274056	
8.697278066127636e8	4.429729324474325e8	4.2675487416533107e8	22.0	26.0	2.0	0.12244897959183673	0.16417910447761194	0.4336283185840708	6.0	0.0315403117624006	
7.445011670937643e8	3.5945787646792877e8	3.8504329062583566e8	13.0	36.0	1.0	0.12244897959183673	0.16417910447761194	0.47572815533980584	9.0	0.06314984727408908	
8.104534891646775e8	4.060784543703395e8	4.04375034794338e8	22.0	27.0	1.0	0.12244897959183673	0.16417910447761194	0.44954128440366975	8.0	0.05936655429649997	
8.332651197344799e8	4.192639898043936e8	4.1400112993008626e8	19.0	30.0	1.0	0.12244897959183673	0.16417910447761194	0.4375	6.0	0.024154455285394505	
9.887096459388922e8	5.296788994509001e8	4.590307464879921e8	27.0	19.0	4.0	0.12244897959183673	0.16417910447761194	0.3888888888888889	5.0	0.017630772477711252	
9.677122001253096e8	5.148909892046886e8	4.5282121092062104e8	26.0	21.0	3.0	0.12244897959183673	0.16417910447761194	0.3951612903225806	5.0	0.018219003538986797	
1.0014961216039281e9	5.292646980721717e8	4.722314235317565e8	28.0	18.0	4.0	0.12244897959183673	0.16417910447761194	0.3888888888888889	4.0	0.01464877374438567	
9.09351167772084e8	4.6719392259150535e8	4.421572451805786e8	25.0	23.0	2.0	0.12244897959183673	0.16417910447761194	0.4152542372881356	5.0	0.014959387814516709	
1.0270504971571064e9	5.634485400601125e8	4.63601957096994e8	28.0	17.0	5.0	0.12244897959183673	0.16417910447761194	0.3798449612403101	6.0	0.019327796623320098	
8.267420984253821e8	4.146147607026193e8	4.121273377227629e8	17.0	32.0	1.0	0.12244897959183673	0.16417910447761194	0.44954128440366975	6.0	0.03192231739749431	
1.0683427707862576e9	5.872883856236804e8	4.810543851625773e8	29.0	15.0	6.0	0.12244897959183673	0.16417910447761194	0.3828125	5.0	0.015262940007837967	
1.1590347352638159e9	6.528098444891214e8	5.0622489077469456e8	32.0	13.0	5.0	0.12244897959183673	0.16417910447761194	0.3602941176470588	4.0	0.006708217613829858	
8.303786057612636e8	4.188852779116472e8	4.114933278496163e8	22.0	26.0	2.0	0.12244897959183673	0.16417910447761194	0.44545454545454544	7.0	0.04569001780333681	
9.794708456076605e8	5.200240560488561e8	4.5944678955880445e8	27.0	19.0	4.0	0.12244897959183673	0.16417910447761194	0.4152542372881356	6.0	0.036360507406425775	
1.099136308465693e9	6.066467583380425e8	4.9248955012765056e8	30.0	15.0	5.0	0.12244897959183673	0.16417910447761194	0.3828125	5.0	0.01141008615123261	
8.740183462765821e8	4.4717828429706836e8	4.2684006197951376e8	23.0	25.0	2.0	0.12244897959183673	0.16417910447761194	0.4336283185840708	6.0	0.04097747948663315	
9.267436088713793e8	4.7806110486342835e8	4.486825040079509e8	24.0	25.0	1.0	0.12244897959183673	0.16417910447761194	0.4083333333333333	4.0	0.0037204275649653797	
1.0307447548539872e9	5.543410801550789e8	4.7640367469890857e8	27.0	18.0	5.0	0.12244897959183673	0.16417910447761194	0.3858267716535433	4.0	0.01119166406156202	
8.128044139939096e8	4.0531021336930466e8	4.0749420062460494e8	20.0	29.0	1.0	0.12244897959183673	0.16417910447761194	0.44545454545454544	7.0	0.043641123615613404	
8.542313296586901e8	4.31970842600489e8	4.22260487058201e8	21.0	27.0	2.0	0.12244897959183673	0.16417910447761194	0.4260869565217391	6.0	0.031348842831791277	
8.547262196553884e8	4.360311141093886e8	4.1869510554599977e8	20.0	28.0	2.0	0.12244897959183673	0.16417910447761194	0.4336283185840708	7.0	0.031060377170071055	
1.0415929893364369e9	5.678318186737225e8	4.737611706627144e8	29.0	16.0	5.0	0.12244897959183673	0.16417910447761194	0.3888888888888889	5.0	0.020692225719236523	
9.45722046496737e8	4.9632759733910155e8	4.4939444915763545e8	27.0	20.0	3.0	0.12244897959183673	0.16417910447761194	0.4016393442622951	5.0	0.02142475257069779	
1.1384043331000333e9	6.349649621388993e8	5.0343937096113396e8	33.0	12.0	5.0	0.12244897959183673	0.16417910447761194	0.3602941176470588	4.0	0.002650226757369614	
9.162743536132624e8	4.7607184940992856e8	4.402025042033336e8	24.0	22.0	4.0	0.12244897959183673	0.16417910447761194	0.4260869565217391	6.0	0.03723737358191139	
8.75249042676059e8	4.503636954745615e8	4.2488534720149755e8	23.0	25.0	2.0	0.12244897959183673	0.16417910447761194	0.44545454545454544	7.0	0.043938919640450255	
9.404610833748424e8	4.986082372139677e8	4.418528461608747e8	27.0	20.0	3.0	0.12244897959183673	0.16417910447761194	0.4152542372881356	7.0	0.0268014581790092	
1.0540248268400799e9	5.796111439770226e8	4.7441368286305726e8	30.0	14.0	6.0	0.12244897959183673	0.16417910447761194	0.37404580152671757	5.0	0.013759046603434357	
9.096240447705638e8	4.732815461787727e8	4.3634249859179103e8	27.0	21.0	2.0	0.12244897959183673	0.16417910447761194	0.4298245614035088	6.0	0.035662140314001056	
8.386763707512137e8	4.2725672059889555e8	4.1141965015231806e8	23.0	26.0	1.0	0.12244897959183673	0.16417910447761194	0.4298245614035088	7.0	0.027964592569184408	
9.10909433543081e8	4.7469093635262656e8	4.362184971904545e8	24.0	24.0	2.0	0.12244897959183673	0.16417910447761194	0.4260869565217391	6.0	0.017620112896973638	
7.806551665394368e8	3.850036959266222e8	3.956514706128146e8	16.0	33.0	1.0	0.12244897959183673	0.16417910447761194	0.46226415094339623	8.0	0.04946664257888748	
8.421463503621888e8	4.2365142010735774e8	4.1849493025483096e8	20.0	28.0	2.0	0.12244897959183673	0.19524405506883605	0.4260869565217391	6.0	0.03287106058151976	
8.352260882999518e8	4.222561490596711e8	4.1296993924028087e8	21.0	28.0	1.0	0.12244897959183673	0.19524405506883605	0.4375	7.0	0.03715567937131563	
7.713696684137388e8	3.7537184413626224e8	3.9599782427747667e8	13.0	36.0	1.0	0.12244897959183673	0.19524405506883605	0.45794392523364486	7.0	0.05250613683424308	
1.0713365817161677e9	5.837252289763896e8	4.876113527397778e8	32.0	13.0	5.0	0.12244897959183673	0.19524405506883605	0.362962962962963	4.0	0.011444381143510794	
8.802269359395674e8	4.538975680705214e8	4.263293678690461e8	21.0	27.0	2.0	0.12244897959183673	0.19524405506883605	0.4224137931034483	7.0	0.03343826617948767	
8.320672108581254e8	4.1927980262779987e8	4.127874082303256e8	22.0	26.0	2.0	0.12244897959183673	0.19524405506883605	0.4336283185840708	7.0	0.03518985967402834	
9.036999707237978e8	4.718951687056006e8	4.318048020181971e8	24.0	24.0	2.0	0.12244897959183673	0.19524405506883605	0.4188034188034188	7.0	0.025816198107614676	
8.971319699131866e8	4.655383925319264e8	4.3159357738126004e8	23.0	26.0	1.0	0.12244897959183673	0.19524405506883605	0.4188034188034188	6.0	0.020502359493580976	
8.25777259464042e8	4.149887872094083e8	4.1078847225463367e8	20.0	29.0	1.0	0.12244897959183673	0.19524405506883605	0.44545454545454544	7.0	0.04358928719673018	
8.112473163598895e8	4.0898832710224706e8	4.022589892576425e8	17.0	32.0	1.0	0.12244897959183673	0.19524405506883605	0.44545454545454544	8.0	0.040941990002239095	
8.984876869686158e8	4.634993119563652e8	4.349883750122505e8	22.0	26.0	2.0	0.12244897959183673	0.19524405506883605	0.4224137931034483	5.0	0.01855058443068647	
9.006787500567125e8	4.666325378254009e8	4.3404621223131174e8	23.0	24.0	3.0	0.12244897959183673	0.19524405506883605	0.4260869565217391	6.0	0.022201868037702376	
7.857103300261775e8	3.9231921075122434e8	3.933911192749532e8	19.0	30.0	1.0	0.12244897959183673	0.19524405506883605	0.46226415094339623	10.0	0.06168716258564697	
8.73634067373407e8	4.5033609027145946e8	4.2329797710194755e8	22.0	27.0	1.0	0.12244897959183673	0.19524405506883605	0.4298245614035088	7.0	0.0375221619894489	
8.767074671352017e8	4.4922223438177645e8	4.274852327534252e8	22.0	26.0	2.0	0.12244897959183673	0.19524405506883605	0.4298245614035088	6.0	0.031665300013889446	
9.695871999803395e8	5.1369030628450155e8	4.55896893695838e8	27.0	19.0	4.0	0.12244897959183673	0.19524405506883605	0.3951612903225806	5.0	0.011506206850594607	
9.194506051180285e8	4.811459363836762e8	4.3830466873435235e8	24.0	23.0	3.0	0.12244897959183673	0.19524405506883605	0.4083333333333333	6.0	0.024563111541652957	
9.377390796401981e8	4.929165524597239e8	4.4482252718047416e8	25.0	21.0	4.0	0.12244897959183673	0.19524405506883605	0.4152542372881356	6.0	0.03040906464150762	
1.0602851283603865e9	5.75996900543473e8	4.8428822781691337e8	29.0	16.0	5.0	0.12244897959183673	0.19524405506883605	0.37404580152671757	4.0	0.01671823671748642	
9.516620735061047e8	5.0439528480317307e8	4.4726678870293176e8	27.0	19.0	4.0	0.12244897959183673	0.19524405506883605	0.3951612903225806	6.0	0.03397659041416545	
1.1489091229515307e9	6.405871098052945e8	5.083220131462362e8	34.0	11.0	5.0	0.12244897959183673	0.19524405506883605	0.362962962962963	4.0	0.011468116633932962	
9.460930979738011e8	4.984032538432815e8	4.476898441305196e8	24.0	24.0	2.0	0.12244897959183673	0.19524405506883605	0.3983739837398374	6.0	0.03536384014700341	
9.183166933603872e8	4.7781793982996917e8	4.4049875353041804e8	25.0	21.0	4.0	0.12244897959183673	0.19524405506883605	0.4298245614035088	7.0	0.03823557311702571	
1.037281817708821e9	5.63785715694442e8	4.73496102014379e8	30.0	13.0	7.0	0.12244897959183673	0.19524405506883605	0.3858267716535433	6.0	0.0197119525882281	
8.931983297478181e8	4.588453782555258e8	4.3435295149229234e8	25.0	22.0	3.0	0.12244897959183673	0.19524405506883605	0.4260869565217391	6.0	0.028958256282310905	
8.87129088685001e8	4.604657441442307e8	4.2666334454077035e8	25.0	23.0	2.0	0.12244897959183673	0.19524405506883605	0.4336283185840708	8.0	0.050535779649300054	
9.850197875802269e8	5.2671292213091886e8	4.583068654493081e8	25.0	22.0	3.0	0.12244897959183673	0.19524405506883605	0.3951612903225806	5.0	0.016523624240460978	
1.0363294801861736e9	5.621343564759665e8	4.741951237102071e8	30.0	15.0	5.0	0.12244897959183673	0.19524405506883605	0.3828125	5.0	0.01106066434510312	
1.047103872133378e9	5.663757266162376e8	4.8072814551714015e8	29.0	17.0	4.0	0.12244897959183673	0.19524405506883605	0.3888888888888889	4.0	0.013416907166907164	
8.252803758323215e8	4.1655908976553726e8	4.0872128606678444e8	19.0	29.0	2.0	0.12244897959183673	0.19524405506883605	0.45794392523364486	9.0	0.06175520352441122	
9.268082247430542e8	4.8331257538368714e8	4.43495649359367e8	23.0	24.0	3.0	0.12244897959183673	0.19524405506883605	0.4117647058823529	5.0	0.022019563597444752	
9.486055022928069e8	4.968680289449999e8	4.51737473347807e8	25.0	22.0	3.0	0.12244897959183673	0.19524405506883605	0.3983739837398374	5.0	0.024081896467100544	
9.912511574431946e8	5.232411044854721e8	4.6801005295772266e8	27.0	20.0	3.0	0.12244897959183673	0.19524405506883605	0.3983739837398374	4.0	0.014764260682628027	
9.73391594116852e8	5.1078033894758475e8	4.6261125516926724e8	26.0	20.0	4.0	0.12244897959183673	0.19524405506883605	0.4016393442622951	4.0	0.01639397191055354	
1.0052597487773762e9	5.340831323185828e8	4.7117661645879346e8	26.0	21.0	3.0	0.12244897959183673	0.19524405506883605	0.392	4.0	0.012946520599581825	
9.48484828576447e8	4.996789547525667e8	4.488058738238803e8	24.0	22.0	4.0	0.12244897959183673	0.19524405506883605	0.4016393442622951	5.0	0.024311150742348225	
9.164249287244444e8	4.7535987764506865e8	4.410650510793757e8	23.0	23.0	4.0	0.12244897959183673	0.19524405506883605	0.4152542372881356	6.0	0.031622404900466125	
9.656525025284264e8	5.085350410478395e8	4.5711746148058707e8	26.0	20.0	4.0	0.12244897959183673	0.19524405506883605	0.4049586776859504	5.0	0.017360831834121147	
1.083401182910313e9	5.956440863249819e8	4.8775709658533096e8	30.0	16.0	4.0	0.12244897959183673	0.19524405506883605	0.3712121212121212	4.0	0.01641811160306058	
8.221420593548331e8	4.1431394801076645e8	4.078281113440665e8	22.0	27.0	1.0	0.12244897959183673	0.19524405506883605	0.44954128440366975	8.0	0.04764182007579366	
8.981875841993271e8	4.6546629742692566e8	4.3272128677240133e8	25.0	23.0	2.0	0.12244897959183673	0.19524405506883605	0.4298245614035088	7.0	0.03434234652346897	
9.54410932536248e8	5.052381401927125e8	4.491727923435355e8	24.0	22.0	4.0	0.12244897959183673	0.19524405506883605	0.4152542372881356	6.0	0.030111866591458418	
7.595396185164908e8	3.703111489711107e8	3.8922846954538023e8	20.0	29.0	1.0	0.12244897959183673	0.19524405506883605	0.4666666666666667	9.0	0.0733362608418881	
9.068548792768267e8	4.7064477163199353e8	4.362101076448332e8	26.0	22.0	2.0	0.12244897959183673	0.19524405506883605	0.4188034188034188	6.0	0.029885994801961184	
9.714831461835003e8	5.151040963748066e8	4.563790498086939e8	28.0	18.0	4.0	0.12244897959183673	0.19524405506883605	0.3951612903225806	5.0	0.014706577075274552	
8.895946391434584e8	4.5883041770448303e8	4.307642214389752e8	22.0	26.0	2.0	0.12244897959183673	0.19524405506883605	0.4260869565217391	6.0	0.02357804232804233	
8.7893003020734e8	4.505940732736676e8	4.283359569336725e8	20.0	29.0	1.0	0.12244897959183673	0.19524405506883605	0.4260869565217391	5.0	0.02312409847111228	
8.285576882125888e8	4.150015704779078e8	4.13556117734681e8	18.0	31.0	1.0	0.12244897959183673	0.19524405506883605	0.4336283185840708	6.0	0.03859049974746254	
7.980393097596412e8	3.950189266587948e8	4.0302038310084635e8	17.0	32.0	1.0	0.12244897959183673	0.19524405506883605	0.44144144144144143	7.0	0.042930869553393564	
8.180100197840042e8	4.0677286129058015e8	4.1123715849342406e8	18.0	31.0	1.0	0.12244897959183673	0.19524405506883605	0.4375	6.0	0.02108490311709099	
1.1690648422245805e9	6.49525190852921e8	5.195396513716594e8	35.0	10.0	5.0	0.12244897959183673	0.1260815822002472	0.3656716417910448	4.0	0.0075342316413744975	
1.1206302434479613e9	6.140551460316648e8	5.065750974162965e8	32.0	14.0	4.0	0.12244897959183673	0.1260815822002472	0.3858267716535433	4.0	0.005734903088219414	
1.0039706250135202e9	5.338198695501305e8	4.701507554633897e8	26.0	21.0	3.0	0.12244897959183673	0.1260815822002472	0.4049586776859504	5.0	0.02293610438680968	
8.590983946692545e8	4.359722772874857e8	4.231261173817689e8	25.0	22.0	3.0	0.12244897959183673	0.1260815822002472	0.44954128440366975	7.0	0.037604108738680996	
8.894846565256827e8	4.5539727947581e8	4.3408737704987276e8	25.0	23.0	2.0	0.12244897959183673	0.1260815822002472	0.4152542372881356	5.0	0.013417244603469094	
8.515995106610341e8	4.2935544998184013e8	4.2224406067919385e8	21.0	27.0	2.0	0.12244897959183673	0.1260815822002472	0.4260869565217391	6.0	0.03073932314628593	
8.278380083460193e8	4.129769899966544e8	4.148610183493649e8	19.0	30.0	1.0	0.12244897959183673	0.1260815822002472	0.4298245614035088	6.0	0.0252856301250659	
7.688431044178941e8	3.7320108772094506e8	3.956420166969489e8	14.0	35.0	1.0	0.12244897959183673	0.1260815822002472	0.45794392523364486	7.0	0.04095708359101216	
8.422396301130446e8	4.209191290228523e8	4.213205010901925e8	22.0	27.0	1.0	0.12244897959183673	0.1260815822002472	0.4336283185840708	5.0	0.01975112826515887	
8.450769536307014e8	4.218700197792438e8	4.2320693385145766e8	22.0	27.0	1.0	0.12244897959183673	0.1260815822002472	0.4260869565217391	5.0	0.018127158872206898	
8.996229506102004e8	4.6117167865733135e8	4.3845127195286906e8	22.0	26.0	2.0	0.12244897959183673	0.1260815822002472	0.4152542372881356	5.0	0.020552674949433653	
8.224738354270179e8	4.0555387187493616e8	4.169199635520819e8	19.0	30.0	1.0	0.12244897959183673	0.1260815822002472	0.44954128440366975	5.0	0.019573508030140685	
1.0007242304765345e9	5.301019600583222e8	4.706222704182121e8	28.0	18.0	4.0	0.12244897959183673	0.1260815822002472	0.3951612903225806	4.0	0.015202032149534833	
8.574176160889428e8	4.3302596386919296e8	4.2439165221974975e8	22.0	26.0	2.0	0.12244897959183673	0.1260815822002472	0.4298245614035088	6.0	0.028455118793227714	
8.949348185292785e8	4.596197051986625e8	4.35315113330616e8	23.0	24.0	3.0	0.12244897959183673	0.1260815822002472	0.4224137931034483	6.0	0.02506667316239172	
9.842341465630591e8	5.179696815797765e8	4.662644649832827e8	26.0	20.0	4.0	0.12244897959183673	0.1260815822002472	0.4016393442622951	4.0	0.011100397951388345	
8.244463029983164e8	4.1132646912979853e8	4.131198338685179e8	22.0	27.0	1.0	0.12244897959183673	0.1260815822002472	0.4336283185840708	6.0	0.025737189194809083	
9.407593643089089e8	4.908860840299418e8	4.4987328027896726e8	31.0	16.0	3.0	0.12244897959183673	0.1260815822002472	0.4016393442622951	5.0	0.009366613708975652	
8.381632592128928e8	4.198466245727036e8	4.183166346401893e8	19.0	29.0	2.0	0.12244897959183673	0.1260815822002472	0.4375	6.0	0.022202161176994535	
6.992149747031327e8	3.268064885397086e8	3.724084861634241e8	11.0	38.0	1.0	0.12244897959183673	0.1260815822002472	0.5	9.0	0.07582352714514132	
8.474969377771418e8	4.242325055444021e8	4.232644322327397e8	22.0	27.0	1.0	0.12244897959183673	0.1260815822002472	0.4224137931034483	5.0	0.014628496078312847	
7.757117566483485e8	3.7947256398143023e8	3.9623919266691816e8	14.0	35.0	1.0	0.12244897959183673	0.1260815822002472	0.45794392523364486	7.0	0.04057669203563087	
8.324842349974176e8	4.1661223353804874e8	4.1587200145936877e8	22.0	27.0	1.0	0.12244897959183673	0.1260815822002472	0.4260869565217391	6.0	0.0317987556152559	
8.56213619359268e8	4.3142783594099814e8	4.247857834182699e8	21.0	28.0	1.0	0.12244897959183673	0.1260815822002472	0.4224137931034483	5.0	0.01884863835644148	
8.169384757061663e8	4.035697459124831e8	4.1336872979368305e8	19.0	28.0	3.0	0.12244897959183673	0.1260815822002472	0.44545454545454544	6.0	0.03096816329484397	
7.649952439063067e8	3.707665708714498e8	3.942286730348568e8	15.0	34.0	1.0	0.12244897959183673	0.1260815822002472	0.44954128440366975	7.0	0.03295229076479076	
7.512471512183025e8	3.627384759185175e8	3.8850867529978514e8	15.0	34.0	1.0	0.12244897959183673	0.1260815822002472	0.47115384615384615	8.0	0.0476061621470772	
8.175553052166071e8	4.078414938432252e8	4.0971381137338185e8	17.0	31.0	2.0	0.12244897959183673	0.1260815822002472	0.4537037037037037	7.0	0.028761360433897872	
8.940623541552584e8	4.577747964171475e8	4.362875577381109e8	21.0	27.0	2.0	0.12244897959183673	0.1260815822002472	0.4188034188034188	5.0	0.01631037967134906	
8.701766446751065e8	4.428098204425803e8	4.273668242325263e8	21.0	27.0	2.0	0.12244897959183673	0.1260815822002472	0.4298245614035088	6.0	0.022684679030342294	
8.661473892681768e8	4.4394957334989583e8	4.221978159182809e8	23.0	25.0	2.0	0.12244897959183673	0.1260815822002472	0.44144144144144143	8.0	0.036853842414158636	
9.222332895839854e8	4.775848100147177e8	4.446484795692678e8	24.0	22.0	4.0	0.12244897959183673	0.1260815822002472	0.4117647058823529	5.0	0.013427826226564141	
9.015813862604585e8	4.585567136738051e8	4.4302467258665323e8	22.0	26.0	2.0	0.12244897959183673	0.1260815822002472	0.4224137931034483	4.0	0.00836091380996843	
8.336715377430271e8	4.1639664276620394e8	4.1727489497682315e8	23.0	25.0	2.0	0.12244897959183673	0.1260815822002472	0.4336283185840708	6.0	0.031173309872289463	
9.532135840222505e8	4.9516767351806974e8	4.580459105041808e8	26.0	21.0	3.0	0.12244897959183673	0.1260815822002472	0.4083333333333333	4.0	0.007929707291952188	
6.734590409810069e8	3.114251996798817e8	3.620338413011251e8	10.0	39.0	1.0	0.12244897959183673	0.1260815822002472	0.5212765957446809	12.0	0.12271152728885164	
7.832738172877619e8	3.8550203650247175e8	3.9777178078529036e8	17.0	32.0	1.0	0.12244897959183673	0.1260815822002472	0.46226415094339623	7.0	0.030502535540800842	
8.065498541502483e8	4.0023727282060325e8	4.063125813296449e8	19.0	30.0	1.0	0.12244897959183673	0.1260815822002472	0.4537037037037037	7.0	0.03735441146155431	
8.285757044548057e8	4.166820486134243e8	4.118936558413815e8	20.0	29.0	1.0	0.12244897959183673	0.1260815822002472	0.44144144144144143	7.0	0.030796327036928535	
9.822735587105737e8	5.1886526528766e8	4.634082934229137e8	29.0	18.0	3.0	0.12244897959183673	0.1260815822002472	0.4016393442622951	4.0	0.011853808983911024	
7.832451951528192e8	3.872578837873119e8	3.9598731136550707e8	15.0	34.0	1.0	0.12244897959183673	0.1260815822002472	0.47115384615384615	9.0	0.05818695210863262	
8.421417307210729e8	4.2560935122347105e8	4.16532379497602e8	19.0	29.0	2.0	0.12244897959183673	0.1260815822002472	0.44545454545454544	7.0	0.027938443595331347	
8.3379074541201e8	4.18146807314733e8	4.156439380972769e8	22.0	27.0	1.0	0.12244897959183673	0.1260815822002472	0.4336283185840708	6.0	0.015539554566415313	
9.343062132216349e8	4.888784962824128e8	4.454277169392221e8	27.0	21.0	2.0	0.12244897959183673	0.1260815822002472	0.4016393442622951	5.0	0.013236182751488872	
7.54637044014507e8	3.657260197035534e8	3.889110243109536e8	17.0	32.0	1.0	0.12244897959183673	0.1260815822002472	0.47115384615384615	8.0	0.04051168651732561	
8.777246637770032e8	4.476577017471448e8	4.300669620298583e8	21.0	28.0	1.0	0.12244897959183673	0.1260815822002472	0.4298245614035088	5.0	0.011630132942901468	
8.380328028056159e8	4.205410513752065e8	4.174917514304095e8	22.0	27.0	1.0	0.12244897959183673	0.1260815822002472	0.4336283185840708	6.0	0.02247513980529555	
7.820680817823355e8	3.837207122509881e8	3.983473695313475e8	16.0	33.0	1.0	0.12244897959183673	0.1260815822002472	0.4537037037037037	7.0	0.026938661883889974	
8.433166727752149e8	4.239356380917281e8	4.193810346834867e8	19.0	30.0	1.0	0.12244897959183673	0.1260815822002472	0.4375	6.0	0.030625239259317892	
9.41777011917654e8	4.9029107867724484e8	4.514859332404094e8	26.0	20.0	4.0	0.12244897959183673	0.1260815822002472	0.4188034188034188	5.0	0.03239966581388676	