5.610445657091174e8	2.322431859897356e8	3.288013797193817e8	0.0	49.0	1.0	0.24489795918367346	0.23720529039677976	0.5697674418604651	13.0	0.01464972138989403	
5.53329572735931e8	2.2733039549842536e8	3.2599917723750556e8	0.0	49.0	1.0	0.24489795918367346	0.23720529039677976	0.5833333333333334	14.0	0.019079555696546943	
5.522562693498085e8	2.2656517685012722e8	3.256910924996812e8	0.0	49.0	1.0	0.24489795918367346	0.23720529039677976	0.5833333333333334	14.0	0.024411121342725696	
5.722506976064999e8	2.3874766199564472e8	3.3350303561085516e8	0.0	49.0	1.0	0.24489795918367346	0.23720529039677976	0.5568181818181818	11.0	0.012329686564380441	
5.670352190454247e8	2.3581332476848277e8	3.312218942769419e8	0.0	49.0	1.0	0.24489795918367346	0.23720529039677976	0.5568181818181818	12.0	0.018849350448107826	
5.724065300314045e8	2.3887196669416893e8	3.335345633372355e8	0.0	49.0	1.0	0.24489795918367346	0.23720529039677976	0.5568181818181818	11.0	0.00883336630341954	
6.196517814570618e8	2.687933046730287e8	3.508584767840332e8	0.0	49.0	1.0	0.24489795918367346	0.23720529039677976	0.5212765957446809	8.0	0.0034358872091791335	
5.725463724956286e8	2.3893549201063192e8	3.3361088048499656e8	0.0	49.0	1.0	0.24489795918367346	0.23720529039677976	0.5632183908045977	11.0	0.01476979457205912	
5.827912616587951e8	2.4529622612647814e8	3.374950355323169e8	0.0	49.0	1.0	0.24489795918367346	0.23720529039677976	0.550561797752809	10.0	0.00992096233114117	
6.285669924513593e8	2.733746820154295e8	3.551923104359298e8	0.0	49.0	1.0	0.24489795918367346	0.23720529039677976	0.5157894736842106	7.0	0.004096021054761072	
5.925603920476522e8	2.5104005332800877e8	3.415203387196435e8	0.0	49.0	1.0	0.24489795918367346	0.23720529039677976	0.5444444444444444	9.0	0.0067067711200364255	
6.357216076445751e8	2.7830075700657624e8	3.5742085063799894e8	0.0	49.0	1.0	0.24489795918367346	0.23720529039677976	0.5051546391752577	7.0	0.004385913611371036	
5.946518258701673e8	2.535670063011889e8	3.410848195689784e8	0.0	49.0	1.0	0.24489795918367346	0.23720529039677976	0.532608695652174	10.0	0.012049993484610994	
5.772690511518872e8	2.4232301751936185e8	3.3494603363252527e8	0.0	49.0	1.0	0.24489795918367346	0.23720529039677976	0.5384615384615384	11.0	0.012028839965286284	
5.94331554104977e8	2.522996244691708e8	3.420319296358061e8	0.0	49.0	1.0	0.24489795918367346	0.23720529039677976	0.5444444444444444	9.0	0.009241080398712844	
5.80594939891247e8	2.4463884343861634e8	3.3595609645263064e8	0.0	49.0	1.0	0.24489795918367346	0.23720529039677976	0.5384615384615384	11.0	0.00992033827201736	
5.49146787762296e8	2.2482721000544134e8	3.243195777568547e8	0.0	49.0	1.0	0.24489795918367346	0.23720529039677976	0.5903614457831325	15.0	0.022348048346513594	
5.514179815156294e8	2.2640605805806985e8	3.250119234575596e8	0.0	49.0	1.0	0.24489795918367346	0.23720529039677976	0.5903614457831325	15.0	0.03128722088086475	
5.820315322902689e8	2.4559914280733958e8	3.364323894829292e8	0.0	49.0	1.0	0.24489795918367346	0.23720529039677976	0.5568181818181818	11.0	0.012202950228089612	
5.95160389666002e8	2.5289977628725713e8	3.4226061337874496e8	0.0	49.0	1.0	0.24489795918367346	0.23720529039677976	0.5384615384615384	9.0	0.007546020478584808	
5.350290073575638e8	2.1614517087186563e8	3.188838364856982e8	0.0	49.0	1.0	0.24489795918367346	0.23720529039677976	0.620253164556962	19.0	0.04634942440117038	
5.624141138906507e8	2.3318388133060822e8	3.2923023256004244e8	0.0	49.0	1.0	0.24489795918367346	0.23720529039677976	0.5764705882352941	13.0	0.015759673196866587	
6.134413381660256e8	2.643493265937613e8	3.490920115722644e8	0.0	49.0	1.0	0.24489795918367346	0.23720529039677976	0.5212765957446809	8.0	0.005773030239256948	
5.564517376292596e8	2.2952238337330684e8	3.2692935425595266e8	0.0	49.0	1.0	0.24489795918367346	0.23720529039677976	0.5833333333333334	14.0	0.024056726322605502	
5.535333443479486e8	2.2747989271242577e8	3.2605345163552284e8	0.0	49.0	1.0	0.24489795918367346	0.23720529039677976	0.5833333333333334	14.0	0.022069443852079318	
5.735259039221572e8	2.3969283931760445e8	3.3383306460455275e8	0.0	49.0	1.0	0.24489795918367346	0.23720529039677976	0.550561797752809	11.0	0.011027945237530496	
5.831234427100246e8	2.4640452990691048e8	3.3671891280311406e8	0.0	49.0	1.0	0.24489795918367346	0.23720529039677976	0.5444444444444444	11.0	0.01301577876409754	
5.849850159547359e8	2.4681047968545818e8	3.381745362692777e8	0.0	49.0	1.0	0.24489795918367346	0.23720529039677976	0.5384615384615384	10.0	0.010421222679363375	
5.524768020661819e8	2.271576983676839e8	3.2531910369849795e8	0.0	49.0	1.0	0.24489795918367346	0.23720529039677976	0.5903614457831325	15.0	0.030400162172636906	
5.6149052982857e8	2.3255063679640833e8	3.289398930321617e8	0.0	49.0	1.0	0.24489795918367346	0.23720529039677976	0.5697674418604651	13.0	0.016201816522067918	
6.169884088154874e8	2.6682096643750846e8	3.50167442377979e8	0.0	49.0	1.0	0.24489795918367346	0.23720529039677976	0.532608695652174	8.0	0.006506718845355179	
5.878267333559947e8	2.4877714198922983e8	3.390495913667649e8	0.0	49.0	1.0	0.24489795918367346	0.23720529039677976	0.5444444444444444	10.0	0.012863052430163007	
5.523317514149e8	2.2709134900688723e8	3.2524040240801275e8	0.0	49.0	1.0	0.24489795918367346	0.23720529039677976	0.5764705882352941	15.0	0.027895407848049517	
5.55061430461779e8	2.2854708648246014e8	3.2651434397931886e8	0.0	49.0	1.0	0.24489795918367346	0.23720529039677976	0.5833333333333334	14.0	0.019813482731488346	
5.451119970130694e8	2.2236449545460942e8	3.2274750155846e8	0.0	49.0	1.0	0.24489795918367346	0.23720529039677976	0.5975609756097561	16.0	0.027832250319164083	
5.449556651819911e8	2.2227844655281177e8	3.226772186291795e8	0.0	49.0	1.0	0.24489795918367346	0.23720529039677976	0.5903614457831325	16.0	0.023870375412542028	
5.870176062848127e8	2.481959957398054e8	3.388216105450072e8	0.0	49.0	1.0	0.24489795918367346	0.23720529039677976	0.5444444444444444	10.0	0.010783999537206176	
5.613113002797837e8	2.3241484720047536e8	3.288964530793084e8	0.0	49.0	1.0	0.24489795918367346	0.23720529039677976	0.5632183908045977	13.0	0.018694374892143685	
5.62725477907661e8	2.334148933609863e8	3.2931058454667467e8	0.0	49.0	1.0	0.24489795918367346	0.23720529039677976	0.5697674418604651	13.0	0.015044398395324975	
5.855529807758176e8	2.4718617624708825e8	3.3836680452872944e8	0.0	49.0	1.0	0.24489795918367346	0.23720529039677976	0.5568181818181818	10.0	0.011710107050909224	
5.411989315025105e8	2.1993916618157e8	3.212597653209405e8	0.0	49.0	1.0	0.24489795918367346	0.23720529039677976	0.6049382716049383	17.0	0.03669573997808527	
5.600581378004507e8	2.315329717841609e8	3.285251660162897e8	0.0	49.0	1.0	0.24489795918367346	0.23720529039677976	0.5764705882352941	13.0	0.018377181492897233	
5.527780620185139e8	2.269112219052676e8	3.2586684011324644e8	0.0	49.0	1.0	0.24489795918367346	0.23720529039677976	0.5833333333333334	14.0	0.02379884852251985	
5.83206375262054e8	2.4558782036607218e8	3.376185548959816e8	0.0	49.0	1.0	0.24489795918367346	0.23720529039677976	0.532608695652174	10.0	0.010032375985687594	
5.601697841123555e8	2.316065102773655e8	3.2856327383498985e8	0.0	49.0	1.0	0.24489795918367346	0.23720529039677976	0.5764705882352941	13.0	0.015430829373857858	
5.808878511944349e8	2.439458178448112e8	3.369420333496237e8	0.0	49.0	1.0	0.24489795918367346	0.23720529039677976	0.5568181818181818	10.0	0.011512559571253772	
5.49948951031947e8	2.2539013982522565e8	3.245588112067213e8	0.0	49.0	1.0	0.24489795918367346	0.23720529039677976	0.5903614457831325	15.0	0.02703459996315817	
5.84535547987002e8	2.4653330371464872e8	3.380022442723533e8	0.0	49.0	1.0	0.24489795918367346	0.23720529039677976	0.5444444444444444	10.0	0.008301089623183678	
5.5521678800121e8	2.2863797297365153e8	3.2657881502755857e8	0.0	49.0	1.0	0.24489795918367346	0.23720529039677976	0.5764705882352941	14.0	0.02414052227492798	
5.633538317347283e8	2.3385979463074186e8	3.294940371039864e8	0.0	49.0	1.0	0.24489795918367346	0.23720529039677976	0.5568181818181818	13.0	0.013671089414403977	
5.536839134733582e8	2.2756841433149117e8	3.2611549914186704e8	0.0	49.0	1.0	0.24489795918367346	0.24587412587412588	0.5833333333333334	14.0	0.018735507121894278	
6.078984546243837e8	2.6056336445650864e8	3.47335090167875e8	0.0	49.0	1.0	0.24489795918367346	0.24587412587412588	0.5268817204301075	8.0	0.005709005213807135	
5.735417432544532e8	2.39661658487284e8	3.3388008476716924e8	0.0	49.0	1.0	0.24489795918367346	0.24587412587412588	0.5632183908045977	11.0	0.008401521105791223	
6.472499014760906e8	2.843209622770218e8	3.6292893919906855e8	0.0	49.0	1.0	0.24489795918367346	0.24587412587412588	0.5157894736842106	6.0	0.002168750291016439	
5.85014409459725e8	2.4681778254352614e8	3.3819662691619885e8	0.0	49.0	1.0	0.24489795918367346	0.24587412587412588	0.550561797752809	10.0	0.008629014947143774	
5.391136662967385e8	2.184654840627772e8	3.2064818223396134e8	0.0	49.0	1.0	0.24489795918367346	0.24587412587412588	0.6049382716049383	17.0	0.03591639443296547	
5.590924046763371e8	2.313269780614184e8	3.277654266149187e8	0.0	49.0	1.0	0.24489795918367346	0.24587412587412588	0.5833333333333334	14.0	0.018865408478531406	
5.622818226565524e8	2.325113846186832e8	3.2977043803786933e8	0.0	49.0	1.0	0.24489795918367346	0.24587412587412588	0.5568181818181818	12.0	0.01308183914170274	
5.684183459304957e8	2.3680291014284453e8	3.316154357876512e8	0.0	49.0	1.0	0.24489795918367346	0.24587412587412588	0.5632183908045977	12.0	0.015372859070739023	
5.6277394037324e8	2.33430811812572e8	3.29343128560668e8	0.0	49.0	1.0	0.24489795918367346	0.24587412587412588	0.5764705882352941	13.0	0.015662447558521204	
6.558856566791184e8	2.903996468805543e8	3.654860097985641e8	0.0	49.0	1.0	0.24489795918367346	0.24587412587412588	0.494949494949495	6.0	0.0024483187728658326	
5.566667658717401e8	2.29682315268445e8	3.269844506032952e8	0.0	49.0	1.0	0.24489795918367346	0.24587412587412588	0.5764705882352941	14.0	0.021045292878122825	
5.694569370012486e8	2.3751141012932307e8	3.3194552687192535e8	0.0	49.0	1.0	0.24489795918367346	0.24587412587412588	0.5632183908045977	12.0	0.015361641918963593	
5.802331817779212e8	2.4432280974940524e8	3.3591037202851605e8	0.0	49.0	1.0	0.24489795918367346	0.24587412587412588	0.5568181818181818	11.0	0.013541684798910512	
5.881644676988907e8	2.4801836079132098e8	3.4014610690756965e8	0.0	49.0	1.0	0.24489795918367346	0.24587412587412588	0.5444444444444444	9.0	0.006991751376143064	
6.23562365046567e8	2.7139370531693935e8	3.5216865972962767e8	0.0	49.0	1.0	0.24489795918367346	0.24587412587412588	0.5051546391752577	8.0	0.006422715354126334	
5.654961882534399e8	2.3474387486049786e8	3.3075231339294213e8	0.0	49.0	1.0	0.24489795918367346	0.24587412587412588	0.5568181818181818	12.0	0.013863089670535839	
6.161810171845925e8	2.6622258699650425e8	3.4995843018808824e8	0.0	49.0	1.0	0.24489795918367346	0.24587412587412588	0.5268817204301075	8.0	0.006867524443390996	
5.757824505347126e8	2.4122756575315928e8	3.3455488478155327e8	0.0	49.0	1.0	0.24489795918367346	0.24587412587412588	0.5568181818181818	11.0	0.010330284129045575	
5.484217935866061e8	2.2467161887802112e8	3.23750174708585e8	0.0	49.0	1.0	0.24489795918367346	0.24587412587412588	0.5903614457831325	16.0	0.036493120037555914	
6.073432644543715e8	2.613851773888666e8	3.4595808706550485e8	0.0	49.0	1.0	0.24489795918367346	0.24587412587412588	0.5212765957446809	9.0	0.007981925583313966	
5.817736864852731e8	2.4455596911658362e8	3.3721771736868954e8	0.0	49.0	1.0	0.24489795918367346	0.24587412587412588	0.550561797752809	10.0	0.007367751994977884	
5.621301795150602e8	2.3300076319447798e8	3.2912941632058215e8	0.0	49.0	1.0	0.24489795918367346	0.24587412587412588	0.5632183908045977	13.0	0.01768760855446011	
5.413085570149843e8	2.200368985084139e8	3.212716585065704e8	0.0	49.0	1.0	0.24489795918367346	0.24587412587412588	0.6049382716049383	17.0	0.03566184973514655	
5.789862579712429e8	2.4263981308248806e8	3.363464448887547e8	0.0	49.0	1.0	0.24489795918367346	0.24587412587412588	0.550561797752809	10.0	0.007373663751214773	
5.437608389783139e8	2.2143955554940677e8	3.2232128342890704e8	0.0	49.0	1.0	0.24489795918367346	0.24587412587412588	0.5975609756097561	16.0	0.027977079042442156	
5.740190658633995e8	2.4001624489900744e8	3.3400282096439207e8	0.0	49.0	1.0	0.24489795918367346	0.24587412587412588	0.5632183908045977	11.0	0.009203061432571658	
5.473812604956186e8	2.243468189227357e8	3.2303444157288283e8	0.0	49.0	1.0	0.24489795918367346	0.24587412587412588	0.5833333333333334	17.0	0.03229462386727607	
5.574736320732085e8	2.3022541855199724e8	3.2724821352121127e8	0.0	49.0	1.0	0.24489795918367346	0.24587412587412588	0.5833333333333334	14.0	0.023594742069636222	
5.654664837997613e8	2.3476269981764355e8	3.307037839821178e8	0.0	49.0	1.0	0.24489795918367346	0.24587412587412588	0.5632183908045977	12.0	0.011493930531820993	
5.722980963079348e8	2.3953396243061888e8	3.327641338773159e8	0.0	49.0	1.0	0.24489795918367346	0.24587412587412588	0.5444444444444444	12.0	0.01797097868833629	
6.366143311344545e8	2.790063492042061e8	3.576079819302484e8	0.0	49.0	1.0	0.24489795918367346	0.24587412587412588	0.5104166666666666	7.0	0.004163673751073928	
5.538819893724837e8	2.277204578672047e8	3.26161531505279e8	0.0	49.0	1.0	0.24489795918367346	0.24587412587412588	0.5833333333333334	14.0	0.016154064981161172	
5.583547705274982e8	2.3084053155767125e8	3.2751423896982706e8	0.0	49.0	1.0	0.24489795918367346	0.24587412587412588	0.5764705882352941	14.0	0.018520640230863618	
5.986663640021006e8	2.55436723360719e8	3.432296406413816e8	0.0	49.0	1.0	0.24489795918367346	0.24587412587412588	0.5157894736842106	9.0	0.006507884845529692	
5.46280263811926e8	2.231884556965042e8	3.230918081154219e8	0.0	49.0	1.0	0.24489795918367346	0.24587412587412588	0.5975609756097561	16.0	0.03548357178354863	
5.828181209768791e8	2.4613634762063017e8	3.3668177335624886e8	0.0	49.0	1.0	0.24489795918367346	0.24587412587412588	0.550561797752809	11.0	0.010561219170738533	
5.646436361714263e8	2.3411424676326975e8	3.3052938940815645e8	0.0	49.0	1.0	0.24489795918367346	0.24587412587412588	0.5697674418604651	12.0	0.010844242226635707	
5.2990433014626735e8	2.129674052726235e8	3.169369248736438e8	0.0	49.0	1.0	0.24489795918367346	0.24587412587412588	0.6363636363636364	21.0	0.056116148138097725	
5.352477425226826e8	2.1630640719705462e8	3.1894133532562804e8	0.0	49.0	1.0	0.24489795918367346	0.24587412587412588	0.620253164556962	19.0	0.04431392460150934	
5.830949609177675e8	2.463495524352201e8	3.3674540848254734e8	0.0	49.0	1.0	0.24489795918367346	0.24587412587412588	0.550561797752809	11.0	0.01639084841636655	
5.56158043187511e8	2.2930869352570578e8	3.2684934966180515e8	0.0	49.0	1.0	0.24489795918367346	0.24587412587412588	0.5833333333333334	14.0	0.018916108775646805	
5.894328408903923e8	2.4890013207343304e8	3.4053270881695926e8	0.0	49.0	1.0	0.24489795918367346	0.24587412587412588	0.5444444444444444	9.0	0.007114600643563953	
5.812763260054994e8	2.4423836448971674e8	3.370379615157827e8	0.0	49.0	1.0	0.24489795918367346	0.24587412587412588	0.5444444444444444	10.0	0.00854527847928469	
5.446645439745958e8	2.2203284033584994e8	3.2263170363874584e8	0.0	49.0	1.0	0.24489795918367346	0.24587412587412588	0.5975609756097561	16.0	0.030543499102168078	
5.646154142208128e8	2.3472517807745656e8	3.2989023614335626e8	0.0	49.0	1.0	0.24489795918367346	0.24587412587412588	0.5697674418604651	13.0	0.020610834404698027	
5.671986972914956e8	2.365321681877976e8	3.30666529103698e8	0.0	49.0	1.0	0.24489795918367346	0.24587412587412588	0.5632183908045977	13.0	0.019222225734648525	
5.723944974152393e8	2.3888574469468045e8	3.335087527205588e8	0.0	49.0	1.0	0.24489795918367346	0.24587412587412588	0.5632183908045977	11.0	0.00982656723402035	
6.577041131192319e8	2.918044686631507e8	3.6589964445608115e8	0.0	49.0	1.0	0.24489795918367346	0.24587412587412588	0.48514851485148514	6.0	0.0018929687259519193	
5.974071297602019e8	2.5442582484772164e8	3.429813049124801e8	0.0	49.0	1.0	0.24489795918367346	0.24587412587412588	0.5444444444444444	9.0	0.012035224326148761	
5.441835298391529e8	2.2205184736291844e8	3.2213168247623444e8	0.0	49.0	1.0	0.24489795918367346	0.2400344135359908	0.5975609756097561	17.0	0.04001527565013235	
5.631660009358664e8	2.3370107134354246e8	3.294649295923238e8	0.0	49.0	1.0	0.24489795918367346	0.2400344135359908	0.5697674418604651	13.0	0.017423441791568493	
5.668552500697775e8	2.356660756632163e8	3.3118917440656126e8	0.0	49.0	1.0	0.24489795918367346	0.2400344135359908	0.5697674418604651	12.0	0.01497102213188945	
5.451200936876785e8	2.2236938851826525e8	3.2275070516941327e8	0.0	49.0	1.0	0.24489795918367346	0.2400344135359908	0.5975609756097561	16.0	0.030246048380831815	
5.764892142228943e8	2.4170341519227445e8	3.3478579903061986e8	0.0	49.0	1.0	0.24489795918367346	0.2400344135359908	0.550561797752809	11.0	0.01046144658611594	
6.322800232454233e8	2.760367739323914e8	3.562432493130318e8	0.0	49.0	1.0	0.24489795918367346	0.2400344135359908	0.494949494949495	7.0	0.004941363192082835	
5.637191820068306e8	2.3407001326847485e8	3.2964916873835576e8	0.0	49.0	1.0	0.24489795918367346	0.2400344135359908	0.5764705882352941	13.0	0.024031179249605326	
6.087094379775944e8	2.6113524399011767e8	3.475741939874767e8	0.0	49.0	1.0	0.24489795918367346	0.2400344135359908	0.5212765957446809	8.0	0.00412221092649514	
5.690596700626264e8	2.372398087097177e8	3.318198613529086e8	0.0	49.0	1.0	0.24489795918367346	0.2400344135359908	0.5568181818181818	12.0	0.01630921821498052	
5.994372837033398e8	2.5582844696384162e8	3.4360883673949826e8	0.0	49.0	1.0	0.24489795918367346	0.2400344135359908	0.5384615384615384	9.0	0.008752305542029494	
5.711957793979561e8	2.3800641368770888e8	3.331893657102473e8	0.0	49.0	1.0	0.24489795918367346	0.2400344135359908	0.550561797752809	11.0	0.011532600188828807	
5.643367556095884e8	2.3458221285284013e8	3.297545427567483e8	0.0	49.0	1.0	0.24489795918367346	0.2400344135359908	0.5568181818181818	13.0	0.016804778422360944	
5.753433880843265e8	2.4091905604816955e8	3.34424332036157e8	0.0	49.0	1.0	0.24489795918367346	0.2400344135359908	0.550561797752809	11.0	0.015191212474324615	
5.751157640770772e8	2.4075851258301014e8	3.3435725149406713e8	0.0	49.0	1.0	0.24489795918367346	0.2400344135359908	0.550561797752809	11.0	0.008001641584424396	
5.579862877505502e8	2.300774491558415e8	3.279088385947087e8	0.0	49.0	1.0	0.24489795918367346	0.2400344135359908	0.5764705882352941	13.0	0.019367234305528933	
5.518433949057775e8	2.262870079704268e8	3.2555638693535066e8	0.0	49.0	1.0	0.24489795918367346	0.2400344135359908	0.5764705882352941	14.0	0.02290038223547111	
5.839810805923442e8	2.461188870858209e8	3.378621935065232e8	0.0	49.0	1.0	0.24489795918367346	0.2400344135359908	0.550561797752809	10.0	0.012433774376595859	
5.47933465473927e8	2.239656395903886e8	3.2396782588353837e8	0.0	49.0	1.0	0.24489795918367346	0.2400344135359908	0.5903614457831325	15.0	0.023889361947994882	
5.93098370453573e8	2.5144440236861184e8	3.4165396808496106e8	0.0	49.0	1.0	0.24489795918367346	0.2400344135359908	0.5444444444444444	9.0	0.009825766340872386	
5.721539930440211e8	2.3866128765713805e8	3.33492705386883e8	0.0	49.0	1.0	0.24489795918367346	0.2400344135359908	0.5568181818181818	11.0	0.011804953634547316	
5.437352068178978e8	2.2174122665705183e8	3.219939801608459e8	0.0	49.0	1.0	0.24489795918367346	0.2400344135359908	0.6049382716049383	17.0	0.0353379662708624	
5.779906234989696e8	2.4279087265567437e8	3.351997508432951e8	0.0	49.0	1.0	0.24489795918367346	0.2400344135359908	0.550561797752809	11.0	0.011963679574162755	
6.058576395607256e8	2.5910041475510538e8	3.467572248056202e8	0.0	49.0	1.0	0.24489795918367346	0.2400344135359908	0.532608695652174	8.0	0.0045610343589106385	
5.817383112539439e8	2.445428953076375e8	3.3719541594630635e8	0.0	49.0	1.0	0.24489795918367346	0.2400344135359908	0.5444444444444444	10.0	0.008920934979608448	
5.976920229816636e8	2.5463164069301814e8	3.430603822886454e8	0.0	49.0	1.0	0.24489795918367346	0.2400344135359908	0.5384615384615384	9.0	0.008121458278644345	
5.587911348012192e8	2.3117115767773086e8	3.2761997712348825e8	0.0	49.0	1.0	0.24489795918367346	0.2400344135359908	0.5764705882352941	14.0	0.018847194800109338	
5.562718343177294e8	2.2887117958793178e8	3.274006547297975e8	0.0	49.0	1.0	0.24489795918367346	0.2400344135359908	0.5764705882352941	13.0	0.015455734429455383	
5.757656366464081e8	2.4190757305979353e8	3.3385806358661443e8	0.0	49.0	1.0	0.24489795918367346	0.2400344135359908	0.5632183908045977	12.0	0.01634216430958063	
5.614757085936637e8	2.3251502986623114e8	3.289606787274325e8	0.0	49.0	1.0	0.24489795918367346	0.2400344135359908	0.5697674418604651	13.0	0.01692372536329477	
5.41909165341403e8	2.2048746670852765e8	3.214216986328753e8	0.0	49.0	1.0	0.24489795918367346	0.2400344135359908	0.5975609756097561	17.0	0.034787163014672114	
6.073677743539059e8	2.6016270789376095e8	3.47205066460145e8	0.0	49.0	1.0	0.24489795918367346	0.2400344135359908	0.5268817204301075	8.0	0.005377584981765363	
5.496394390319935e8	2.252048757810117e8	3.2443456325098175e8	0.0	49.0	1.0	0.24489795918367346	0.2400344135359908	0.5764705882352941	15.0	0.025085111610707124	
5.788803791945995e8	2.434013281853167e8	3.354790510092828e8	0.0	49.0	1.0	0.24489795918367346	0.2400344135359908	0.550561797752809	11.0	0.009453129162724902	
5.861854736758964e8	2.476880689620063e8	3.384974047138902e8	0.0	49.0	1.0	0.24489795918367346	0.2400344135359908	0.532608695652174	10.0	0.00915232722502001	
5.568731441100075e8	2.29812081683405e8	3.270610624266024e8	0.0	49.0	1.0	0.24489795918367346	0.2400344135359908	0.5697674418604651	14.0	0.022462234032696555	
5.575568562831856e8	2.3030674906620157e8	3.2725010721698403e8	0.0	49.0	1.0	0.24489795918367346	0.2400344135359908	0.5764705882352941	14.0	0.017655128730099393	
6.434444162894486e8	2.835886986591544e8	3.598557176302942e8	0.0	49.0	1.0	0.24489795918367346	0.2400344135359908	0.5157894736842106	7.0	0.007264131112170328	
5.760772359126941e8	2.4143397072682944e8	3.3464326518586457e8	0.0	49.0	1.0	0.24489795918367346	0.2400344135359908	0.5568181818181818	11.0	0.00901206812103867	
5.548932245658705e8	2.284128063590545e8	3.264804182068159e8	0.0	49.0	1.0	0.24489795918367346	0.2400344135359908	0.5833333333333334	14.0	0.021529139202766504	
5.539652696624125e8	2.277620767626488e8	3.262031928997637e8	0.0	49.0	1.0	0.24489795918367346	0.2400344135359908	0.5833333333333334	14.0	0.022348183679948393	
6.131765470294595e8	2.64151501242932e8	3.4902504578652745e8	0.0	49.0	1.0	0.24489795918367346	0.2400344135359908	0.5268817204301075	8.0	0.007527462275892844	
5.528584905207492e8	2.269711350491696e8	3.258873554715796e8	0.0	49.0	1.0	0.24489795918367346	0.2400344135359908	0.5833333333333334	14.0	0.01753703471890237	
5.533715064643927e8	2.2778883884226918e8	3.255826676221235e8	0.0	49.0	1.0	0.24489795918367346	0.2400344135359908	0.5833333333333334	15.0	0.028535116288027185	
5.752918240671864e8	2.4093625909423673e8	3.3435556497294956e8	0.0	49.0	1.0	0.24489795918367346	0.2400344135359908	0.5632183908045977	11.0	0.010494506853233982	
5.368687186155979e8	2.171872298718951e8	3.1968148874370277e8	0.0	49.0	1.0	0.24489795918367346	0.2400344135359908	0.6125	18.0	0.0413484428149624	
5.931936984186873e8	2.5256394872713473e8	3.4062974969155264e8	0.0	49.0	1.0	0.24489795918367346	0.2400344135359908	0.5212765957446809	10.0	0.01395834550614204	
5.479094342598261e8	2.2395642414953348e8	3.239530101102927e8	0.0	49.0	1.0	0.24489795918367346	0.2400344135359908	0.5903614457831325	15.0	0.028283318046111425	
5.774346871098467e8	2.4239598959628737e8	3.350386975135594e8	0.0	49.0	1.0	0.24489795918367346	0.2400344135359908	0.550561797752809	11.0	0.00932634123688076	
5.732253585215114e8	2.3944977010654566e8	3.337755884149658e8	0.0	49.0	1.0	0.24489795918367346	0.2400344135359908	0.5568181818181818	11.0	0.010382393473120628	
5.97869974341826e8	2.54815936696979e8	3.430540376448469e8	0.0	49.0	1.0	0.24489795918367346	0.2400344135359908	0.532608695652174	9.0	0.009559959664324694	
5.535765374388793e8	2.2752137461231798e8	3.2605516282656133e8	0.0	49.0	1.0	0.24489795918367346	0.24085714285714285	0.5833333333333334	14.0	0.017919241515764118	
5.550183857183275e8	2.2852705834615877e8	3.264913273721688e8	0.0	49.0	1.0	0.24489795918367346	0.24085714285714285	0.5833333333333334	14.0	0.015077262594078024	
5.558390232971593e8	2.2906461976760203e8	3.2677440352955735e8	0.0	49.0	1.0	0.24489795918367346	0.24085714285714285	0.5833333333333334	14.0	0.023411071184850033	
5.645354084637041e8	2.3410735064727074e8	3.304280578164333e8	0.0	49.0	1.0	0.24489795918367346	0.24085714285714285	0.5568181818181818	12.0	0.015669998860269874	
5.483293549679852e8	2.2426823174627686e8	3.240611232217083e8	0.0	49.0	1.0	0.24489795918367346	0.24085714285714285	0.5833333333333334	15.0	0.020531899652269574	
5.653063801334665e8	2.3462104384544328e8	3.306853362880231e8	0.0	49.0	1.0	0.24489795918367346	0.24085714285714285	0.5697674418604651	12.0	0.01432547791285391	
5.818775142102449e8	2.4550525209262434e8	3.363722621176206e8	0.0	49.0	1.0	0.24489795918367346	0.24085714285714285	0.5444444444444444	11.0	0.016750609467371964	
5.545826723554987e8	2.2818548594348866e8	3.2639718641201e8	0.0	49.0	1.0	0.24489795918367346	0.24085714285714285	0.5764705882352941	14.0	0.02364165819223036	
5.667292377202673e8	2.3556103630266556e8	3.311682014176016e8	0.0	49.0	1.0	0.24489795918367346	0.24085714285714285	0.5697674418604651	12.0	0.015110065235843882	
5.352871100414569e8	2.1635566284524605e8	3.189314471962108e8	0.0	49.0	1.0	0.24489795918367346	0.24085714285714285	0.620253164556962	19.0	0.03921166579969326	
5.713906113545989e8	2.3885659759231332e8	3.325340137622856e8	0.0	49.0	1.0	0.24489795918367346	0.24085714285714285	0.5697674418604651	12.0	0.0125847654237026	
5.616671228678863e8	2.326654965998514e8	3.290016262680349e8	0.0	49.0	1.0	0.24489795918367346	0.24085714285714285	0.5568181818181818	13.0	0.017170762339263946	
5.735850831172118e8	2.3973147816635448e8	3.338536049508574e8	0.0	49.0	1.0	0.24489795918367346	0.24085714285714285	0.550561797752809	11.0	0.012748353328340763	
5.796607031028637e8	2.4397825861199924e8	3.356824444908644e8	0.0	49.0	1.0	0.24489795918367346	0.24085714285714285	0.5384615384615384	11.0	0.013694025083517256	
5.88899891579076e8	2.495757565402059e8	3.393241350388701e8	0.0	49.0	1.0	0.24489795918367346	0.24085714285714285	0.5268817204301075	10.0	0.013324862368886442	
6.003859955293405e8	2.5653892298859656e8	3.4384707254074395e8	0.0	49.0	1.0	0.24489795918367346	0.24085714285714285	0.5157894736842106	9.0	0.010729720358369112	
6.09463308222676e8	2.6286178787659085e8	3.4660152034608513e8	0.0	49.0	1.0	0.24489795918367346	0.24085714285714285	0.5157894736842106	9.0	0.012023604919509665	
5.524249888511636e8	2.2671963963518876e8	3.257053492159749e8	0.0	49.0	1.0	0.24489795918367346	0.24085714285714285	0.5764705882352941	14.0	0.021014171853031952	
6.346588184438097e8	2.7920607723254704e8	3.554527412112628e8	1.0	48.0	1.0	0.24489795918367346	0.24085714285714285	0.494949494949495	8.0	0.0058136828800970704	
6.664496155432009e8	2.978262405869136e8	3.686233749562874e8	1.0	48.0	1.0	0.24489795918367346	0.24085714285714285	0.49	6.0	0.0042308508144230485	
5.510761552592596e8	2.261969910069947e8	3.2487916425226486e8	0.0	49.0	1.0	0.24489795918367346	0.24085714285714285	0.5903614457831325	15.0	0.0211665913377535	
5.652658105281457e8	2.34563026016577e8	3.307027845115687e8	0.0	49.0	1.0	0.24489795918367346	0.24085714285714285	0.5697674418604651	12.0	0.01741658031605356	
5.768707912105902e8	2.4197444346947992e8	3.3489634774111044e8	0.0	49.0	1.0	0.24489795918367346	0.24085714285714285	0.550561797752809	11.0	0.012869215763192195	
5.470839019358022e8	2.2377966397643375e8	3.2330423795936835e8	0.0	49.0	1.0	0.24489795918367346	0.24085714285714285	0.5903614457831325	16.0	0.02010131502556003	
5.87759013291643e8	2.4877985773752707e8	3.3897915555411595e8	0.0	49.0	1.0	0.24489795918367346	0.24085714285714285	0.5384615384615384	10.0	0.0086847856976664	
5.702661416240742e8	2.3867421428142464e8	3.3159192734264964e8	0.0	49.0	1.0	0.24489795918367346	0.24085714285714285	0.5697674418604651	13.0	0.018709416772329603	
5.407804755423168e8	2.1968741590555963e8	3.2109305963675714e8	0.0	49.0	1.0	0.24489795918367346	0.24085714285714285	0.5975609756097561	17.0	0.03570711072929912	
5.892160493445785e8	2.4983084471847165e8	3.393852046261068e8	0.0	49.0	1.0	0.24489795918367346	0.24085714285714285	0.532608695652174	10.0	0.009876109725468825	
5.692205939970503e8	2.3736382618811256e8	3.3185676780893767e8	0.0	49.0	1.0	0.24489795918367346	0.24085714285714285	0.5697674418604651	12.0	0.01881344105378796	
5.988599277193269e8	2.5556144224553144e8	3.432984854737954e8	0.0	49.0	1.0	0.24489795918367346	0.24085714285714285	0.532608695652174	9.0	0.006900297605710205	
5.47216697855441e8	2.2387902326480395e8	3.233376745906371e8	0.0	49.0	1.0	0.24489795918367346	0.24085714285714285	0.5975609756097561	16.0	0.028631302192451084	
6.338859483156857e8	2.770785209308479e8	3.5680742738483787e8	0.0	49.0	1.0	0.24489795918367346	0.24085714285714285	0.5051546391752577	7.0	0.002617392712778693	
5.782078552138903e8	2.4288827740937746e8	3.3531957780451286e8	0.0	49.0	1.0	0.24489795918367346	0.24085714285714285	0.5632183908045977	11.0	0.017812153667335913	
5.562791194375963e8	2.2941130523676348e8	3.2686781420083284e8	0.0	49.0	1.0	0.24489795918367346	0.24085714285714285	0.5764705882352941	14.0	0.017002571865133834	
5.484672665483528e8	2.2435044234403816e8	3.241168242043147e8	0.0	49.0	1.0	0.24489795918367346	0.24085714285714285	0.5903614457831325	15.0	0.024834243087802788	
6.303392047152389e8	2.7609334385859853e8	3.5424586085664046e8	0.0	49.0	1.0	0.24489795918367346	0.24085714285714285	0.5051546391752577	8.0	0.00819324345541898	
5.967140183425226e8	2.5497843934849724e8	3.417355789940254e8	0.0	49.0	1.0	0.24489795918367346	0.24085714285714285	0.5444444444444444	10.0	0.013755535269830919	
6.307312819926919e8	2.7484832864306295e8	3.55882953349629e8	0.0	49.0	1.0	0.24489795918367346	0.24085714285714285	0.5212765957446809	7.0	0.0055819479697527905	
5.864927685937288e8	2.4791892060903662e8	3.385738479846921e8	0.0	49.0	1.0	0.24489795918367346	0.24085714285714285	0.5384615384615384	10.0	0.009551459549260394	
5.703571551855788e8	2.381238502682075e8	3.322333049173713e8	0.0	49.0	1.0	0.24489795918367346	0.24085714285714285	0.5568181818181818	12.0	0.0209981425180379	
5.409056835455154e8	2.1974399001112363e8	3.2116169353439176e8	0.0	49.0	1.0	0.24489795918367346	0.24085714285714285	0.6049382716049383	17.0	0.03852143628746095	
5.841217706138519e8	2.46269057621191e8	3.378527129926609e8	0.0	49.0	1.0	0.24489795918367346	0.24085714285714285	0.5444444444444444	10.0	0.010123857349549686	
5.706575863316044e8	2.383946976117382e8	3.322628887198661e8	0.0	49.0	1.0	0.24489795918367346	0.24085714285714285	0.5444444444444444	12.0	0.01726812996043514	
5.848431009300832e8	2.4674999162366408e8	3.3809310930641913e8	0.0	49.0	1.0	0.24489795918367346	0.24085714285714285	0.5444444444444444	10.0	0.01186060726464201	
5.475000153049628e8	2.2365446499807072e8	3.238455503068919e8	0.0	49.0	1.0	0.24489795918367346	0.24085714285714285	0.5903614457831325	15.0	0.02245679158707018	
5.830499222714078e8	2.454892410215379e8	3.375606812498699e8	0.0	49.0	1.0	0.24489795918367346	0.24085714285714285	0.550561797752809	10.0	0.013638512014913853	
5.810916279930601e8	2.4499157501271483e8	3.3610005298034537e8	0.0	49.0	1.0	0.24489795918367346	0.24085714285714285	0.5444444444444444	11.0	0.015890300567367118	
5.841225968763545e8	2.4622037076355493e8	3.3790222611279964e8	0.0	49.0	1.0	0.24489795918367346	0.24085714285714285	0.5444444444444444	10.0	0.009703597265170602	
5.542646887215309e8	2.2798664931148952e8	3.262780394100414e8	0.0	49.0	1.0	0.24489795918367346	0.24085714285714285	0.5833333333333334	14.0	0.022095422695699043	
5.43752106597092e8	2.214174730346714e8	3.223346335624206e8	0.0	49.0	1.0	0.24489795918367346	0.24085714285714285	0.5975609756097561	16.0	0.02501705183386988	
5.672084980514486e8	2.3591337308292633e8	3.3129512496852225e8	0.0	49.0	1.0	0.24489795918367346	0.22040816326530613	0.5697674418604651	12.0	0.020020390371155675	
5.640995637633479e8	2.3376456426497936e8	3.303349994983684e8	0.0	49.0	1.0	0.24489795918367346	0.22040816326530613	0.5697674418604651	12.0	0.013434730343799894	
5.813274883075922e8	2.4424587909542394e8	3.3708160921216816e8	0.0	49.0	1.0	0.24489795918367346	0.22040816326530613	0.550561797752809	10.0	0.010749444008372579	
5.656753123334616e8	2.3485006469036472e8	3.308252476430969e8	0.0	49.0	1.0	0.24489795918367346	0.22040816326530613	0.5697674418604651	12.0	0.01989489960153225	
6.301123201115324e8	2.7443712928856415e8	3.5567519082296824e8	0.0	49.0	1.0	0.24489795918367346	0.22040816326530613	0.5212765957446809	7.0	0.00539600528439814	
5.474589570689473e8	2.240276304890381e8	3.234313265799092e8	0.0	49.0	1.0	0.24489795918367346	0.22040816326530613	0.5903614457831325	16.0	0.029390065717205125	
5.981012299643079e8	2.5494841862575677e8	3.431528113385512e8	0.0	49.0	1.0	0.24489795918367346	0.22040816326530613	0.5268817204301075	9.0	0.0073010881009080274	
5.669407230688498e8	2.357792703437872e8	3.311614527250626e8	0.0	49.0	1.0	0.24489795918367346	0.22040816326530613	0.550561797752809	12.0	0.012082209796517501	
5.7217554341538e8	2.3870611465450573e8	3.334694287608742e8	0.0	49.0	1.0	0.24489795918367346	0.22040816326530613	0.550561797752809	11.0	0.01047175222094112	
5.833533935529925e8	2.4565697305785435e8	3.3769642049513817e8	0.0	49.0	1.0	0.24489795918367346	0.22040816326530613	0.550561797752809	10.0	0.00721117273236476	
5.948535107634983e8	2.5268657285241893e8	3.4216693791107947e8	0.0	49.0	1.0	0.24489795918367346	0.22040816326530613	0.5384615384615384	9.0	0.009369806646904873	
5.640102164064794e8	2.337050935356727e8	3.303051228708068e8	0.0	49.0	1.0	0.24489795918367346	0.22040816326530613	0.5632183908045977	12.0	0.01382112189478557	
5.486514276026189e8	2.244753391821226e8	3.241760884204963e8	0.0	49.0	1.0	0.24489795918367346	0.22040816326530613	0.5903614457831325	15.0	0.017238672838330468	
5.78029720365816e8	2.4280668079993775e8	3.352230395658782e8	0.0	49.0	1.0	0.24489795918367346	0.22040816326530613	0.5568181818181818	11.0	0.013190224891155265	
5.531083288939811e8	2.2716090919236964e8	3.259474197016114e8	0.0	49.0	1.0	0.24489795918367346	0.22040816326530613	0.5833333333333334	14.0	0.02068355585781953	
5.840105333452477e8	2.4610001979424843e8	3.379105135509993e8	0.0	49.0	1.0	0.24489795918367346	0.22040816326530613	0.5568181818181818	10.0	0.01370173871548344	
6.108590577862203e8	2.6262875465897334e8	3.48230303127247e8	0.0	49.0	1.0	0.24489795918367346	0.22040816326530613	0.5157894736842106	8.0	0.0051420518257252945	
5.599155951767535e8	2.3140679627392328e8	3.285087989028303e8	0.0	49.0	1.0	0.24489795918367346	0.22040816326530613	0.5632183908045977	13.0	0.027358764930237485	
5.600156198506037e8	2.3149444331452662e8	3.285211765360771e8	0.0	49.0	1.0	0.24489795918367346	0.22040816326530613	0.5764705882352941	13.0	0.01342346545677878	
5.829256372892771e8	2.4536935117858613e8	3.375562861106909e8	0.0	49.0	1.0	0.24489795918367346	0.22040816326530613	0.550561797752809	10.0	0.0108516889777519	
5.69042043061388e8	2.3719491835712355e8	3.3184712470426446e8	0.0	49.0	1.0	0.24489795918367346	0.22040816326530613	0.5632183908045977	12.0	0.01572848113805445	
5.706482400629795e8	2.376061327705096e8	3.3304210729247e8	0.0	49.0	1.0	0.24489795918367346	0.22040816326530613	0.5632183908045977	11.0	0.01393721007778473	
5.441007017333877e8	2.2200203698702884e8	3.2209866474635875e8	0.0	49.0	1.0	0.24489795918367346	0.22040816326530613	0.6049382716049383	17.0	0.03445786356082463	
6.2543011383018e8	2.711723644111167e8	3.542577494190633e8	0.0	49.0	1.0	0.24489795918367346	0.22040816326530613	0.5157894736842106	7.0	0.005307556547427495	
5.670817156671488e8	2.358452685655849e8	3.312364471015638e8	0.0	49.0	1.0	0.24489795918367346	0.22040816326530613	0.550561797752809	12.0	0.013681635033787738	
5.604916611604941e8	2.318304257506581e8	3.286612354098359e8	0.0	49.0	1.0	0.24489795918367346	0.22040816326530613	0.5697674418604651	13.0	0.02109890567980701	
5.485752465106118e8	2.244210833930593e8	3.241541631175524e8	0.0	49.0	1.0	0.24489795918367346	0.22040816326530613	0.5903614457831325	15.0	0.029077866793254678	
5.670490193083321e8	2.35811378424007e8	3.312376408843251e8	0.0	49.0	1.0	0.24489795918367346	0.22040816326530613	0.5568181818181818	12.0	0.014122075860097406	
5.72786037470248e8	2.3913322673721796e8	3.336528107330301e8	0.0	49.0	1.0	0.24489795918367346	0.22040816326530613	0.5568181818181818	11.0	0.014994861400708222	
5.585390726672553e8	2.3045839881964606e8	3.280806738476091e8	0.0	49.0	1.0	0.24489795918367346	0.22040816326530613	0.5764705882352941	13.0	0.019482215019795183	
5.730042704148068e8	2.3930603053581613e8	3.3369823987899065e8	0.0	49.0	1.0	0.24489795918367346	0.22040816326530613	0.5568181818181818	11.0	0.013022502349034687	
5.477578299841117e8	2.2382739153100222e8	3.239304384531095e8	0.0	49.0	1.0	0.24489795918367346	0.22040816326530613	0.5903614457831325	15.0	0.02260291513272969	
5.506415599997039e8	2.2588140726030242e8	3.247601527394016e8	0.0	49.0	1.0	0.24489795918367346	0.22040816326530613	0.5903614457831325	15.0	0.026685981768928516	
5.544031091371872e8	2.2806684521937788e8	3.263362639178095e8	0.0	49.0	1.0	0.24489795918367346	0.22040816326530613	0.5833333333333334	14.0	0.02550476380195768	
5.907239982760267e8	2.4980953258226475e8	3.409144656937619e8	0.0	49.0	1.0	0.24489795918367346	0.22040816326530613	0.5444444444444444	9.0	0.005918461498818641	
5.612077616086242e8	2.317334165370906e8	3.294743450715337e8	0.0	49.0	1.0	0.24489795918367346	0.22040816326530613	0.5697674418604651	12.0	0.014146000329036044	
5.786831070786363e8	2.4325140275470513e8	3.3543170432393116e8	0.0	49.0	1.0	0.24489795918367346	0.22040816326530613	0.5568181818181818	11.0	0.012104129503363812	
5.69394968359798e8	2.3747452202017376e8	3.3192044633962417e8	0.0	49.0	1.0	0.24489795918367346	0.22040816326530613	0.5697674418604651	12.0	0.014387686555623603	
5.50659478343677e8	2.259108430972135e8	3.2474863524646354e8	0.0	49.0	1.0	0.24489795918367346	0.22040816326530613	0.5833333333333334	15.0	0.022644228920802048	
5.589918779540803e8	2.307889169362397e8	3.282029610178407e8	0.0	49.0	1.0	0.24489795918367346	0.22040816326530613	0.5697674418604651	13.0	0.01874598200239312	
5.612680101466935e8	2.3237403735075772e8	3.288939727959358e8	0.0	49.0	1.0	0.24489795918367346	0.22040816326530613	0.5632183908045977	13.0	0.018839249747950343	
5.631735807259231e8	2.3371905832445663e8	3.294545224014665e8	0.0	49.0	1.0	0.24489795918367346	0.22040816326530613	0.5632183908045977	13.0	0.0167712918622493	
6.115412389791727e8	2.630617902699505e8	3.4847944870922226e8	0.0	49.0	1.0	0.24489795918367346	0.22040816326530613	0.532608695652174	8.0	0.006029982668006298	
5.596745660028656e8	2.3125675479839915e8	3.284178112044664e8	0.0	49.0	1.0	0.24489795918367346	0.22040816326530613	0.5697674418604651	13.0	0.02293882721253669	
5.546680917628973e8	2.2824547193084908e8	3.264226198320482e8	0.0	49.0	1.0	0.24489795918367346	0.22040816326530613	0.5833333333333334	14.0	0.018812545921316152	
5.741077856695039e8	2.4006365945641363e8	3.340441262130903e8	0.0	49.0	1.0	0.24489795918367346	0.22040816326530613	0.5568181818181818	11.0	0.014416323058464126	
5.481940741181545e8	2.2414255221067145e8	3.240515219074831e8	0.0	49.0	1.0	0.24489795918367346	0.22040816326530613	0.5903614457831325	15.0	0.02438301702254561	
5.645099099410291e8	2.340334215572447e8	3.304764883837843e8	0.0	49.0	1.0	0.24489795918367346	0.22040816326530613	0.5697674418604651	12.0	0.014039974536360592	
5.48415638302551e8	2.2429807169504505e8	3.2411756660750604e8	0.0	49.0	1.0	0.24489795918367346	0.22040816326530613	0.5903614457831325	15.0	0.02308886732093174	
5.832754190349393e8	2.4560782820749342e8	3.3766759082744586e8	0.0	49.0	1.0	0.24489795918367346	0.22040816326530613	0.5444444444444444	10.0	0.011819556987051616	
7.045121763108518e8	3.2124537302484864e8	3.8326680328600323e8	1.0	48.0	1.0	0.24489795918367346	0.24414620217018845	0.49	5.0	0.0027001245000059762	
5.398379985781591e8	2.1897938955074352e8	3.208586090274156e8	0.0	49.0	1.0	0.24489795918367346	0.24414620217018845	0.6049382716049383	17.0	0.04162935490467391	
5.640637599143598e8	2.3372697588478696e8	3.303367840295728e8	0.0	49.0	1.0	0.24489795918367346	0.24414620217018845	0.5697674418604651	12.0	0.018504221887667736	
5.847070634180875e8	2.4669465311292818e8	3.380124103051592e8	0.0	49.0	1.0	0.24489795918367346	0.24414620217018845	0.550561797752809	10.0	0.007562523456763242	
5.768711057835112e8	2.4200202041578e8	3.3486908536773115e8	0.0	49.0	1.0	0.24489795918367346	0.24414620217018845	0.550561797752809	11.0	0.012371654769687586	
5.810458984248419e8	2.4487399648911718e8	3.3617190193572474e8	0.0	49.0	1.0	0.24489795918367346	0.24414620217018845	0.5568181818181818	11.0	0.016142055272022324	
5.587314843703725e8	2.3062240445142162e8	3.281090799189509e8	0.0	49.0	1.0	0.24489795918367346	0.24414620217018845	0.5697674418604651	13.0	0.01771267063381279	
5.67653441927531e8	2.363100591867178e8	3.313433827408132e8	0.0	49.0	1.0	0.24489795918367346	0.24414620217018845	0.5568181818181818	12.0	0.012397959993353809	
5.719414522532411e8	2.3855929939226365e8	3.3338215286097735e8	0.0	49.0	1.0	0.24489795918367346	0.24414620217018845	0.5632183908045977	11.0	0.012204621360445297	
5.745182062087854e8	2.4038147207178748e8	3.3413673413699794e8	0.0	49.0	1.0	0.24489795918367346	0.24414620217018845	0.550561797752809	11.0	0.011403746915205253	
5.575634563183597e8	2.303377821579352e8	3.2722567416042453e8	0.0	49.0	1.0	0.24489795918367346	0.24414620217018845	0.5764705882352941	14.0	0.015694922571020762	
5.551886635250068e8	2.2864721049666512e8	3.2654145302834165e8	0.0	49.0	1.0	0.24489795918367346	0.24414620217018845	0.5764705882352941	14.0	0.020538217024967616	
5.619251713791683e8	2.3286737749946377e8	3.290577938797046e8	0.0	49.0	1.0	0.24489795918367346	0.24414620217018845	0.5697674418604651	13.0	0.014403175526160753	
6.331208202118125e8	2.7657735365105236e8	3.565434665607601e8	1.0	48.0	1.0	0.24489795918367346	0.24414620217018845	0.5051546391752577	7.0	0.006374310732860536	
5.885425823972836e8	2.493283403099286e8	3.3921424208735496e8	0.0	49.0	1.0	0.24489795918367346	0.24414620217018845	0.5444444444444444	10.0	0.010570685054729644	
5.680464042812765e8	2.365419985724004e8	3.3150440570887613e8	0.0	49.0	1.0	0.24489795918367346	0.24414620217018845	0.5568181818181818	12.0	0.018190781472771488	
6.439180983518796e8	2.836743587913686e8	3.6024373956051093e8	0.0	49.0	1.0	0.24489795918367346	0.24414620217018845	0.5051546391752577	7.0	0.006564929422634182	
5.659778402037344e8	2.3513141387549895e8	3.308464263282355e8	0.0	49.0	1.0	0.24489795918367346	0.24414620217018845	0.5632183908045977	12.0	0.010605567724416853	
5.849319558216186e8	2.4682115368321618e8	3.3811080213840234e8	0.0	49.0	1.0	0.24489795918367346	0.24414620217018845	0.5384615384615384	10.0	0.010233364737898747	
6.005386590065737e8	2.5659092805045098e8	3.4394773095612264e8	0.0	49.0	1.0	0.24489795918367346	0.24414620217018845	0.532608695652174	9.0	0.012032722419785298	
5.447107558772717e8	2.220965287611369e8	3.226142271161348e8	0.0	49.0	1.0	0.24489795918367346	0.24414620217018845	0.5975609756097561	16.0	0.020773824919272956	
6.024969958918259e8	2.5807328883090305e8	3.44423707060923e8	0.0	49.0	1.0	0.24489795918367346	0.24414620217018845	0.5268817204301075	9.0	0.01103002864079849	
5.796224603662295e8	2.430694342558623e8	3.3655302611036724e8	0.0	49.0	1.0	0.24489795918367346	0.24414620217018845	0.5568181818181818	10.0	0.008054575922282259	
5.425310079640508e8	2.2091633904366046e8	3.2161466892039025e8	0.0	49.0	1.0	0.24489795918367346	0.24414620217018845	0.5975609756097561	17.0	0.03523795050763899	
5.423027540912807e8	2.2075925563142422e8	3.215434984598565e8	0.0	49.0	1.0	0.24489795918367346	0.24414620217018845	0.6049382716049383	17.0	0.023066932784085004	
5.54670915645886e8	2.282643472504835e8	3.264065683954025e8	0.0	49.0	1.0	0.24489795918367346	0.24414620217018845	0.5697674418604651	14.0	0.026793180688868216	
5.936260395949101e8	2.517956176918528e8	3.418304219030573e8	0.0	49.0	1.0	0.24489795918367346	0.24414620217018845	0.5444444444444444	9.0	0.010741069958684063	
5.538322962942041e8	2.2810859559173226e8	3.25723700702472e8	0.0	49.0	1.0	0.24489795918367346	0.24414620217018845	0.5903614457831325	15.0	0.029988731484218475	
5.543326871436129e8	2.284554293146371e8	3.258772578289757e8	0.0	49.0	1.0	0.24489795918367346	0.24414620217018845	0.5833333333333334	15.0	0.029292463109048882	
5.502955664241003e8	2.2563581178611562e8	3.2465975463798463e8	0.0	49.0	1.0	0.24489795918367346	0.24414620217018845	0.5903614457831325	15.0	0.026601817097672405	
6.222711220339572e8	2.7054475517448765e8	3.517263668594694e8	0.0	49.0	1.0	0.24489795918367346	0.24414620217018845	0.5051546391752577	8.0	0.00769324376835745	
6.00612381734946e8	2.567587673388468e8	3.438536143960992e8	0.0	49.0	1.0	0.24489795918367346	0.24414620217018845	0.5212765957446809	9.0	0.009377659000990341	
5.554491621918896e8	2.287847468059455e8	3.266644153859441e8	0.0	49.0	1.0	0.24489795918367346	0.24414620217018845	0.5833333333333334	14.0	0.028131759777519236	
5.547595917105837e8	2.2882123258089852e8	3.259383591296853e8	0.0	49.0	1.0	0.24489795918367346	0.24414620217018845	0.5697674418604651	15.0	0.01844748136411691	
5.945133788850827e8	2.5250930085192904e8	3.4200407803315365e8	0.0	49.0	1.0	0.24489795918367346	0.24414620217018845	0.5384615384615384	9.0	0.005685447413250939	
5.659740212808344e8	2.3508343475998133e8	3.308905865208531e8	0.0	49.0	1.0	0.24489795918367346	0.24414620217018845	0.5632183908045977	12.0	0.015039342429386163	
5.782349465934217e8	2.429161488915221e8	3.353187977018995e8	0.0	49.0	1.0	0.24489795918367346	0.24414620217018845	0.5568181818181818	11.0	0.017778232398296047	
5.495273394766338e8	2.251155858633176e8	3.244117536133161e8	0.0	49.0	1.0	0.24489795918367346	0.24414620217018845	0.5764705882352941	15.0	0.028344248519434918	
5.582874762944782e8	2.3086337098816407e8	3.27424105306314e8	0.0	49.0	1.0	0.24489795918367346	0.24414620217018845	0.5632183908045977	14.0	0.019369408655566963	
5.76651564877284e8	2.4186358579315346e8	3.3478797908413064e8	0.0	49.0	1.0	0.24489795918367346	0.24414620217018845	0.550561797752809	11.0	0.009740881783981132	
5.596477493189363e8	2.312683723138643e8	3.28379377005072e8	0.0	49.0	1.0	0.24489795918367346	0.24414620217018845	0.5764705882352941	13.0	0.017117588089835392	
5.545902793444587e8	2.2822642316299492e8	3.263638561814638e8	0.0	49.0	1.0	0.24489795918367346	0.24414620217018845	0.5764705882352941	14.0	0.01835883443770562	
5.678049389575138e8	2.363862364454859e8	3.3141870251202786e8	0.0	49.0	1.0	0.24489795918367346	0.24414620217018845	0.5632183908045977	12.0	0.018659273156942355	
6.394924665872607e8	2.809610535070063e8	3.5853141308025444e8	0.0	49.0	1.0	0.24489795918367346	0.24414620217018845	0.494949494949495	7.0	0.004014335438004606	
5.870371922475734e8	2.4831900842503005e8	3.387181838225434e8	0.0	49.0	1.0	0.24489795918367346	0.24414620217018845	0.5444444444444444	10.0	0.010216599821626583	
5.608692267432696e8	2.3266162343677e8	3.2820760330649966e8	0.0	49.0	1.0	0.24489795918367346	0.24414620217018845	0.5697674418604651	14.0	0.029607360974083122	
5.437850294369524e8	2.2181237595254433e8	3.21972653484408e8	0.0	49.0	1.0	0.24489795918367346	0.24414620217018845	0.6049382716049383	17.0	0.02509776890519885	
5.61540072687866e8	2.32676204783695e8	3.288638679041708e8	0.0	49.0	1.0	0.24489795918367346	0.24414620217018845	0.5632183908045977	13.0	0.015811260217219066	
5.759988686379278e8	2.4216629988247034e8	3.338325687554575e8	0.0	49.0	1.0	0.24489795918367346	0.24414620217018845	0.5444444444444444	12.0	0.018961783640435322	
5.671598306912887e8	2.3597070137618387e8	3.311891293151049e8	0.0	49.0	1.0	0.24489795918367346	0.24414620217018845	0.550561797752809	12.0	0.012210937367656629	
5.459618128277137e8	2.2330905416929454e8	3.2265275865841925e8	0.0	49.0	1.0	0.24489795918367346	0.2480948348856901	0.5975609756097561	17.0	0.03214860253122136	
5.965315625236049e8	2.5381833194887775e8	3.42713230574727e8	0.0	49.0	1.0	0.24489795918367346	0.2480948348856901	0.5444444444444444	9.0	0.00888517144387061	
5.670615686454288e8	2.358576781019642e8	3.3120389054346466e8	0.0	49.0	1.0	0.24489795918367346	0.2480948348856901	0.5697674418604651	12.0	0.01604724232509209	
5.640883248239157e8	2.3434501443022412e8	3.2974331039369166e8	0.0	49.0	1.0	0.24489795918367346	0.2480948348856901	0.5764705882352941	13.0	0.01973712001521015	
5.508668050693836e8	2.2604453192891255e8	3.2482227314047104e8	0.0	49.0	1.0	0.24489795918367346	0.2480948348856901	0.5833333333333334	15.0	0.02815174808353814	
5.574371086326518e8	2.3019939355483663e8	3.272377150778152e8	0.0	49.0	1.0	0.24489795918367346	0.2480948348856901	0.5833333333333334	14.0	0.01766367563472277	
5.380808598985364e8	2.183027123387494e8	3.1977814755978703e8	0.0	49.0	1.0	0.24489795918367346	0.2480948348856901	0.620253164556962	19.0	0.03955672052152682	
5.861638979339716e8	2.476434070500216e8	3.385204908839501e8	0.0	49.0	1.0	0.24489795918367346	0.2480948348856901	0.5444444444444444	10.0	0.007574025394263739	
5.324937538636519e8	2.145883713765192e8	3.1790538248713267e8	0.0	49.0	1.0	0.24489795918367346	0.2480948348856901	0.6282051282051282	20.0	0.050810359251810246	
5.73383974673542e8	2.395696978560351e8	3.338142768175069e8	0.0	49.0	1.0	0.24489795918367346	0.2480948348856901	0.5568181818181818	11.0	0.012427412131238696	
5.507647481359471e8	2.2599613746387303e8	3.24768610672074e8	0.0	49.0	1.0	0.24489795918367346	0.2480948348856901	0.5833333333333334	15.0	0.02527592577322275	
5.752370233955159e8	2.4089492930606294e8	3.343420940894531e8	0.0	49.0	1.0	0.24489795918367346	0.2480948348856901	0.5444444444444444	11.0	0.009533342335713284	
6.236650299757292e8	2.7152662652725804e8	3.5213840344847107e8	0.0	49.0	1.0	0.24489795918367346	0.2480948348856901	0.49	8.0	0.007568453518832491	
6.019577612929007e8	2.5766124672247478e8	3.4429651457042587e8	0.0	49.0	1.0	0.24489795918367346	0.2480948348856901	0.5268817204301075	9.0	0.009562557547264301	
5.729324779609381e8	2.3994824675468984e8	3.329842312062482e8	0.0	49.0	1.0	0.24489795918367346	0.2480948348856901	0.5568181818181818	12.0	0.01686677444563532	
5.733234621154869e8	2.4023609895860624e8	3.330873631568806e8	0.0	49.0	1.0	0.24489795918367346	0.2480948348856901	0.550561797752809	12.0	0.015014655169083825	
5.62397814202463e8	2.332109078965938e8	3.291869063058692e8	0.0	49.0	1.0	0.24489795918367346	0.2480948348856901	0.5697674418604651	13.0	0.014245771063028559	
5.506288579635129e8	2.2542941548023006e8	3.2519944248328274e8	0.0	49.0	1.0	0.24489795918367346	0.2480948348856901	0.5833333333333334	14.0	0.016588425531331927	
5.968598693362848e8	2.5416070792093694e8	3.426991614153478e8	0.0	49.0	1.0	0.24489795918367346	0.2480948348856901	0.532608695652174	9.0	0.006789287338590836	
5.881231843116841e8	2.4899085603350824e8	3.391323282781758e8	0.0	49.0	1.0	0.24489795918367346	0.2480948348856901	0.5444444444444444	10.0	0.01021766977514265	
5.626500916139426e8	2.3275482457951754e8	3.2989526703442514e8	0.0	49.0	1.0	0.24489795918367346	0.2480948348856901	0.5632183908045977	12.0	0.012668061637906281	
5.660789122034839e8	2.3516747448619044e8	3.309114377172935e8	0.0	49.0	1.0	0.24489795918367346	0.2480948348856901	0.5632183908045977	12.0	0.01819559272032465	
5.913700067734313e8	2.5024215888383943e8	3.411278478895919e8	0.0	49.0	1.0	0.24489795918367346	0.2480948348856901	0.532608695652174	9.0	0.008163216762629462	
6.518415388235614e8	2.875502685733981e8	3.642912702501632e8	0.0	49.0	1.0	0.24489795918367346	0.2480948348856901	0.5051546391752577	6.0	0.0008786680550864947	
5.893357410275561e8	2.4989311073051566e8	3.3944263029704046e8	0.0	49.0	1.0	0.24489795918367346	0.2480948348856901	0.5384615384615384	10.0	0.008816891517255449	
5.592253355443599e8	2.3094928841477174e8	3.282760471295881e8	0.0	49.0	1.0	0.24489795918367346	0.2480948348856901	0.5764705882352941	13.0	0.017173712610517245	
5.96625945176368e8	2.539507875848419e8	3.42675157591526e8	0.0	49.0	1.0	0.24489795918367346	0.2480948348856901	0.532608695652174	9.0	0.009101682520106937	
5.487031830986266e8	2.2493122996741414e8	3.237719531312126e8	0.0	49.0	1.0	0.24489795918367346	0.2480948348856901	0.5903614457831325	16.0	0.031010406179687495	
6.378444149088066e8	2.79713759300741e8	3.5813065560806555e8	0.0	49.0	1.0	0.24489795918367346	0.2480948348856901	0.5104166666666666	7.0	0.003790372986801557	
5.492019068978101e8	2.2485927970779693e8	3.243426271900132e8	0.0	49.0	1.0	0.24489795918367346	0.2480948348856901	0.5903614457831325	15.0	0.023394182798797167	
6.377423044496282e8	2.79733709260575e8	3.5800859518905324e8	0.0	49.0	1.0	0.24489795918367346	0.2480948348856901	0.5104166666666666	7.0	0.005801756966070198	
5.484613983090999e8	2.2433712856600562e8	3.241242697430944e8	0.0	49.0	1.0	0.24489795918367346	0.2480948348856901	0.5833333333333334	15.0	0.024121992385859724	
5.792060951983478e8	2.4360206489402765e8	3.356040303043201e8	0.0	49.0	1.0	0.24489795918367346	0.2480948348856901	0.5632183908045977	11.0	0.013273809918414108	
5.552832504169701e8	2.2910101668447354e8	3.2618223373249656e8	0.0	49.0	1.0	0.24489795918367346	0.2480948348856901	0.5903614457831325	15.0	0.02674665631062939	
5.644996473078868e8	2.340435793213687e8	3.3045606798651814e8	0.0	49.0	1.0	0.24489795918367346	0.2480948348856901	0.5632183908045977	12.0	0.011225661571509542	
5.816639312276804e8	2.4455849094057295e8	3.371054402871075e8	0.0	49.0	1.0	0.24489795918367346	0.2480948348856901	0.5444444444444444	10.0	0.009350300188674245	
5.687093808833034e8	2.3699450144141042e8	3.31714879441893e8	0.0	49.0	1.0	0.24489795918367346	0.2480948348856901	0.5632183908045977	12.0	0.015166213087681346	
5.737936425991527e8	2.3979570057036698e8	3.339979420287858e8	0.0	49.0	1.0	0.24489795918367346	0.2480948348856901	0.5568181818181818	11.0	0.009546858620969881	
5.38548922487408e8	2.1837899213929808e8	3.2016993034811e8	0.0	49.0	1.0	0.24489795918367346	0.2480948348856901	0.6125	18.0	0.04146259124779176	
5.611517100135481e8	2.3227594851546893e8	3.2887576149807924e8	0.0	49.0	1.0	0.24489795918367346	0.2480948348856901	0.5697674418604651	13.0	0.020447374679017735	
5.827889705498872e8	2.452663201289103e8	3.375226504209769e8	0.0	49.0	1.0	0.24489795918367346	0.2480948348856901	0.550561797752809	10.0	0.010886087895277851	
5.672095553622382e8	2.359755048958362e8	3.3123405046640193e8	0.0	49.0	1.0	0.24489795918367346	0.2480948348856901	0.550561797752809	12.0	0.01448603694278051	
5.497336688552302e8	2.2525070326933175e8	3.244829655858985e8	0.0	49.0	1.0	0.24489795918367346	0.2480948348856901	0.5833333333333334	15.0	0.022415512144569286	
5.993376328602499e8	2.5578060382124925e8	3.4355702903900063e8	0.0	49.0	1.0	0.24489795918367346	0.2480948348856901	0.532608695652174	9.0	0.008595072952357265	
5.590367767747352e8	2.3079688373883826e8	3.28239893035897e8	0.0	49.0	1.0	0.24489795918367346	0.2480948348856901	0.5764705882352941	13.0	0.018291408113156285	
5.708269968780197e8	2.384982232270148e8	3.323287736510049e8	0.0	49.0	1.0	0.24489795918367346	0.2480948348856901	0.5697674418604651	12.0	0.017070008735491235	
5.460290826174937e8	2.2301120661582458e8	3.230178760016692e8	0.0	49.0	1.0	0.24489795918367346	0.2480948348856901	0.5975609756097561	16.0	0.035548255631679584	
5.877728172964218e8	2.487851633731168e8	3.389876539233049e8	0.0	49.0	1.0	0.24489795918367346	0.2480948348856901	0.5444444444444444	10.0	0.003991880271189866	
6.431405352116954e8	2.8348354493211603e8	3.596569902795795e8	0.0	49.0	1.0	0.24489795918367346	0.2480948348856901	0.494949494949495	7.0	0.005024830397163699	
5.900332786010728e8	2.5029463024128425e8	3.3973864835978854e8	0.0	49.0	1.0	0.24489795918367346	0.2480948348856901	0.550561797752809	10.0	0.012669556156997878	
5.723952832990162e8	2.3885316708642322e8	3.3354211621259314e8	0.0	49.0	1.0	0.24489795918367346	0.23713710836447255	0.5568181818181818	11.0	0.013682211152231769	
6.094402425740482e8	2.61667904451725e8	3.477723381223232e8	0.0	49.0	1.0	0.24489795918367346	0.23713710836447255	0.5157894736842106	8.0	0.004505491426914066	
5.368667049147858e8	2.1747023461960086e8	3.1939647029518497e8	0.0	49.0	1.0	0.24489795918367346	0.23713710836447255	0.6125	19.0	0.03957550147027592	
6.0693755109266e8	2.6105392669491896e8	3.458836243977411e8	0.0	49.0	1.0	0.24489795918367346	0.23713710836447255	0.5268817204301075	9.0	0.013435354303426234	
6.091375614698931e8	2.6143173430977196e8	3.4770582716012114e8	0.0	49.0	1.0	0.24489795918367346	0.23713710836447255	0.5212765957446809	8.0	0.005718099484153671	
5.578593946813596e8	2.3049359005540276e8	3.2736580462595683e8	0.0	49.0	1.0	0.24489795918367346	0.23713710836447255	0.5764705882352941	14.0	0.019080190590376092	
5.432388501029545e8	2.2103846592419964e8	3.222003841787549e8	0.0	49.0	1.0	0.24489795918367346	0.23713710836447255	0.5975609756097561	16.0	0.02671589131610829	
5.792280640889473e8	2.4361856283991078e8	3.3560950124903655e8	0.0	49.0	1.0	0.24489795918367346	0.23713710836447255	0.550561797752809	11.0	0.014301602504195217	
5.677406712394831e8	2.3629433791771576e8	3.3144633332176745e8	0.0	49.0	1.0	0.24489795918367346	0.23713710836447255	0.5632183908045977	12.0	0.02159272341995684	
5.606161923359084e8	2.319078772412959e8	3.287083150946125e8	0.0	49.0	1.0	0.24489795918367346	0.23713710836447255	0.5697674418604651	13.0	0.01956748873808885	
5.656232378040705e8	2.3482719940461183e8	3.3079603839945877e8	0.0	49.0	1.0	0.24489795918367346	0.23713710836447255	0.5697674418604651	12.0	0.017342031432302504	
5.799082200549433e8	2.4408366692712784e8	3.358245531278154e8	0.0	49.0	1.0	0.24489795918367346	0.23713710836447255	0.550561797752809	11.0	0.011222394198511367	
5.635280502215786e8	2.333443416052765e8	3.3018370861630213e8	0.0	49.0	1.0	0.24489795918367346	0.23713710836447255	0.5697674418604651	12.0	0.011034984493950325	
5.435622773058795e8	2.2128040789045376e8	3.222818694154257e8	0.0	49.0	1.0	0.24489795918367346	0.23713710836447255	0.5903614457831325	16.0	0.027708752822960512	
5.469159556509554e8	2.2364201555835748e8	3.232739400925981e8	0.0	49.0	1.0	0.24489795918367346	0.23713710836447255	0.5903614457831325	16.0	0.03222278289462993	
5.52600537910526e8	2.2680045531524566e8	3.258000825952805e8	0.0	49.0	1.0	0.24489795918367346	0.23713710836447255	0.5833333333333334	14.0	0.021141634894698627	
5.659270503984647e8	2.3503111774949616e8	3.3089593264896846e8	0.0	49.0	1.0	0.24489795918367346	0.23713710836447255	0.5697674418604651	12.0	0.016067597077454112	
5.806945050455903e8	2.4379867972231564e8	3.3689582532327455e8	0.0	49.0	1.0	0.24489795918367346	0.23713710836447255	0.550561797752809	10.0	0.010877828110930177	
5.654861965438346e8	2.347249104933743e8	3.307612860504603e8	0.0	49.0	1.0	0.24489795918367346	0.23713710836447255	0.5632183908045977	12.0	0.014590469469361244	
5.948007076869597e8	2.526299295477584e8	3.421707781392014e8	0.0	49.0	1.0	0.24489795918367346	0.23713710836447255	0.550561797752809	9.0	0.006733066892602688	
5.721928594876649e8	2.39397713761724e8	3.32795145725941e8	0.0	49.0	1.0	0.24489795918367346	0.23713710836447255	0.5632183908045977	12.0	0.01620735687652829	
5.766373981379067e8	2.4185173095403397e8	3.3478566718387264e8	0.0	49.0	1.0	0.24489795918367346	0.23713710836447255	0.550561797752809	11.0	0.013925533818174112	
5.770497159128363e8	2.4210858697693938e8	3.34941128935897e8	0.0	49.0	1.0	0.24489795918367346	0.23713710836447255	0.5632183908045977	11.0	0.009792707503821019	
5.974586274721584e8	2.5447937665430167e8	3.429792508178568e8	0.0	49.0	1.0	0.24489795918367346	0.23713710836447255	0.5444444444444444	9.0	0.007139364185402708	
5.677751892258954e8	2.3633690420131704e8	3.3143828502457845e8	0.0	49.0	1.0	0.24489795918367346	0.23713710836447255	0.5697674418604651	12.0	0.01709523509196639	
5.744932726163306e8	2.4031913671163562e8	3.34174135904695e8	0.0	49.0	1.0	0.24489795918367346	0.23713710836447255	0.550561797752809	11.0	0.011155131786853763	
5.552973814639984e8	2.2870158056699485e8	3.2659580089700353e8	0.0	49.0	1.0	0.24489795918367346	0.23713710836447255	0.5833333333333334	14.0	0.017568128657605205	
6.094265209832289e8	2.6163046927084023e8	3.4779605171238875e8	0.0	49.0	1.0	0.24489795918367346	0.23713710836447255	0.5157894736842106	8.0	0.0038983372852246486	
5.869857399083536e8	2.482333781159852e8	3.387523617923684e8	0.0	49.0	1.0	0.24489795918367346	0.23713710836447255	0.532608695652174	10.0	0.011223345506717728	
5.662168177619786e8	2.3524470112725133e8	3.309721166347272e8	0.0	49.0	1.0	0.24489795918367346	0.23713710836447255	0.5632183908045977	12.0	0.015288939163871447	
5.551414754080489e8	2.285792586920123e8	3.265622167160365e8	0.0	49.0	1.0	0.24489795918367346	0.23713710836447255	0.5833333333333334	14.0	0.02163134745632649	
5.690599196103456e8	2.3723313945066363e8	3.31826780159682e8	0.0	49.0	1.0	0.24489795918367346	0.23713710836447255	0.5632183908045977	12.0	0.01595644941080524	
5.978548481037898e8	2.547225465950547e8	3.431323015087351e8	0.0	49.0	1.0	0.24489795918367346	0.23713710836447255	0.5384615384615384	9.0	0.010094262307461136	
5.542345865035226e8	2.279445775980499e8	3.2629000890547264e8	0.0	49.0	1.0	0.24489795918367346	0.23713710836447255	0.5764705882352941	14.0	0.01812404909341238	
5.438951760763333e8	2.2150670884429675e8	3.2238846723203635e8	0.0	49.0	1.0	0.24489795918367346	0.23713710836447255	0.5975609756097561	16.0	0.038698470157559235	
5.564780197718102e8	2.290141865961814e8	3.274638331756288e8	0.0	49.0	1.0	0.24489795918367346	0.23713710836447255	0.5697674418604651	13.0	0.016351225531620515	
5.537065607868603e8	2.2756535177205384e8	3.2614120901480645e8	0.0	49.0	1.0	0.24489795918367346	0.23713710836447255	0.5833333333333334	14.0	0.020666737387118918	
5.893955533011155e8	2.499047622130254e8	3.3949079108809006e8	0.0	49.0	1.0	0.24489795918367346	0.23713710836447255	0.5444444444444444	10.0	0.008677899223550624	
5.379095326973057e8	2.1792702214126813e8	3.1998251055603755e8	0.0	49.0	1.0	0.24489795918367346	0.23713710836447255	0.6125	18.0	0.037865998249410594	
6.155764636989169e8	2.657649045261734e8	3.4981155917274344e8	0.0	49.0	1.0	0.24489795918367346	0.23713710836447255	0.5384615384615384	8.0	0.0065272552212196485	
5.609981884880128e8	2.3215844701667306e8	3.2883974147133976e8	0.0	49.0	1.0	0.24489795918367346	0.23713710836447255	0.5764705882352941	13.0	0.019262057045024043	
5.63278907794666e8	2.3379027385044265e8	3.2948863394422334e8	0.0	49.0	1.0	0.24489795918367346	0.23713710836447255	0.5632183908045977	13.0	0.015227795894372754	
5.541038283211148e8	2.2785092937672737e8	3.2625289894438744e8	0.0	49.0	1.0	0.24489795918367346	0.23713710836447255	0.5764705882352941	14.0	0.023448117268383497	
5.744007401687174e8	2.402599356725869e8	3.3414080449613047e8	0.0	49.0	1.0	0.24489795918367346	0.23713710836447255	0.5568181818181818	11.0	0.011532539089801218	
5.582179936269908e8	2.307561716749041e8	3.274618219520867e8	0.0	49.0	1.0	0.24489795918367346	0.23713710836447255	0.5764705882352941	14.0	0.024088088251594263	
5.854729793366368e8	2.4713337263979486e8	3.3833960669684196e8	0.0	49.0	1.0	0.24489795918367346	0.23713710836447255	0.550561797752809	10.0	0.008730036326699992	
5.509795435283535e8	2.2611839580854195e8	3.248611477198115e8	0.0	49.0	1.0	0.24489795918367346	0.23713710836447255	0.5833333333333334	15.0	0.024761186696584597	
6.350966637386508e8	2.779246994026677e8	3.5717196433598316e8	0.0	49.0	1.0	0.24489795918367346	0.23713710836447255	0.494949494949495	7.0	0.004783659234370439	
6.066353045622509e8	2.5967080325784189e8	3.4696450130440897e8	0.0	49.0	1.0	0.24489795918367346	0.23713710836447255	0.532608695652174	8.0	0.005562063195833273	
5.699707584113709e8	2.3785922153165245e8	3.321115368797184e8	0.0	49.0	1.0	0.24489795918367346	0.23713710836447255	0.5632183908045977	12.0	0.013076776865747836	
5.794292820585501e8	2.438092257549643e8	3.3562005630358577e8	0.0	49.0	1.0	0.24489795918367346	0.2642754662840746	0.5568181818181818	11.0	0.012515084946196318	
5.801128366254829e8	2.434136247513737e8	3.3669921187410915e8	0.0	49.0	1.0	0.24489795918367346	0.2642754662840746	0.550561797752809	10.0	0.01145833763064097	
5.526665063539689e8	2.2740524391960502e8	3.2526126243436384e8	0.0	49.0	1.0	0.24489795918367346	0.2642754662840746	0.5697674418604651	15.0	0.025588287801335093	
5.414760488915567e8	2.2018504614174923e8	3.212910027498076e8	0.0	49.0	1.0	0.24489795918367346	0.2642754662840746	0.6049382716049383	17.0	0.027596121428707206	
5.701476562043879e8	2.3806225042436385e8	3.32085405780024e8	0.0	49.0	1.0	0.24489795918367346	0.2642754662840746	0.5632183908045977	12.0	0.018487738120582586	
5.865771164030013e8	2.48037543489855e8	3.3853957291314614e8	0.0	49.0	1.0	0.24489795918367346	0.2642754662840746	0.5384615384615384	10.0	0.006185533641769063	
5.820600444453142e8	2.457064516538915e8	3.363535927914226e8	1.0	48.0	1.0	0.24489795918367346	0.2642754662840746	0.5444444444444444	11.0	0.0171332483459129	
5.443460523655672e8	2.2219445844419706e8	3.2215159392137015e8	0.0	49.0	1.0	0.24489795918367346	0.2642754662840746	0.6049382716049383	17.0	0.030885193166910952	
6.018999367777699e8	2.5773625452292484e8	3.4416368225484514e8	1.0	48.0	1.0	0.24489795918367346	0.2642754662840746	0.5212765957446809	9.0	0.006775526652087938	
5.513671194283183e8	2.2594494417418623e8	3.2542217525413203e8	0.0	49.0	1.0	0.24489795918367346	0.2642754662840746	0.5833333333333334	14.0	0.0221859398337726	
5.520646889274855e8	2.268967890748173e8	3.2516789985266817e8	0.0	49.0	1.0	0.24489795918367346	0.2642754662840746	0.5903614457831325	15.0	0.024660005151921828	
5.667675222152188e8	2.3569731783877757e8	3.310702043764411e8	0.0	49.0	1.0	0.24489795918367346	0.2642754662840746	0.5632183908045977	12.0	0.019748015624328586	
6.058231613798342e8	2.6051721011043513e8	3.4530595126939905e8	1.0	48.0	1.0	0.24489795918367346	0.2642754662840746	0.5268817204301075	9.0	0.009080861765973556	
5.888795811562445e8	2.4958972303161538e8	3.3928985812462914e8	0.0	49.0	1.0	0.24489795918367346	0.2642754662840746	0.532608695652174	10.0	0.010756070693066817	
5.729751987111976e8	2.39330732564443e8	3.336444661467547e8	0.0	49.0	1.0	0.24489795918367346	0.2642754662840746	0.550561797752809	11.0	0.011058804284418376	
5.569287092871481e8	2.2934213137200356e8	3.275865779151445e8	0.0	49.0	1.0	0.24489795918367346	0.2642754662840746	0.5764705882352941	13.0	0.012440650332756577	
5.620477252210634e8	2.3296353309951395e8	3.2908419212154937e8	0.0	49.0	1.0	0.24489795918367346	0.2642754662840746	0.5632183908045977	13.0	0.013856860804529754	
5.752842222967749e8	2.4092228286544964e8	3.343619394313252e8	0.0	49.0	1.0	0.24489795918367346	0.2642754662840746	0.5568181818181818	11.0	0.012920986110739918	
5.62245106273524e8	2.3309587675460666e8	3.291492295189173e8	0.0	49.0	1.0	0.24489795918367346	0.2642754662840746	0.5697674418604651	13.0	0.015311249976430644	
5.767020394477341e8	2.418807777650612e8	3.3482126168267286e8	0.0	49.0	1.0	0.24489795918367346	0.2642754662840746	0.5568181818181818	11.0	0.014010362157421885	
6.04312065561075e8	2.591783971320683e8	3.451336684290067e8	0.0	49.0	1.0	0.24489795918367346	0.2642754662840746	0.5384615384615384	9.0	0.012189260024284509	
5.573230120697764e8	2.3012577280704284e8	3.271972392627336e8	0.0	49.0	1.0	0.24489795918367346	0.2642754662840746	0.5764705882352941	14.0	0.024793251607160123	
6.420109877316346e8	2.8284603479102266e8	3.5916495294061196e8	1.0	48.0	1.0	0.24489795918367346	0.2642754662840746	0.494949494949495	7.0	0.006902653093966162	
5.655472751996291e8	2.354122892130316e8	3.301349859865974e8	0.0	49.0	1.0	0.24489795918367346	0.2642754662840746	0.5697674418604651	13.0	0.01924072514989182	
5.702606922510834e8	2.3815444321339706e8	3.3210624903768635e8	0.0	49.0	1.0	0.24489795918367346	0.2642754662840746	0.5568181818181818	12.0	0.014338736221438915	
5.597124308363783e8	2.3175641133131766e8	3.279560195050607e8	0.0	49.0	1.0	0.24489795918367346	0.2642754662840746	0.5833333333333334	14.0	0.03086823692015983	
5.439770011650932e8	2.2194106915740874e8	3.2203593200768435e8	0.0	49.0	1.0	0.24489795918367346	0.2642754662840746	0.5975609756097561	17.0	0.02847290369994674	
6.204517711001109e8	2.6921150669079125e8	3.5124026440931976e8	0.0	49.0	1.0	0.24489795918367346	0.2642754662840746	0.5157894736842106	8.0	0.008026820725018426	
5.461169057492114e8	2.230809226065974e8	3.230359831426141e8	0.0	49.0	1.0	0.24489795918367346	0.2642754662840746	0.5975609756097561	16.0	0.026442396735377148	
6.038472824777484e8	2.5898021392780596e8	3.4486706854994243e8	0.0	49.0	1.0	0.24489795918367346	0.2642754662840746	0.5268817204301075	9.0	0.008159922313981612	
5.604367925825224e8	2.318331439449318e8	3.2860364863759047e8	0.0	49.0	1.0	0.24489795918367346	0.2642754662840746	0.5697674418604651	13.0	0.014544361079398492	
5.593861755319889e8	2.310917820659725e8	3.2829439346601653e8	0.0	49.0	1.0	0.24489795918367346	0.2642754662840746	0.5568181818181818	13.0	0.019549934262507236	
5.529375993279488e8	2.275777862826971e8	3.253598130452517e8	0.0	49.0	1.0	0.24489795918367346	0.2642754662840746	0.5764705882352941	15.0	0.02179250347241438	
6.06991545711438e8	2.6121700035053512e8	3.4577454536090285e8	1.0	48.0	1.0	0.24489795918367346	0.2642754662840746	0.5157894736842106	9.0	0.007121424199133038	
5.768323882187719e8	2.4204277775974053e8	3.347896104590314e8	0.0	49.0	1.0	0.24489795918367346	0.2642754662840746	0.5568181818181818	11.0	0.014725689246978632	
5.69304367705908e8	2.3794235434336248e8	3.313620133625455e8	0.0	49.0	1.0	0.24489795918367346	0.2642754662840746	0.5632183908045977	13.0	0.02553134834994695	
5.674844154998899e8	2.3614199761262208e8	3.3134241788726777e8	0.0	49.0	1.0	0.24489795918367346	0.2642754662840746	0.5632183908045977	12.0	0.015631623173964364	
5.61889855810084e8	2.3282646637961447e8	3.2906338943046945e8	0.0	49.0	1.0	0.24489795918367346	0.2642754662840746	0.5697674418604651	13.0	0.020803803240480027	
6.121857097271199e8	2.6358144601869902e8	3.4860426370842105e8	0.0	49.0	1.0	0.24489795918367346	0.2642754662840746	0.5157894736842106	8.0	0.006631874361466197	
6.042076424677233e8	2.6006387601419592e8	3.4414376645352733e8	0.0	49.0	1.0	0.24489795918367346	0.2642754662840746	0.532608695652174	10.0	0.014792833947166888	
5.460936067149434e8	2.2347930278400025e8	3.2261430393094325e8	0.0	49.0	1.0	0.24489795918367346	0.2642754662840746	0.5975609756097561	17.0	0.02920116572650885	
7.704469736828296e8	3.6386723297670007e8	4.065797407061295e8	6.0	43.0	1.0	0.24489795918367346	0.2642754662840746	0.44954128440366975	4.0	0.002550630786046091	
5.780880875332904e8	2.4287400262418213e8	3.352140849091083e8	0.0	49.0	1.0	0.24489795918367346	0.2642754662840746	0.550561797752809	11.0	0.010557087946939554	
5.722341402134571e8	2.395110603919844e8	3.3272307982147264e8	0.0	49.0	1.0	0.24489795918367346	0.2642754662840746	0.5444444444444444	12.0	0.013051396867512525	
5.59514545912567e8	2.311401183019499e8	3.2837442761061716e8	0.0	49.0	1.0	0.24489795918367346	0.2642754662840746	0.5764705882352941	13.0	0.02063115546044946	
5.551356845355656e8	2.286072263425266e8	3.26528458193039e8	0.0	49.0	1.0	0.24489795918367346	0.2642754662840746	0.5764705882352941	14.0	0.020860068906865967	
5.962188286711893e8	2.5448002228226444e8	3.417388063889249e8	0.0	49.0	1.0	0.24489795918367346	0.2642754662840746	0.532608695652174	10.0	0.013877732643472755	
5.549979460785791e8	2.2849931617209777e8	3.2649862990648127e8	0.0	49.0	1.0	0.24489795918367346	0.2642754662840746	0.5833333333333334	14.0	0.026772098496122772	
5.786965446831627e8	2.4334523587284523e8	3.353513088103174e8	1.0	48.0	1.0	0.24489795918367346	0.2642754662840746	0.550561797752809	11.0	0.014167267277503027	
5.567545637902291e8	2.2973075456810215e8	3.2702380922212696e8	0.0	49.0	1.0	0.24489795918367346	0.2642754662840746	0.5833333333333334	14.0	0.01929988906378168	
5.690161975831106e8	2.3715915925761968e8	3.3185703832549095e8	0.0	49.0	1.0	0.24489795918367346	0.24208461753992716	0.5697674418604651	12.0	0.018623792865704748	
5.605859240749035e8	2.3192278289874735e8	3.286631411761563e8	0.0	49.0	1.0	0.24489795918367346	0.24208461753992716	0.5697674418604651	13.0	0.018342511553252585	
5.923127908213522e8	2.5089495439337778e8	3.4141783642797434e8	0.0	49.0	1.0	0.24489795918367346	0.24208461753992716	0.550561797752809	9.0	0.006525269638652862	
5.729572758516088e8	2.393225725329318e8	3.3363470331867695e8	0.0	49.0	1.0	0.24489795918367346	0.24208461753992716	0.550561797752809	11.0	0.012380996687988935	
5.608053008020341e8	2.3212361100065044e8	3.2868168980138373e8	0.0	49.0	1.0	0.24489795918367346	0.24208461753992716	0.5764705882352941	13.0	0.018978783104740608	
6.000810080005519e8	2.5650304603858957e8	3.435779619619624e8	1.0	48.0	1.0	0.24489795918367346	0.24208461753992716	0.5212765957446809	9.0	0.006956578853223174	
5.933076900919504e8	2.5161425918167478e8	3.416934309102756e8	0.0	49.0	1.0	0.24489795918367346	0.24208461753992716	0.5384615384615384	9.0	0.005904346194524765	
5.676749126372207e8	2.3628045692479354e8	3.3139445571242714e8	0.0	49.0	1.0	0.24489795918367346	0.24208461753992716	0.5632183908045977	12.0	0.022007163649333954	
5.425295682499748e8	2.208965250093282e8	3.2163304324064666e8	0.0	49.0	1.0	0.24489795918367346	0.24208461753992716	0.6049382716049383	17.0	0.03064685138248519	
5.439665118843174e8	2.2194525072404242e8	3.22021261160275e8	0.0	49.0	1.0	0.24489795918367346	0.24208461753992716	0.6049382716049383	17.0	0.03157030359429405	
5.576644372147222e8	2.3041008454807445e8	3.2725435266664773e8	0.0	49.0	1.0	0.24489795918367346	0.24208461753992716	0.5764705882352941	14.0	0.020897169193400355	
5.471455436129665e8	2.238655790111301e8	3.2327996460183644e8	0.0	49.0	1.0	0.24489795918367346	0.24208461753992716	0.5975609756097561	16.0	0.026523747148805527	
5.491861763701524e8	2.2492652174092212e8	3.242596546292302e8	0.0	49.0	1.0	0.24489795918367346	0.24208461753992716	0.5903614457831325	15.0	0.019953045835184022	
6.08703411534013e8	2.61233486440733e8	3.4746992509328e8	1.0	48.0	1.0	0.24489795918367346	0.24208461753992716	0.5268817204301075	8.0	0.007150251164735585	
5.783038436887556e8	2.4313181307577595e8	3.3517203061297977e8	1.0	48.0	1.0	0.24489795918367346	0.24208461753992716	0.5444444444444444	11.0	0.012686989092660911	
5.398196454081634e8	2.1929319762078354e8	3.205264477873799e8	0.0	49.0	1.0	0.24489795918367346	0.24208461753992716	0.6125	18.0	0.029927186368883786	
5.857074864586737e8	2.482698428665946e8	3.374376435920791e8	1.0	48.0	1.0	0.24489795918367346	0.24208461753992716	0.5384615384615384	11.0	0.01761472878532365	
5.733296161153443e8	2.3951431378931934e8	3.3381530232602507e8	0.0	49.0	1.0	0.24489795918367346	0.24208461753992716	0.5632183908045977	11.0	0.01346578641817234	
8.543512617320695e8	4.1733177371019566e8	4.370194880218739e8	16.0	33.0	1.0	0.24489795918367346	0.24208461753992716	0.4375	3.0	0.0003667091836734694	
5.599387412711685e8	2.32104635497833e8	3.278341057733355e8	1.0	48.0	1.0	0.24489795918367346	0.24208461753992716	0.5764705882352941	14.0	0.020257906703291	
5.829669150506533e8	2.4639382382121542e8	3.365730912294378e8	1.0	48.0	1.0	0.24489795918367346	0.24208461753992716	0.5444444444444444	11.0	0.013951289818431026	
5.822527662350571e8	2.449549856306634e8	3.372977806043937e8	0.0	49.0	1.0	0.24489795918367346	0.24208461753992716	0.5444444444444444	10.0	0.012037552426568444	
5.536718901732688e8	2.2760560226877654e8	3.260662879044923e8	0.0	49.0	1.0	0.24489795918367346	0.24208461753992716	0.5833333333333334	14.0	0.017866937805342833	
5.400871807915876e8	2.1942048181243774e8	3.2066669897914976e8	0.0	49.0	1.0	0.24489795918367346	0.24208461753992716	0.6049382716049383	18.0	0.053324657042395626	
5.835911678333795e8	2.4588179432235003e8	3.377093735110295e8	0.0	49.0	1.0	0.24489795918367346	0.24208461753992716	0.550561797752809	10.0	0.010232976832951227	
5.640062335330704e8	2.343287177863516e8	3.2967751574671894e8	0.0	49.0	1.0	0.24489795918367346	0.24208461753992716	0.5697674418604651	13.0	0.01936338754019602	
5.863548993889984e8	2.479355984894511e8	3.3841930089954716e8	1.0	48.0	1.0	0.24489795918367346	0.24208461753992716	0.5444444444444444	10.0	0.012160272684736554	
6.090363526163169e8	2.6130890721727297e8	3.477274453990439e8	0.0	49.0	1.0	0.24489795918367346	0.24208461753992716	0.532608695652174	8.0	0.0055447261384981295	
5.997171075305529e8	2.5609526690985727e8	3.4362184062069553e8	0.0	49.0	1.0	0.24489795918367346	0.24208461753992716	0.5212765957446809	9.0	0.007282737654617357	
6.293462767807e8	2.739654470051766e8	3.5538082977552336e8	0.0	49.0	1.0	0.24489795918367346	0.24208461753992716	0.5268817204301075	7.0	0.0037616066876548244	
6.581275146119471e8	2.9216920424222565e8	3.6595831036972135e8	1.0	48.0	1.0	0.24489795918367346	0.24208461753992716	0.4803921568627451	6.0	0.002735072483489091	
5.850933350032132e8	2.4704718525119185e8	3.380461497520212e8	1.0	48.0	1.0	0.24489795918367346	0.24208461753992716	0.550561797752809	10.0	0.00909120494076187	
5.609634952594314e8	2.322983892576403e8	3.28665106001791e8	1.0	48.0	1.0	0.24489795918367346	0.24208461753992716	0.5697674418604651	13.0	0.015813170363699187	
5.858075173107574e8	2.4747942953221685e8	3.3832808777854055e8	0.0	49.0	1.0	0.24489795918367346	0.24208461753992716	0.5444444444444444	10.0	0.00784241485772098	
5.677168678605386e8	2.3629621135364342e8	3.314206565068953e8	0.0	49.0	1.0	0.24489795918367346	0.24208461753992716	0.5632183908045977	12.0	0.018781840189323377	
5.61256100550301e8	2.327089987817515e8	3.285471017685494e8	0.0	49.0	1.0	0.24489795918367346	0.24208461753992716	0.5764705882352941	14.0	0.029177938113026675	
5.382831885961423e8	2.1829651811785293e8	3.199866704782893e8	1.0	48.0	1.0	0.24489795918367346	0.24208461753992716	0.6049382716049383	18.0	0.028623103395168353	
5.614534591456518e8	2.325506838870964e8	3.289027752585554e8	0.0	49.0	1.0	0.24489795918367346	0.24208461753992716	0.5632183908045977	13.0	0.013349089457645852	
6.003491340949781e8	2.5660562608615234e8	3.437435080088257e8	1.0	48.0	1.0	0.24489795918367346	0.24208461753992716	0.532608695652174	9.0	0.007116133224408664	
5.505929826678836e8	2.2596310496993e8	3.246298776979536e8	1.0	48.0	1.0	0.24489795918367346	0.24208461753992716	0.5833333333333334	15.0	0.023142374527892428	
5.778427739478222e8	2.4279436401640803e8	3.350484099314142e8	1.0	48.0	1.0	0.24489795918367346	0.24208461753992716	0.550561797752809	11.0	0.011510107045821331	
5.632979080528122e8	2.331916572907084e8	3.301062507621038e8	0.0	49.0	1.0	0.24489795918367346	0.24208461753992716	0.5697674418604651	12.0	0.013566943387182551	
5.873311888484919e8	2.4850173500256675e8	3.3882945384592515e8	0.0	49.0	1.0	0.24489795918367346	0.24208461753992716	0.5384615384615384	10.0	0.008841722289649656	
5.892215030630648e8	2.5023277098655254e8	3.389887320765122e8	0.0	49.0	1.0	0.24489795918367346	0.24208461753992716	0.5568181818181818	11.0	0.019586950783843447	
5.488229370615058e8	2.2500094893490463e8	3.238219881266012e8	0.0	49.0	1.0	0.24489795918367346	0.24208461753992716	0.5903614457831325	16.0	0.03145931497757355	
5.953581319905021e8	2.531924641514435e8	3.421656678390585e8	1.0	48.0	1.0	0.24489795918367346	0.24208461753992716	0.532608695652174	9.0	0.0060359694607143586	
5.666272780573685e8	2.3555688845116898e8	3.310703896061995e8	0.0	49.0	1.0	0.24489795918367346	0.24208461753992716	0.5697674418604651	12.0	0.010539346881398147	
5.411790691271307e8	2.2002228602239084e8	3.2115678310473984e8	0.0	49.0	1.0	0.24489795918367346	0.24208461753992716	0.5975609756097561	17.0	0.028174836516939805	
5.42283905360863e8	2.207849198790795e8	3.2149898548178345e8	0.0	49.0	1.0	0.24489795918367346	0.24208461753992716	0.6049382716049383	17.0	0.02843911526936903	
5.678640685944953e8	2.3650175549689224e8	3.313623130976031e8	1.0	48.0	1.0	0.24489795918367346	0.24208461753992716	0.5632183908045977	12.0	0.01639770202954602	
nothing